# Raw Asset Values
-280.0
780.0
696.0
900.0
681.0
622.0
1311.0
637.0
675.0
228.0
1018.0
1137.0
-682.0
132.0
-19.0
1183.0
-203.0
872.0
787.0
716.0
257.0
153.0
840.0
2136.0
902.0
128.0
175.0
704.0
-1256.0
485.0
-627.0
-364.0
2414.0
1181.0
731.0
718.0
9.0
799.0
-81.0
1669.0
1448.0
931.0
-89.0
-520.0
-70.0
1465.0
1270.0
35.0
-580.0
707.0
-49.0
1128.0
919.0
-243.0
431.0
745.0
1137.0
598.0
1215.0
-865.0
-1046.0
-163.0
514.0
1125.0
459.0
-1240.0
650.0
-185.0
1728.0
816.0
469.0
2024.0
884.0
578.0
675.0
763.0
3.0
667.0
1030.0
1792.0
530.0
405.0
949.0
283.0
1253.0
1238.0
1938.0
1229.0
1297.0
1562.0
-161.0
1907.0
-10.0
1657.0
96.0
243.0
136.0
810.0
-58.0
1129.0
1005.0
-23.0
188.0
-166.0
419.0
164.0
-160.0
188.0
502.0
-1848.0
-13.0
256.0
-484.0
1406.0
47.0
-567.0
125.0
1253.0
1165.0
1070.0
1029.0
348.0
60.0
1958.0
763.0
-522.0
659.0
317.0
-118.0
-263.0
579.0
-136.0
1776.0
593.0
102.0
-399.0
965.0
1023.0
2239.0
1455.0
1002.0
-184.0
539.0
1534.0
1539.0
2354.0
-82.0
1903.0
1906.0
-31.0
173.0
885.0
1035.0
911.0
1067.0
1464.0
1560.0
1236.0
829.0
-76.0
2025.0
-103.0
950.0
-1107.0
299.0
503.0
1782.0
818.0
473.0
1103.0
-147.0
581.0
-180.0
1615.0
1505.0
694.0
-219.0
-389.0
581.0
-406.0
534.0
-1200.0
311.0
1186.0
-215.0
987.0
1095.0
620.0
316.0
914.0
-307.0
-22.0
1933.0
789.0
255.0
-784.0
435.0
-737.0
1493.0
1051.0
459.0
2735.0
5.0
2162.0
626.0
1045.0
2657.0
997.0
-710.0
293.0
1752.0
480.0
836.0
382.0
211.0
72.0
511.0
587.0
-52.0
538.0
304.0
280.0
1669.0
1388.0
-500.0
639.0
1000.0
2116.0
1213.0
2449.0
1348.0
554.0
-197.0
1618.0
-657.0
1015.0
-167.0
551.0
-404.0
2317.0
584.0
944.0
761.0
303.0
1001.0
849.0
189.0
-246.0
751.0
467.0
1447.0
751.0
349.0
1217.0
-606.0
654.0
-400.0
388.0
295.0
15.0
-439.0
537.0
1135.0
3506.0
-165.0
479.0
916.0
-510.0
487.0
1598.0
316.0
69.0
1305.0
1129.0
1761.0
1065.0
946.0
1340.0
813.0
1629.0
-599.0
376.0
1236.0
1780.0
-43.0
-297.0
517.0
2644.0
2771.0
1262.0
-406.0
249.0
1687.0
1720.0
-720.0
600.0
-394.0
-319.0
788.0
-702.0
139.0
1306.0
536.0
-3.0
1877.0
2268.0
-589.0
-274.0
-30.0
1762.0
-151.0
-669.0
1179.0
119.0
2061.0
2178.0
59.0
1584.0
1605.0
246.0
1925.0
1172.0
283.0
591.0
791.0
1752.0
117.0
-193.0
1737.0
1485.0
-140.0
-1617.0
1089.0
854.0
-1095.0
-187.0
106.0
2073.0
2.0
-719.0
1278.0
564.0
1095.0
-674.0
1177.0
-106.0
2243.0
125.0
925.0
955.0
709.0
1773.0
140.0
674.0
823.0
-246.0
1314.0
904.0
58.0
-319.0
2554.0
-146.0
502.0
1661.0
1155.0
852.0
63.0
1323.0
359.0
1432.0
516.0
736.0
267.0
1562.0
-832.0
-232.0
1228.0
-1108.0
70.0
787.0
1516.0
-399.0
1468.0
1245.0
698.0
1276.0
915.0
950.0
161.0
-624.0
275.0
1129.0
73.0
1084.0
776.0
244.0
630.0
1307.0
314.0
1177.0
1027.0
402.0
204.0
133.0
269.0
2147.0
2344.0
-311.0
1593.0
129.0
2002.0
1808.0
185.0
1198.0
1469.0
1412.0
402.0
662.0
128.0
247.0
-143.0
691.0
908.0
1146.0
-185.0
-556.0
2618.0
559.0
573.0
-96.0
58.0
499.0
-614.0
1055.0
-713.0
-66.0
1879.0
246.0
104.0
201.0
676.0
255.0
239.0
1575.0
1765.0
295.0
-559.0
721.0
902.0
688.0
-337.0
2050.0
265.0
373.0
-907.0
436.0
874.0
273.0
293.0
882.0
1560.0
-1123.0
10.0
594.0
1106.0
981.0
2273.0
-720.0
1541.0
-238.0
1153.0
95.0
693.0
-830.0
1011.0
900.0
-416.0
-115.0
156.0
-330.0
550.0
261.0
727.0
701.0
-287.0
786.0
1484.0
103.0
1107.0
1037.0
904.0
1011.0
607.0
-1080.0
1065.0
679.0
117.0
1156.0
-157.0
272.0
1614.0
583.0
154.0
472.0
1833.0
-453.0
1516.0
280.0
138.0
995.0
246.0
-1019.0
512.0
1374.0
268.0
-632.0
2610.0
756.0
637.0
-159.0
1294.0
1328.0
887.0
396.0
1323.0
2481.0
902.0
3824.0
-151.0
-311.0
1009.0
1161.0
1713.0
1280.0
69.0
546.0
1189.0
-175.0
69.0
2494.0
58.0
-513.0
-817.0
313.0
272.0
1510.0
297.0
354.0
-580.0
-166.0
-211.0
621.0
1167.0
1086.0
808.0
-682.0
850.0
1373.0
-138.0
42.0
-872.0
256.0
397.0
299.0
2501.0
1532.0
1196.0
1094.0
1337.0
382.0
120.0
1209.0
505.0
1183.0
218.0
-759.0
219.0
385.0
1564.0
569.0
138.0
-227.0
-310.0
727.0
2026.0
1585.0
-1054.0
124.0
-388.0
616.0
1698.0
528.0
1600.0
542.0
1227.0
-175.0
481.0
570.0
1229.0
2197.0
1117.0
-114.0
495.0
269.0
1046.0
751.0
-641.0
1528.0
71.0
702.0
717.0
-250.0
1879.0
1912.0
-438.0
454.0
1128.0
206.0
-959.0
735.0
1114.0
1019.0
531.0
-59.0
-410.0
1681.0
1785.0
-767.0
1758.0
-320.0
-1119.0
438.0
565.0
125.0
-848.0
-844.0
1274.0
1098.0
1313.0
-608.0
-162.0
1922.0
679.0
1554.0
1659.0
449.0
-243.0
366.0
-382.0
118.0
60.0
795.0
-300.0
549.0
959.0
1083.0
278.0
407.0
828.0
1502.0
3114.0
831.0
1189.0
1107.0
14.0
542.0
366.0
378.0
360.0
36.0
391.0
1133.0
1047.0
1749.0
-139.0
533.0
576.0
-973.0
-230.0
449.0
821.0
768.0
-392.0
737.0
27.0
395.0
1528.0
1319.0
1885.0
-720.0
-7.0
276.0
14.0
823.0
400.0
2235.0
90.0
-206.0
2348.0
175.0
1474.0
-355.0
-1739.0
1884.0
676.0
122.0
-326.0
-426.0
1351.0
-1011.0
-609.0
664.0
1504.0
-157.0
-449.0
1619.0
337.0
259.0
-365.0
1115.0
1493.0
1806.0
723.0
1124.0
1156.0
1421.0
562.0
-13.0
1167.0
366.0
431.0
-491.0
237.0
772.0
1313.0
422.0
404.0
788.0
325.0
1228.0
186.0
-857.0
1629.0
-67.0
-1076.0
-255.0
1002.0
2402.0
-974.0
1099.0
310.0
-170.0
209.0
-42.0
281.0
891.0
1433.0
-524.0
-370.0
1154.0
1425.0
551.0
-560.0
190.0
-255.0
1437.0
-597.0
161.0
-289.0
446.0
1743.0
1350.0
477.0
-426.0
1765.0
1335.0
1778.0
650.0
-950.0
2344.0
1523.0
1731.0
965.0
1248.0
-415.0
706.0
1668.0
192.0
1460.0
1143.0
607.0
932.0
366.0
-46.0
967.0
1021.0
912.0
1266.0
595.0
1165.0
442.0
340.0
220.0
474.0
539.0
2321.0
-113.0
477.0
557.0
450.0
500.0
18.0
-452.0
48.0
1024.0
-171.0
919.0
62.0
-168.0
1945.0
465.0
2173.0
1187.0
-1129.0
890.0
-1137.0
-290.0
-115.0
681.0
231.0
485.0
1667.0
1861.0
-258.0
988.0
1631.0
-789.0
973.0
755.0
334.0
948.0
1464.0
700.0
2003.0
-661.0
38.0
759.0
1798.0
-1231.0
-830.0
1933.0
3423.0
117.0
320.0
-1230.0
73.0
-208.0
-535.0
1514.0
620.0
980.0
-420.0
161.0
301.0
1117.0
1130.0
301.0
122.0
1614.0
-978.0
-537.0
1409.0
1718.0
418.0
889.0
253.0
1171.0
958.0
878.0
1208.0
235.0
229.0
357.0
660.0
394.0
-63.0
-301.0
-51.0
1805.0
-109.0
1070.0
899.0
1466.0
658.0
1273.0
1227.0
2656.0
263.0
148.0
-780.0
1264.0
1288.0
-1414.0
1515.0
678.0
-492.0
1043.0
2074.0
1565.0
655.0
-278.0
892.0
457.0
-305.0
723.0
-502.0
1067.0
528.0
-104.0
317.0
1046.0
-658.0
640.0
911.0
19.0
227.0
796.0
1216.0
1221.0
1101.0
640.0
950.0
-4.0
940.0
147.0
1140.0
193.0
415.0
616.0
2011.0
900.0
2236.0
757.0
1680.0
923.0
1535.0
1688.0
-114.0
612.0
133.0
1127.0
437.0
2582.0
815.0
905.0
1526.0
748.0
1184.0
-1293.0
37.0
302.0
826.0
1200.0
2451.0
-219.0
-56.0
-1366.0
967.0
-643.0
216.0
-1277.0
35.0
-70.0
-837.0
-64.0
171.0
1142.0
723.0
1831.0
921.0
-202.0
1263.0
1755.0
267.0
455.0
771.0
1550.0
441.0
1235.0
302.0
170.0
-735.0
-700.0
1416.0
1055.0
1388.0
860.0
679.0
1502.0
52.0
996.0
520.0
1883.0
378.0
1323.0
228.0
1481.0
1906.0
-19.0
403.0
156.0
-301.0
1283.0
809.0
2022.0
94.0
420.0
-564.0
-1233.0
727.0
195.0
-446.0
1145.0
2079.0
-485.0
642.0
1479.0
-6.0
-801.0
934.0
-282.0
544.0
1750.0
1038.0
431.0
2256.0
-436.0
1783.0
32.0
910.0
109.0
2053.0
-367.0
-583.0
85.0
1431.0
615.0
1281.0
2130.0
288.0
897.0
2058.0
-911.0
-1413.0
-99.0
1279.0
743.0
1579.0
340.0
1031.0
949.0
-490.0
766.0
1345.0
-780.0
1166.0
548.0
-1125.0
813.0
227.0
723.0
1102.0
875.0
1512.0
1002.0
738.0
500.0
868.0
273.0
-994.0
725.0
36.0
-113.0
596.0
1149.0
1309.0
22.0
328.0
413.0
1654.0
599.0
-690.0
-157.0
1161.0
931.0
1801.0
622.0
81.0
1123.0
1871.0
1237.0
1082.0
1886.0
73.0
799.0
2166.0
-266.0
967.0
35.0
-127.0
1070.0
-45.0
664.0
865.0
892.0
1392.0
387.0
1614.0
337.0
-403.0
2282.0
708.0
1231.0
840.0
1686.0
-98.0
87.0
227.0
307.0
919.0
508.0
230.0
929.0
-355.0
725.0
1227.0
-1185.0
737.0
1200.0
-585.0
609.0
-369.0
1911.0
841.0
645.0
1933.0
725.0
-1288.0
-27.0
625.0
-37.0
1160.0
77.0
1488.0
1825.0
-624.0
1528.0
1209.0
-341.0
950.0
304.0
791.0
422.0
-39.0
-311.0
205.0
952.0
-482.0
1159.0
590.0
938.0
-244.0
-218.0
1679.0
1136.0
-568.0
646.0
740.0
485.0
-307.0
502.0
-44.0
562.0
-516.0
505.0
754.0
936.0
1105.0
21.0
-1452.0
1185.0
1530.0
370.0
2074.0
-319.0
-2169.0
335.0
7.0
162.0
1596.0
