# Raw Asset Values
192.0
705.0
317.0
672.0
-804.0
19.0
-163.0
205.0
698.0
343.0
-502.0
2051.0
-296.0
-156.0
-75.0
162.0
1201.0
1485.0
1211.0
795.0
-1125.0
880.0
-940.0
879.0
34.0
727.0
-557.0
1515.0
231.0
3147.0
-11.0
-1957.0
-126.0
-1172.0
290.0
-178.0
661.0
1665.0
906.0
1422.0
2100.0
922.0
1337.0
-2338.0
212.0
-528.0
1260.0
892.0
1118.0
692.0
751.0
745.0
1253.0
100.0
1059.0
-213.0
1752.0
-1267.0
204.0
-5.0
1362.0
1230.0
122.0
1090.0
1005.0
-154.0
-107.0
-245.0
794.0
1384.0
1210.0
-140.0
801.0
-322.0
-549.0
1726.0
831.0
-571.0
1544.0
618.0
2053.0
1645.0
-497.0
671.0
1170.0
-1240.0
1343.0
1315.0
1749.0
2714.0
-661.0
119.0
604.0
659.0
-1833.0
-489.0
711.0
-21.0
-2613.0
-313.0
-1248.0
1040.0
-417.0
1762.0
-48.0
-454.0
1177.0
379.0
1950.0
874.0
181.0
-86.0
1527.0
-745.0
913.0
-117.0
802.0
-1062.0
1722.0
171.0
512.0
1233.0
1887.0
-1254.0
-800.0
-96.0
374.0
1250.0
561.0
569.0
383.0
660.0
-380.0
233.0
-782.0
-407.0
-883.0
1079.0
1535.0
293.0
-867.0
6.0
488.0
572.0
417.0
-164.0
-871.0
30.0
-865.0
-1288.0
-783.0
-1337.0
-1575.0
1131.0
-278.0
1201.0
3397.0
2143.0
1089.0
-417.0
1343.0
-224.0
3221.0
2120.0
529.0
-1347.0
3550.0
1212.0
527.0
233.0
909.0
1767.0
1143.0
1072.0
-391.0
3947.0
-451.0
-377.0
1201.0
780.0
932.0
-1035.0
376.0
1094.0
1516.0
2062.0
1361.0
1187.0
991.0
663.0
1874.0
1480.0
1021.0
1230.0
-1008.0
110.0
971.0
1379.0
526.0
2123.0
-605.0
-260.0
1113.0
2788.0
-1189.0
-163.0
1455.0
-1607.0
1453.0
1664.0
-243.0
670.0
-1208.0
-537.0
-1199.0
2999.0
-718.0
1175.0
1726.0
2295.0
-266.0
-1574.0
1749.0
1938.0
-953.0
960.0
-450.0
-2365.0
432.0
-154.0
-1093.0
2306.0
530.0
541.0
1674.0
-1205.0
-156.0
-504.0
3.0
448.0
-820.0
1882.0
226.0
-328.0
1704.0
2294.0
-776.0
1341.0
-696.0
1156.0
-691.0
1097.0
-387.0
2251.0
1115.0
-375.0
173.0
450.0
1575.0
2042.0
982.0
-44.0
1562.0
-382.0
-2097.0
-329.0
1253.0
801.0
-881.0
-2265.0
253.0
-163.0
-259.0
2497.0
-676.0
13.0
-1039.0
-1166.0
751.0
1428.0
-201.0
-173.0
-263.0
3457.0
-262.0
-1374.0
1825.0
-234.0
77.0
1496.0
89.0
877.0
1187.0
-895.0
602.0
151.0
773.0
-19.0
850.0
-473.0
-2032.0
-281.0
242.0
183.0
760.0
301.0
3453.0
53.0
-508.0
569.0
1064.0
600.0
2290.0
963.0
1791.0
2582.0
2713.0
712.0
2006.0
-2728.0
970.0
358.0
1965.0
-854.0
-462.0
1494.0
-957.0
441.0
2035.0
-541.0
-238.0
1200.0
240.0
-1351.0
705.0
-776.0
499.0
-359.0
1269.0
326.0
-327.0
-52.0
-860.0
-1250.0
-746.0
239.0
890.0
-103.0
-21.0
-113.0
1909.0
1196.0
-81.0
1089.0
59.0
-556.0
1076.0
1048.0
-285.0
2629.0
1124.0
397.0
2172.0
-566.0
-65.0
602.0
750.0
680.0
511.0
1491.0
2219.0
438.0
-873.0
545.0
991.0
1174.0
611.0
1316.0
1005.0
1206.0
2871.0
1610.0
-2.0
-1396.0
2059.0
-1662.0
1408.0
1830.0
1587.0
1304.0
-1902.0
1732.0
-751.0
-1135.0
224.0
1207.0
-1994.0
-2241.0
421.0
-129.0
521.0
-1179.0
-751.0
165.0
845.0
-713.0
1548.0
-578.0
1967.0
-1581.0
-495.0
908.0
193.0
1464.0
-788.0
-1462.0
792.0
-860.0
1539.0
1996.0
72.0
-669.0
930.0
-380.0
-611.0
1004.0
479.0
-405.0
-1389.0
-1116.0
1520.0
649.0
756.0
-569.0
298.0
-34.0
-80.0
426.0
818.0
1081.0
1807.0
-176.0
484.0
527.0
-1230.0
-406.0
99.0
-1480.0
489.0
160.0
3297.0
-369.0
424.0
169.0
737.0
-176.0
200.0
-885.0
-2304.0
-205.0
2049.0
515.0
566.0
-1809.0
1527.0
1070.0
625.0
-269.0
-1483.0
1185.0
-483.0
2013.0
174.0
-242.0
-909.0
1132.0
-390.0
2016.0
364.0
-179.0
-858.0
1977.0
-1948.0
-632.0
856.0
-1801.0
911.0
19.0
1192.0
-2202.0
-362.0
80.0
1079.0
1781.0
899.0
536.0
-368.0
1641.0
2350.0
604.0
-508.0
1162.0
-1533.0
926.0
10.0
-292.0
244.0
-1693.0
-239.0
1597.0
1562.0
736.0
1694.0
-2010.0
-846.0
827.0
822.0
1280.0
-474.0
1486.0
-707.0
320.0
1366.0
2266.0
2110.0
1672.0
534.0
-1330.0
-197.0
975.0
444.0
-240.0
104.0
459.0
244.0
-1749.0
-3.0
-632.0
1441.0
2317.0
648.0
1483.0
516.0
2427.0
349.0
1562.0
708.0
-1593.0
-683.0
-699.0
5310.0
-503.0
1663.0
1514.0
-156.0
-1109.0
997.0
1355.0
-806.0
-1628.0
-341.0
-1492.0
-296.0
1531.0
1457.0
271.0
-1531.0
541.0
370.0
367.0
501.0
-209.0
1719.0
254.0
-248.0
1524.0
-1065.0
2141.0
820.0
-377.0
-2814.0
1047.0
1812.0
1947.0
1857.0
168.0
621.0
-422.0
251.0
649.0
708.0
758.0
1541.0
1374.0
2215.0
-1026.0
964.0
307.0
119.0
514.0
-2867.0
-1009.0
-309.0
-96.0
1661.0
485.0
-1447.0
765.0
1088.0
1843.0
-1552.0
278.0
-1526.0
-217.0
1285.0
861.0
-56.0
-3131.0
2449.0
1306.0
-581.0
1802.0
2933.0
1771.0
-221.0
1121.0
814.0
-281.0
653.0
1896.0
-415.0
2618.0
-295.0
-402.0
643.0
-35.0
624.0
444.0
1013.0
-2731.0
3317.0
437.0
-191.0
639.0
438.0
1930.0
-1885.0
205.0
1061.0
217.0
792.0
-456.0
1440.0
1304.0
2029.0
-424.0
-2006.0
1682.0
-610.0
2884.0
-1399.0
2262.0
-1898.0
75.0
-145.0
619.0
686.0
-1082.0
-1209.0
616.0
-639.0
833.0
455.0
-1069.0
268.0
519.0
-617.0
-479.0
1178.0
-330.0
-235.0
297.0
-451.0
325.0
244.0
351.0
125.0
232.0
1600.0
1266.0
-183.0
981.0
103.0
-752.0
1562.0
-65.0
-394.0
-114.0
1486.0
-1117.0
-235.0
1431.0
218.0
363.0
1980.0
1062.0
995.0
374.0
535.0
1909.0
-709.0
-563.0
-872.0
1817.0
1347.0
1214.0
194.0
-380.0
2700.0
706.0
35.0
1528.0
2171.0
84.0
-720.0
-503.0
410.0
567.0
461.0
1786.0
1282.0
2221.0
31.0
-162.0
98.0
1110.0
818.0
417.0
717.0
-737.0
2122.0
-510.0
-173.0
500.0
563.0
2043.0
1435.0
928.0
-637.0
-1448.0
722.0
-307.0
584.0
1232.0
921.0
549.0
1531.0
477.0
-801.0
1555.0
796.0
985.0
268.0
799.0
1564.0
-103.0
494.0
495.0
-513.0
1483.0
507.0
-868.0
-692.0
-1575.0
553.0
-2345.0
1163.0
506.0
-1217.0
595.0
-522.0
621.0
-1037.0
-157.0
1206.0
1275.0
599.0
78.0
-1109.0
-691.0
-1158.0
1024.0
1507.0
-757.0
-1632.0
1320.0
-1105.0
806.0
-834.0
763.0
1073.0
-294.0
2839.0
-1445.0
1157.0
378.0
-354.0
1946.0
-448.0
50.0
-338.0
-577.0
485.0
892.0
-130.0
845.0
8.0
1277.0
1666.0
3.0
-855.0
1719.0
1029.0
339.0
144.0
-2038.0
-313.0
1235.0
434.0
-72.0
737.0
-653.0
-1312.0
2052.0
1159.0
-1119.0
226.0
336.0
1332.0
695.0
1158.0
840.0
1166.0
34.0
318.0
-1265.0
2479.0
-242.0
928.0
-1035.0
-668.0
1300.0
-4019.0
-758.0
253.0
-391.0
1492.0
-1695.0
846.0
976.0
-114.0
-1553.0
-19.0
822.0
50.0
2171.0
1099.0
-419.0
-374.0
1345.0
913.0
-612.0
-1380.0
-564.0
-1542.0
1217.0
-1873.0
-620.0
1927.0
-3372.0
1752.0
-514.0
1406.0
1703.0
-952.0
-806.0
203.0
370.0
15.0
1255.0
-1008.0
-72.0
-1935.0
-93.0
-1540.0
-1404.0
627.0
475.0
-926.0
939.0
1451.0
33.0
-1814.0
2405.0
1394.0
-660.0
1384.0
-3620.0
1190.0
-1863.0
944.0
2071.0
896.0
639.0
279.0
-908.0
-431.0
1950.0
-2137.0
1061.0
-48.0
-144.0
386.0
-17.0
1139.0
329.0
1270.0
514.0
462.0
-1386.0
-76.0
803.0
112.0
-312.0
-855.0
-196.0
1091.0
1353.0
807.0
606.0
-589.0
1732.0
-401.0
925.0
467.0
458.0
323.0
1655.0
1193.0
2168.0
1115.0
-1202.0
-994.0
-482.0
-1236.0
1020.0
-102.0
2569.0
-260.0
1868.0
2405.0
217.0
-696.0
1716.0
1405.0
2423.0
448.0
-1090.0
-861.0
1268.0
247.0
-379.0
-483.0
-1357.0
170.0
2565.0
663.0
771.0
735.0
1217.0
-1551.0
971.0
1249.0
-219.0
-209.0
992.0
1580.0
-34.0
-532.0
-1167.0
597.0
679.0
2630.0
1865.0
3147.0
1019.0
-3008.0
-1009.0
2002.0
-164.0
