# ML Assets
1479.0
2544.0
231.0
967.0
621.0
2232.0
349.0
2062.0
835.0
1293.0
1158.0
726.0
-103.0
2184.0
888.0
755.0
1639.0
817.0
-953.0
1747.0
85.0
475.0
679.0
881.0
2049.0
2473.0
2440.0
2307.0
749.0
1323.0
74.0
583.0
659.0
3065.0
2271.0
69.0
2385.0
1725.0
646.0
1599.0
976.0
582.0
1734.0
-1695.0
1621.0
862.0
1792.0
991.0
1634.0
1122.0
100.0
-675.0
-671.0
1253.0
-794.0
1300.0
2287.0
-121.0
774.0
201.0
1702.0
20.0
524.0
1530.0
322.0
1854.0
-1003.0
-214.0
-466.0
2461.0
301.0
778.0
-550.0
1621.0
1040.0
416.0
939.0
-1290.0
1782.0
1856.0
2927.0
58.0
1634.0
-847.0
34.0
1076.0
1093.0
-434.0
797.0
1243.0
-1538.0
-672.0
747.0
332.0
2936.0
2529.0
2517.0
-621.0
189.0
809.0
-651.0
2017.0
442.0
887.0
1786.0
-41.0
1386.0
382.0
3057.0
-9.0
2318.0
1787.0
217.0
-505.0
943.0
1212.0
2574.0
1027.0
628.0
2981.0
95.0
804.0
2648.0
1104.0
1776.0
351.0
-102.0
-244.0
731.0
1626.0
845.0
629.0
-20.0
495.0
911.0
2085.0
-463.0
2345.0
2345.0
1669.0
259.0
922.0
1747.0
2048.0
2093.0
1275.0
1109.0
1901.0
-21.0
1244.0
1191.0
956.0
-371.0
-68.0
1057.0
1264.0
2443.0
115.0
350.0
59.0
1258.0
2202.0
-1294.0
42.0
1145.0
265.0
2678.0
447.0
-322.0
680.0
303.0
1877.0
3064.0
1821.0
274.0
424.0
780.0
1292.0
74.0
-1568.0
265.0
1698.0
2663.0
-126.0
2211.0
456.0
-692.0
1666.0
1178.0
417.0
802.0
-1223.0
2675.0
1708.0
572.0
1644.0
1446.0
1616.0
-194.0
617.0
186.0
610.0
719.0
244.0
1401.0
1171.0
6.0
456.0
1758.0
1238.0
2660.0
426.0
1537.0
1389.0
935.0
-331.0
1327.0
223.0
256.0
623.0
606.0
656.0
80.0
955.0
654.0
-1036.0
108.0
2062.0
345.0
1009.0
1053.0
429.0
2945.0
1157.0
1421.0
2378.0
1436.0
574.0
360.0
238.0
146.0
783.0
28.0
225.0
565.0
1507.0
656.0
456.0
973.0
-130.0
-716.0
1216.0
2374.0
-218.0
999.0
1374.0
1416.0
1977.0
345.0
-573.0
-253.0
-427.0
-2312.0
253.0
1086.0
128.0
-1516.0
-202.0
552.0
90.0
1072.0
921.0
755.0
553.0
361.0
1845.0
815.0
-967.0
2060.0
1595.0
2525.0
-604.0
2035.0
-432.0
1867.0
1359.0
-284.0
-283.0
-1919.0
844.0
1228.0
1658.0
479.0
1478.0
1093.0
490.0
2249.0
1668.0
-533.0
490.0
227.0
2212.0
-1156.0
381.0
1400.0
935.0
751.0
1225.0
1424.0
-429.0
320.0
-65.0
372.0
2776.0
328.0
1629.0
1868.0
-1178.0
1412.0
-735.0
1155.0
1645.0
-456.0
844.0
479.0
1430.0
-241.0
-50.0
1438.0
339.0
1074.0
2302.0
826.0
-565.0
1328.0
479.0
2174.0
769.0
1376.0
94.0
1798.0
808.0
2045.0
2489.0
1101.0
1774.0
-1226.0
236.0
1395.0
-149.0
-139.0
1866.0
1889.0
-115.0
1106.0
1090.0
872.0
950.0
948.0
1279.0
698.0
767.0
2823.0
774.0
-1060.0
564.0
842.0
907.0
913.0
2059.0
1270.0
-883.0
-294.0
-304.0
451.0
1427.0
1236.0
824.0
3014.0
833.0
700.0
1205.0
-828.0
355.0
-336.0
1093.0
2547.0
-50.0
2066.0
1885.0
1346.0
511.0
-938.0
731.0
2184.0
756.0
725.0
889.0
267.0
170.0
866.0
-900.0
2404.0
-626.0
37.0
-29.0
-214.0
-89.0
2075.0
1573.0
1628.0
-99.0
353.0
1655.0
-1108.0
410.0
464.0
2130.0
2578.0
-1049.0
1519.0
-516.0
1722.0
992.0
455.0
1096.0
1347.0
-869.0
209.0
-184.0
1999.0
2623.0
890.0
1206.0
2963.0
148.0
924.0
-542.0
333.0
4227.0
114.0
3435.0
1114.0
1487.0
6.0
703.0
1786.0
26.0
532.0
-707.0
-508.0
785.0
1017.0
1110.0
423.0
1290.0
1487.0
465.0
690.0
934.0
2783.0
983.0
2165.0
437.0
633.0
-667.0
1648.0
816.0
78.0
-126.0
148.0
163.0
2102.0
1976.0
-2451.0
782.0
3096.0
361.0
1355.0
2000.0
583.0
1256.0
628.0
-269.0
1788.0
1303.0
958.0
1789.0
1704.0
-1.0
2817.0
1115.0
893.0
1046.0
230.0
1483.0
383.0
888.0
266.0
1732.0
3560.0
1287.0
475.0
1320.0
1341.0
690.0
473.0
1511.0
-87.0
740.0
1776.0
287.0
-557.0
2435.0
796.0
-52.0
53.0
369.0
631.0
877.0
1677.0
2186.0
1451.0
158.0
167.0
1260.0
654.0
307.0
2019.0
818.0
-84.0
21.0
2308.0
-31.0
989.0
1252.0
1922.0
-954.0
3644.0
942.0
2954.0
1528.0
2751.0
-541.0
1303.0
2239.0
190.0
-599.0
438.0
852.0
5.0
-953.0
2094.0
-1065.0
595.0
241.0
1013.0
946.0
1662.0
549.0
-45.0
760.0
-610.0
1971.0
2150.0
778.0
-421.0
430.0
1345.0
647.0
485.0
703.0
517.0
1680.0
-445.0
-1142.0
382.0
903.0
823.0
-1367.0
1646.0
698.0
-936.0
1843.0
912.0
235.0
2937.0
2011.0
1795.0
160.0
764.0
417.0
2294.0
1280.0
801.0
283.0
-431.0
-68.0
-732.0
900.0
1506.0
-73.0
-388.0
1455.0
1277.0
-477.0
-780.0
379.0
532.0
-109.0
2733.0
-297.0
-632.0
1441.0
2168.0
787.0
484.0
-250.0
2194.0
1227.0
263.0
103.0
579.0
837.0
819.0
679.0
954.0
-134.0
1729.0
296.0
29.0
1805.0
2657.0
289.0
1578.0
787.0
2808.0
692.0
51.0
1224.0
260.0
353.0
-635.0
362.0
1164.0
142.0
424.0
-17.0
-696.0
1416.0
693.0
2693.0
1538.0
721.0
1018.0
1562.0
1191.0
69.0
844.0
920.0
1133.0
-1487.0
-638.0
1779.0
1064.0
-476.0
404.0
1701.0
707.0
-349.0
-834.0
463.0
828.0
-97.0
1080.0
-847.0
986.0
1807.0
0.0
1385.0
325.0
-631.0
685.0
2156.0
759.0
-347.0
662.0
2438.0
480.0
1469.0
-305.0
162.0
1390.0
676.0
-106.0
578.0
1360.0
462.0
3741.0
1555.0
2499.0
3168.0
843.0
167.0
-763.0
1291.0
1649.0
2643.0
1461.0
852.0
-384.0
1806.0
1239.0
358.0
860.0
698.0
546.0
575.0
3029.0
782.0
712.0
1014.0
640.0
153.0
120.0
-842.0
-447.0
562.0
913.0
1048.0
736.0
2060.0
1956.0
645.0
1074.0
-33.0
547.0
2335.0
298.0
-1206.0
-1083.0
1805.0
-410.0
-135.0
2407.0
2759.0
2061.0
2596.0
545.0
1250.0
336.0
-1741.0
938.0
2498.0
-183.0
1252.0
-485.0
2501.0
-682.0
-34.0
1568.0
1866.0
2544.0
-196.0
-409.0
-895.0
2348.0
-843.0
-875.0
-912.0
1421.0
1890.0
563.0
-175.0
1666.0
-540.0
-749.0
2853.0
314.0
1650.0
2190.0
620.0
642.0
1356.0
48.0
27.0
371.0
2310.0
1369.0
1177.0
1221.0
-715.0
1875.0
1077.0
94.0
-157.0
774.0
2108.0
1595.0
3494.0
