# Raw Asset Values
201.0
-759.0
663.0
1944.0
632.0
1887.0
338.0
290.0
198.0
1014.0
-351.0
518.0
276.0
307.0
333.0
218.0
-198.0
687.0
1206.0
200.0
-784.0
325.0
-93.0
608.0
733.0
-118.0
-906.0
980.0
487.0
-300.0
56.0
1370.0
535.0
1293.0
316.0
1208.0
-294.0
1199.0
-312.0
981.0
798.0
547.0
-461.0
1358.0
625.0
430.0
395.0
2448.0
583.0
553.0
596.0
-376.0
509.0
918.0
1613.0
484.0
-854.0
1536.0
541.0
50.0
979.0
-1115.0
535.0
126.0
1727.0
850.0
1279.0
626.0
689.0
-397.0
141.0
2171.0
72.0
1120.0
-288.0
121.0
1667.0
28.0
635.0
1094.0
-895.0
-9.0
479.0
558.0
-1245.0
503.0
1082.0
1205.0
178.0
1451.0
1768.0
-180.0
929.0
214.0
1730.0
101.0
-992.0
-254.0
665.0
786.0
648.0
1811.0
474.0
-275.0
551.0
1222.0
1258.0
556.0
341.0
-13.0
-909.0
1273.0
610.0
546.0
686.0
1496.0
-484.0
-1339.0
1124.0
81.0
1108.0
651.0
642.0
620.0
28.0
1008.0
-76.0
-1215.0
389.0
-121.0
704.0
381.0
1124.0
322.0
1056.0
1053.0
-397.0
2563.0
340.0
1079.0
1501.0
49.0
-978.0
937.0
-1734.0
121.0
763.0
446.0
1554.0
409.0
-273.0
1568.0
130.0
446.0
1012.0
524.0
713.0
1625.0
271.0
-1613.0
-1319.0
1765.0
258.0
1226.0
466.0
98.0
678.0
1493.0
798.0
141.0
1314.0
901.0
1536.0
770.0
-78.0
644.0
-823.0
1289.0
-1.0
857.0
687.0
1052.0
-323.0
2317.0
952.0
788.0
417.0
-211.0
-83.0
86.0
-557.0
889.0
628.0
-339.0
-538.0
-1133.0
-464.0
164.0
443.0
930.0
-941.0
822.0
-77.0
887.0
1301.0
1234.0
-853.0
95.0
55.0
1007.0
778.0
1484.0
381.0
-569.0
1116.0
1546.0
570.0
1554.0
-1531.0
1239.0
1018.0
784.0
1398.0
1224.0
1482.0
1839.0
1218.0
1266.0
451.0
-1072.0
271.0
1165.0
820.0
-411.0
-193.0
824.0
374.0
359.0
-902.0
-157.0
322.0
-430.0
1075.0
346.0
-1327.0
387.0
1990.0
55.0
391.0
1383.0
485.0
503.0
575.0
542.0
1542.0
1225.0
-220.0
628.0
873.0
-522.0
-609.0
10.0
613.0
472.0
408.0
1581.0
167.0
1566.0
302.0
655.0
-601.0
1993.0
-1180.0
677.0
1168.0
1048.0
811.0
544.0
888.0
2239.0
-42.0
145.0
1613.0
765.0
515.0
619.0
1104.0
-611.0
1023.0
311.0
464.0
253.0
1047.0
-436.0
688.0
950.0
-1038.0
1718.0
417.0
765.0
1182.0
807.0
522.0
475.0
163.0
1490.0
1419.0
914.0
-204.0
-632.0
-113.0
1208.0
-800.0
1509.0
-24.0
373.0
137.0
-120.0
-258.0
-924.0
-1004.0
1129.0
58.0
2780.0
-615.0
862.0
-248.0
1993.0
192.0
1844.0
1917.0
486.0
476.0
749.0
440.0
523.0
-317.0
-513.0
1071.0
1310.0
-989.0
864.0
1645.0
574.0
554.0
-417.0
228.0
1629.0
-569.0
551.0
-477.0
-1349.0
2154.0
620.0
500.0
1951.0
446.0
878.0
607.0
1585.0
-196.0
771.0
718.0
649.0
-121.0
-14.0
786.0
1630.0
-80.0
1260.0
1622.0
-909.0
-736.0
1244.0
-1675.0
-752.0
-356.0
1263.0
528.0
-434.0
305.0
257.0
341.0
915.0
-220.0
1304.0
1162.0
1898.0
1190.0
-12.0
390.0
60.0
-183.0
346.0
91.0
1482.0
1259.0
1330.0
1106.0
1282.0
1030.0
354.0
-141.0
448.0
654.0
-201.0
1082.0
560.0
593.0
111.0
413.0
295.0
1637.0
-1673.0
194.0
1395.0
141.0
1201.0
405.0
577.0
26.0
1832.0
1333.0
485.0
888.0
-521.0
1939.0
626.0
904.0
1542.0
1477.0
-116.0
1009.0
783.0
428.0
1596.0
435.0
942.0
-277.0
198.0
-246.0
1064.0
1618.0
934.0
-423.0
1166.0
803.0
994.0
1600.0
-849.0
633.0
2119.0
1038.0
89.0
-211.0
-68.0
829.0
-328.0
172.0
-65.0
712.0
1368.0
1453.0
786.0
2119.0
617.0
337.0
779.0
1352.0
1186.0
1011.0
1030.0
-77.0
46.0
364.0
856.0
-252.0
-262.0
34.0
433.0
1458.0
660.0
208.0
1667.0
-332.0
956.0
926.0
464.0
37.0
-925.0
-230.0
-640.0
1131.0
535.0
1727.0
964.0
-202.0
1547.0
-85.0
488.0
33.0
81.0
1314.0
2664.0
1181.0
1113.0
-82.0
-384.0
575.0
289.0
1589.0
2153.0
841.0
1515.0
1369.0
578.0
1321.0
215.0
421.0
732.0
540.0
994.0
-67.0
1455.0
-148.0
-1087.0
578.0
102.0
257.0
1229.0
842.0
465.0
1523.0
380.0
743.0
294.0
899.0
1262.0
-529.0
305.0
5.0
-33.0
1010.0
1710.0
270.0
1530.0
1625.0
194.0
968.0
1794.0
-406.0
827.0
607.0
-27.0
118.0
2443.0
790.0
-835.0
-582.0
-323.0
-1555.0
995.0
1022.0
535.0
673.0
735.0
-127.0
-237.0
-1452.0
864.0
1071.0
-519.0
483.0
2073.0
301.0
-276.0
347.0
-144.0
1564.0
2024.0
2023.0
-671.0
266.0
794.0
-697.0
1511.0
1415.0
1124.0
1572.0
241.0
172.0
44.0
-30.0
1036.0
415.0
1245.0
359.0
-482.0
1563.0
-59.0
1075.0
4.0
1428.0
150.0
1055.0
682.0
-1202.0
288.0
24.0
864.0
-280.0
554.0
-10.0
608.0
2130.0
1367.0
461.0
546.0
-267.0
730.0
384.0
2204.0
1014.0
395.0
-95.0
527.0
78.0
1625.0
2304.0
36.0
1557.0
-555.0
-393.0
1095.0
3095.0
824.0
1674.0
-308.0
-212.0
-67.0
746.0
-225.0
160.0
1948.0
-335.0
-756.0
372.0
492.0
-377.0
24.0
491.0
1396.0
1469.0
-258.0
1378.0
2292.0
658.0
1762.0
2383.0
-1235.0
1505.0
-127.0
1193.0
-454.0
-1554.0
-795.0
-399.0
60.0
-50.0
373.0
-878.0
426.0
-481.0
182.0
437.0
1699.0
836.0
-269.0
1056.0
655.0
524.0
-526.0
1199.0
202.0
315.0
1124.0
-67.0
775.0
1793.0
134.0
174.0
558.0
1887.0
-614.0
-1164.0
210.0
122.0
693.0
125.0
-428.0
1366.0
21.0
1526.0
379.0
918.0
9.0
581.0
611.0
-58.0
479.0
1226.0
74.0
914.0
706.0
835.0
230.0
2292.0
-659.0
680.0
-180.0
934.0
679.0
204.0
854.0
600.0
838.0
2097.0
977.0
847.0
422.0
388.0
-111.0
2007.0
-696.0
1759.0
-582.0
1193.0
703.0
1346.0
1170.0
-592.0
1479.0
1022.0
-605.0
-910.0
1020.0
280.0
237.0
1141.0
3249.0
1399.0
-230.0
1335.0
1446.0
-148.0
330.0
-634.0
356.0
-741.0
1302.0
1376.0
1531.0
1870.0
69.0
-933.0
128.0
-308.0
-358.0
1198.0
952.0
1055.0
643.0
1019.0
217.0
1882.0
985.0
837.0
267.0
-263.0
-619.0
-306.0
1128.0
-153.0
554.0
878.0
931.0
578.0
410.0
235.0
960.0
2172.0
433.0
-104.0
738.0
1051.0
1240.0
642.0
1704.0
312.0
-496.0
1177.0
-642.0
-83.0
-295.0
1154.0
1082.0
1139.0
418.0
904.0
-235.0
-509.0
-54.0
-180.0
309.0
965.0
-903.0
1077.0
724.0
-297.0
654.0
954.0
444.0
-559.0
868.0
755.0
-322.0
1328.0
1937.0
215.0
863.0
-1835.0
799.0
1419.0
-1643.0
690.0
592.0
133.0
238.0
-387.0
1219.0
200.0
1328.0
-464.0
-706.0
1431.0
586.0
401.0
689.0
598.0
-223.0
1423.0
86.0
260.0
420.0
-230.0
-69.0
-851.0
2245.0
380.0
-18.0
-515.0
-696.0
761.0
-939.0
234.0
-23.0
-68.0
1074.0
1260.0
1322.0
1712.0
325.0
-1158.0
1058.0
713.0
245.0
-568.0
1496.0
178.0
-546.0
2154.0
622.0
599.0
972.0
1063.0
-386.0
488.0
1064.0
762.0
858.0
1112.0
458.0
1836.0
-1055.0
550.0
283.0
-222.0
907.0
478.0
1536.0
621.0
296.0
-237.0
903.0
236.0
689.0
646.0
-228.0
548.0
663.0
74.0
836.0
1117.0
366.0
1202.0
1473.0
1357.0
390.0
1372.0
-1.0
-283.0
-401.0
1112.0
461.0
448.0
1248.0
-162.0
-743.0
564.0
92.0
341.0
534.0
496.0
376.0
-897.0
1481.0
-667.0
558.0
813.0
-1753.0
1420.0
519.0
1150.0
145.0
1360.0
-767.0
-318.0
40.0
932.0
980.0
1141.0
2606.0
-822.0
2156.0
287.0
1854.0
206.0
1695.0
1552.0
2082.0
564.0
1377.0
297.0
1323.0
926.0
907.0
94.0
-560.0
-464.0
-220.0
2206.0
1170.0
-792.0
81.0
59.0
498.0
289.0
1796.0
832.0
-408.0
-342.0
528.0
402.0
212.0
2274.0
-800.0
859.0
-345.0
-570.0
1895.0
414.0
1664.0
-621.0
965.0
223.0
877.0
766.0
581.0
200.0
-1272.0
448.0
812.0
1109.0
239.0
2054.0
1528.0
898.0
29.0
575.0
1294.0
1482.0
-276.0
719.0
-1050.0
762.0
1665.0
652.0
-357.0
1429.0
-379.0
600.0
1373.0
1592.0
187.0
1402.0
1577.0
1265.0
-786.0
494.0
465.0
-160.0
1862.0
1126.0
-136.0
-188.0
409.0
1233.0
-477.0
489.0
70.0
79.0
-655.0
128.0
-1002.0
-272.0
1265.0
-811.0
-752.0
776.0
738.0
2205.0
1441.0
762.0
1277.0
551.0
-1256.0
1380.0
1262.0
374.0
-163.0
488.0
113.0
1072.0
753.0
1189.0
1100.0
581.0
455.0
948.0
1904.0
467.0
43.0
455.0
-210.0
751.0
111.0
-24.0
368.0
3129.0
-278.0
78.0
2211.0
534.0
-408.0
1032.0
-432.0
1417.0
2205.0
651.0
884.0
-294.0
974.0
493.0
84.0
722.0
2103.0
108.0
444.0
715.0
548.0
2040.0
-230.0
532.0
441.0
357.0
686.0
1967.0
717.0
88.0
720.0
1235.0
862.0
-69.0
128.0
1585.0
737.0
880.0
-490.0
674.0
337.0
1087.0
1139.0
1408.0
133.0
1190.0
887.0
-776.0
1148.0
1384.0
893.0
-307.0
-466.0
972.0
140.0
924.0
930.0
1319.0
1522.0
1087.0
129.0
1165.0
700.0
997.0
222.0
-311.0
1357.0
1239.0
14.0
39.0
1178.0
1112.0
-737.0
1299.0
236.0
1289.0
1080.0
2041.0
864.0
-155.0
103.0
19.0
1111.0
-163.0
-1704.0
1105.0
34.0
70.0
928.0
1016.0
-529.0
1277.0
620.0
254.0
376.0
599.0
825.0
-699.0
-556.0
315.0
465.0
-551.0
-470.0
74.0
1188.0
468.0
-354.0
386.0
316.0
-259.0
1602.0
2.0
-1388.0
-264.0
262.0
273.0
807.0
920.0
336.0
-68.0
1342.0
356.0
1432.0
466.0
80.0
366.0
4.0
787.0
358.0
1214.0
1225.0
-339.0
-559.0
2095.0
-7.0
500.0
1273.0
790.0
409.0
223.0
187.0
324.0
-251.0
427.0
1566.0
1576.0
98.0
-83.0
198.0
609.0
901.0
37.0
243.0
900.0
1061.0
1039.0
1447.0
1567.0
879.0
666.0
181.0
-922.0
1183.0
1024.0
-102.0
818.0
560.0
663.0
451.0
427.0
-967.0
436.0
820.0
149.0
263.0
1908.0
-1126.0
-688.0
811.0
457.0
510.0
-1212.0
1467.0
935.0
1663.0
513.0
835.0
415.0
854.0
243.0
867.0
1513.0
-18.0
499.0
495.0
477.0
780.0
1119.0
1326.0
538.0
-378.0
-834.0
2029.0
1641.0
-700.0
-47.0
992.0
54.0
963.0
1028.0
-339.0
1598.0
1837.0
1303.0
1456.0
1389.0
738.0
450.0
1266.0
103.0
987.0
-110.0
659.0
626.0
542.0
-18.0
-631.0
651.0
1322.0
839.0
1211.0
841.0
666.0
-514.0
310.0
824.0
1488.0
1270.0
301.0
-1059.0
1061.0
1755.0
205.0
565.0
-647.0
371.0
801.0
1136.0
794.0
423.0
611.0
807.0
985.0
1208.0
373.0
2305.0
964.0
-1154.0
1291.0
489.0
-355.0
362.0
-2.0
776.0
1625.0
-828.0
12.0
483.0
791.0
-195.0
760.0
1966.0
-87.0
-778.0
746.0
533.0
-633.0
513.0
807.0
1013.0
1576.0
1275.0
-28.0
-571.0
-158.0
-1.0
28.0
124.0
270.0
1158.0
837.0
1445.0
-337.0
876.0
-272.0
-72.0
520.0
63.0
1459.0
1941.0
709.0
491.0
-315.0
1527.0
913.0
1123.0
1479.0
1323.0
724.0
456.0
-29.0
1002.0
536.0
705.0
1741.0
948.0
71.0
39.0
384.0
641.0
-1039.0
