# ZIT Assets
535.0
786.0
960.0
4.0
224.0
453.0
1329.0
1010.0
-220.0
66.0
550.0
92.0
-455.0
-185.0
882.0
346.0
971.0
-95.0
-309.0
720.0
-46.0
750.0
947.0
697.0
-1229.0
70.0
517.0
180.0
606.0
1280.0
-532.0
91.0
-819.0
-139.0
102.0
1131.0
487.0
2004.0
890.0
388.0
-176.0
874.0
1120.0
84.0
-431.0
-84.0
1320.0
40.0
-556.0
536.0
1007.0
1495.0
673.0
-493.0
-708.0
-802.0
1571.0
200.0
362.0
-1008.0
84.0
666.0
-144.0
1581.0
400.0
-702.0
359.0
1481.0
265.0
1123.0
1125.0
1428.0
30.0
-1137.0
155.0
-907.0
-831.0
1084.0
390.0
-1652.0
467.0
-431.0
506.0
-644.0
101.0
353.0
-875.0
-658.0
794.0
226.0
434.0
-546.0
-1219.0
478.0
-119.0
651.0
84.0
729.0
798.0
1628.0
1049.0
1405.0
101.0
864.0
-1185.0
-377.0
-238.0
-1083.0
442.0
80.0
983.0
-451.0
-602.0
959.0
263.0
641.0
562.0
492.0
532.0
631.0
1464.0
-1038.0
1409.0
96.0
1056.0
973.0
754.0
1271.0
-650.0
1613.0
905.0
480.0
1043.0
110.0
1724.0
1280.0
-420.0
630.0
1162.0
-625.0
70.0
-1198.0
332.0
-150.0
975.0
467.0
-331.0
381.0
1115.0
458.0
40.0
1336.0
-377.0
306.0
-1104.0
984.0
-540.0
-469.0
475.0
-144.0
202.0
-990.0
1050.0
1128.0
-364.0
-404.0
53.0
-356.0
1854.0
794.0
846.0
1008.0
839.0
425.0
-100.0
-766.0
669.0
31.0
630.0
292.0
-31.0
932.0
415.0
-582.0
-87.0
-133.0
668.0
-1140.0
878.0
-367.0
729.0
352.0
-765.0
1473.0
426.0
151.0
227.0
771.0
-211.0
963.0
-1168.0
-753.0
856.0
-1329.0
-67.0
-963.0
-510.0
655.0
1099.0
-1314.0
1295.0
637.0
715.0
778.0
-150.0
625.0
942.0
221.0
-582.0
289.0
-144.0
803.0
-559.0
-900.0
506.0
1283.0
1434.0
-677.0
723.0
-73.0
-391.0
-190.0
1843.0
-293.0
80.0
990.0
711.0
-366.0
656.0
298.0
698.0
-66.0
2168.0
-698.0
-218.0
-590.0
733.0
1015.0
501.0
-619.0
992.0
446.0
-1084.0
1646.0
-44.0
168.0
882.0
833.0
-375.0
1196.0
-719.0
1775.0
931.0
350.0
237.0
1446.0
642.0
477.0
1223.0
-246.0
75.0
289.0
448.0
1056.0
1879.0
278.0
-470.0
40.0
695.0
588.0
334.0
1922.0
1012.0
-549.0
1240.0
1038.0
1891.0
506.0
-536.0
-351.0
81.0
442.0
462.0
351.0
697.0
501.0
937.0
-892.0
-11.0
-1483.0
733.0
-47.0
440.0
857.0
-328.0
491.0
1186.0
-152.0
-299.0
1685.0
688.0
1656.0
-745.0
840.0
-544.0
-154.0
-893.0
626.0
1097.0
-41.0
627.0
244.0
783.0
521.0
460.0
682.0
260.0
550.0
415.0
-715.0
390.0
164.0
1049.0
310.0
629.0
861.0
-262.0
439.0
161.0
45.0
-140.0
495.0
993.0
-117.0
1401.0
970.0
1754.0
788.0
-154.0
1257.0
752.0
-830.0
1378.0
-283.0
301.0
-170.0
502.0
87.0
713.0
171.0
1345.0
-512.0
-418.0
-550.0
1390.0
898.0
670.0
576.0
287.0
-341.0
594.0
-78.0
191.0
1943.0
1289.0
1127.0
531.0
943.0
484.0
1643.0
268.0
132.0
423.0
116.0
-265.0
563.0
395.0
-423.0
-433.0
-1076.0
492.0
1094.0
-157.0
261.0
910.0
-352.0
392.0
1565.0
-540.0
-275.0
-673.0
808.0
313.0
1298.0
-96.0
275.0
1426.0
89.0
1169.0
216.0
1054.0
-128.0
326.0
434.0
198.0
-609.0
760.0
129.0
750.0
-786.0
498.0
1622.0
-754.0
-376.0
-715.0
-360.0
451.0
-52.0
949.0
1074.0
2158.0
1327.0
-222.0
-1481.0
633.0
1426.0
-106.0
976.0
366.0
446.0
88.0
536.0
1692.0
404.0
491.0
86.0
408.0
-937.0
-75.0
363.0
428.0
-273.0
-1892.0
104.0
1110.0
-830.0
-922.0
468.0
138.0
-488.0
-1003.0
752.0
-1320.0
428.0
980.0
762.0
-453.0
-940.0
978.0
1790.0
-317.0
68.0
1796.0
-69.0
-338.0
1127.0
596.0
-613.0
1784.0
-871.0
616.0
-394.0
875.0
-51.0
-206.0
-445.0
573.0
397.0
1207.0
619.0
-432.0
1122.0
-208.0
358.0
907.0
364.0
1136.0
1524.0
-358.0
-972.0
840.0
-178.0
-665.0
909.0
1637.0
242.0
751.0
420.0
-1228.0
-617.0
705.0
-70.0
375.0
968.0
-1351.0
276.0
657.0
725.0
593.0
-1057.0
-283.0
137.0
1156.0
1132.0
483.0
-181.0
149.0
1777.0
-110.0
1906.0
481.0
400.0
973.0
213.0
-656.0
-226.0
2070.0
931.0
-412.0
764.0
778.0
94.0
1947.0
398.0
1221.0
1903.0
-233.0
1953.0
445.0
550.0
-1141.0
170.0
-1054.0
226.0
1062.0
1948.0
-53.0
1689.0
848.0
335.0
125.0
-830.0
-148.0
-645.0
303.0
643.0
491.0
-284.0
290.0
-353.0
1527.0
1004.0
910.0
-528.0
-17.0
-110.0
242.0
1650.0
-588.0
617.0
-138.0
-998.0
-18.0
210.0
705.0
-650.0
1471.0
2051.0
-108.0
-1592.0
-497.0
1180.0
126.0
892.0
1352.0
1326.0
-238.0
270.0
-909.0
148.0
159.0
913.0
567.0
-592.0
-536.0
28.0
1074.0
339.0
649.0
-532.0
-950.0
1117.0
401.0
817.0
-1332.0
360.0
293.0
354.0
83.0
-126.0
551.0
1323.0
2190.0
200.0
154.0
146.0
-142.0
-1022.0
798.0
213.0
1065.0
369.0
575.0
-511.0
716.0
1446.0
-292.0
-1263.0
-470.0
1734.0
-647.0
311.0
269.0
-939.0
-142.0
970.0
390.0
-238.0
-567.0
619.0
80.0
1003.0
631.0
-1001.0
-559.0
723.0
-380.0
-199.0
645.0
853.0
-1764.0
-875.0
1030.0
1741.0
329.0
224.0
-102.0
368.0
-487.0
850.0
-605.0
-667.0
1351.0
-205.0
46.0
-3.0
329.0
624.0
1662.0
-665.0
1082.0
-333.0
35.0
-852.0
-1030.0
164.0
-590.0
743.0
-406.0
-1019.0
758.0
154.0
-201.0
526.0
1069.0
532.0
347.0
1066.0
272.0
442.0
-366.0
205.0
-1354.0
-957.0
1484.0
734.0
-846.0
563.0
-437.0
594.0
-728.0
-1914.0
291.0
-406.0
167.0
-611.0
598.0
-21.0
-728.0
286.0
997.0
-569.0
-571.0
509.0
438.0
1139.0
1053.0
81.0
715.0
815.0
30.0
244.0
-271.0
-759.0
-277.0
2112.0
219.0
-191.0
551.0
-111.0
1496.0
268.0
-31.0
259.0
-235.0
332.0
224.0
150.0
501.0
-443.0
-296.0
-98.0
332.0
491.0
1103.0
524.0
-77.0
149.0
-401.0
926.0
68.0
-107.0
850.0
312.0
-303.0
-465.0
1135.0
-519.0
-631.0
-200.0
670.0
1536.0
-346.0
-564.0
1041.0
1610.0
807.0
1067.0
-117.0
883.0
-511.0
124.0
109.0
-689.0
649.0
-423.0
1002.0
638.0
-28.0
-147.0
353.0
1453.0
271.0
-647.0
224.0
1547.0
893.0
700.0
645.0
496.0
-955.0
-111.0
-293.0
416.0
625.0
855.0
-200.0
1790.0
1025.0
729.0
382.0
1030.0
-192.0
300.0
888.0
862.0
-1109.0
120.0
931.0
-97.0
990.0
1136.0
-787.0
1334.0
482.0
120.0
938.0
-985.0
-1188.0
-732.0
333.0
-85.0
559.0
-755.0
1031.0
696.0
395.0
-379.0
493.0
-1000.0
79.0
1211.0
778.0
505.0
230.0
-111.0
-663.0
240.0
-1460.0
-472.0
-589.0
543.0
2593.0
1122.0
-560.0
10.0
221.0
-37.0
-605.0
596.0
340.0
1005.0
-111.0
619.0
-330.0
-1493.0
25.0
-819.0
1237.0
-194.0
973.0
-126.0
-367.0
-74.0
-448.0
-902.0
-456.0
-785.0
715.0
-653.0
843.0
917.0
326.0
-670.0
-708.0
381.0
771.0
1603.0
-1024.0
-313.0
1072.0
780.0
722.0
529.0
1187.0
-216.0
-799.0
355.0
312.0
805.0
549.0
-1054.0
17.0
1301.0
1052.0
-615.0
533.0
511.0
422.0
904.0
587.0
-438.0
727.0
1209.0
-429.0
638.0
357.0
1175.0
-384.0
-99.0
1182.0
-101.0
-69.0
-1433.0
340.0
1758.0
660.0
996.0
13.0
-274.0
-358.0
1944.0
921.0
-779.0
-491.0
228.0
-79.0
452.0
-1814.0
583.0
1282.0
11.0
688.0
483.0
1274.0
-435.0
485.0
579.0
-68.0
808.0
647.0
158.0
-1930.0
237.0
648.0
341.0
-690.0
-311.0
-38.0
670.0
2304.0
-115.0
-1196.0
44.0
-928.0
-1474.0
-1039.0
865.0
572.0
-380.0
434.0
377.0
-90.0
373.0
-602.0
1525.0
969.0
156.0
1386.0
227.0
-220.0
814.0
-214.0
911.0
78.0
174.0
-141.0
103.0
190.0
280.0
301.0
602.0
-921.0
-2030.0
-802.0
136.0
49.0
-3.0
81.0
526.0
243.0
37.0
571.0
1540.0
412.0
-197.0
960.0
2404.0
1114.0
832.0
41.0
-636.0
1007.0
424.0
545.0
-422.0
765.0
134.0
1343.0
-329.0
812.0
-1258.0
207.0
160.0
517.0
64.0
530.0
258.0
-331.0
-1170.0
672.0
-366.0
-385.0
1425.0
114.0
-465.0
579.0
-305.0
250.0
1315.0
652.0
405.0
-1072.0
474.0
-85.0
42.0
259.0
419.0
-278.0
1274.0
-1096.0
-304.0
578.0
-255.0
996.0
-241.0
704.0
-323.0
-189.0
1286.0
1045.0
418.0
937.0
644.0
1283.0
-495.0
374.0
-563.0
1297.0
243.0
117.0
1232.0
1123.0
765.0
402.0
143.0
414.0
1518.0
72.0
-586.0
618.0
-1444.0
-219.0
705.0
292.0
-263.0
-610.0
1025.0
1362.0
839.0
38.0
942.0
-302.0
325.0
571.0
-1384.0
1757.0
-285.0
-1020.0
693.0
-516.0
1051.0
-178.0
621.0
-275.0
267.0
979.0
617.0
1141.0
837.0
6.0
-358.0
-937.0
708.0
-1142.0
1838.0
-214.0
932.0
-148.0
-862.0
193.0
-18.0
868.0
-336.0
619.0
759.0
58.0
86.0
-737.0
514.0
-598.0
616.0
170.0
431.0
475.0
1149.0
787.0
-1408.0
560.0
1465.0
1482.0
370.0
946.0
1657.0
241.0
1563.0
-29.0
-1076.0
-1453.0
10.0
-954.0
593.0
758.0
-215.0
759.0
2749.0
850.0
338.0
336.0
351.0
-296.0
1705.0
-592.0
-748.0
-454.0
465.0
1140.0
163.0
-551.0
730.0
1463.0
684.0
-476.0
-249.0
339.0
1518.0
471.0
-1048.0
162.0
132.0
-462.0
1985.0
463.0
1026.0
-1522.0
872.0
-410.0
-897.0
1728.0
1186.0
182.0
581.0
1250.0
-84.0
82.0
521.0
-290.0
249.0
482.0
22.0
