# Raw Asset Values
-827.0
991.0
667.0
776.0
-98.0
34.0
-850.0
1923.0
174.0
839.0
1243.0
1144.0
-306.0
1838.0
564.0
1176.0
431.0
2056.0
434.0
-284.0
2958.0
-328.0
3293.0
-386.0
559.0
2440.0
782.0
350.0
-530.0
969.0
-470.0
869.0
1257.0
-436.0
-1452.0
-897.0
399.0
2165.0
2080.0
-719.0
256.0
-387.0
684.0
-1262.0
129.0
741.0
1257.0
1424.0
266.0
84.0
-432.0
-180.0
611.0
-735.0
3013.0
607.0
665.0
-817.0
350.0
946.0
320.0
-160.0
2009.0
1355.0
1264.0
-47.0
-842.0
-1095.0
1332.0
-378.0
229.0
-698.0
217.0
309.0
924.0
1825.0
-48.0
692.0
-967.0
639.0
562.0
-436.0
638.0
1533.0
977.0
1026.0
-24.0
2366.0
1555.0
3143.0
1445.0
2304.0
2234.0
913.0
3265.0
2027.0
-1150.0
-409.0
-586.0
1059.0
775.0
-550.0
632.0
1489.0
718.0
1100.0
-1217.0
445.0
574.0
-179.0
524.0
270.0
-404.0
1663.0
1576.0
-473.0
-440.0
-497.0
-611.0
-596.0
-479.0
603.0
48.0
-22.0
-353.0
9.0
-536.0
508.0
-277.0
2595.0
909.0
-1122.0
1437.0
1109.0
-579.0
97.0
-398.0
1079.0
1273.0
1484.0
1564.0
808.0
-1332.0
368.0
-719.0
-176.0
764.0
-201.0
-1027.0
1369.0
568.0
-1585.0
243.0
841.0
638.0
874.0
296.0
-346.0
1589.0
1595.0
1119.0
-635.0
-21.0
-1951.0
68.0
-4.0
565.0
-273.0
-679.0
-583.0
806.0
1848.0
307.0
1395.0
274.0
-1913.0
522.0
1079.0
-1126.0
1283.0
-441.0
-384.0
341.0
82.0
2543.0
-781.0
-1022.0
195.0
1509.0
-818.0
-446.0
252.0
-307.0
-984.0
-256.0
3491.0
1802.0
-1216.0
-1129.0
1052.0
1101.0
-636.0
1929.0
-1763.0
1018.0
-357.0
945.0
487.0
-118.0
387.0
1629.0
885.0
-870.0
1630.0
-414.0
1.0
1820.0
1133.0
404.0
-707.0
2594.0
538.0
-7.0
1869.0
-1179.0
-1105.0
-958.0
770.0
320.0
1747.0
1590.0
-123.0
-462.0
-1696.0
660.0
2313.0
-213.0
-8.0
858.0
-882.0
2782.0
1923.0
-16.0
-34.0
-1021.0
1519.0
-1740.0
876.0
-726.0
629.0
-166.0
-1470.0
-131.0
2482.0
76.0
1889.0
1989.0
-149.0
-2079.0
2576.0
26.0
-1360.0
-6.0
-1191.0
1041.0
-1485.0
541.0
646.0
1705.0
-182.0
-235.0
476.0
-7.0
607.0
976.0
875.0
-1966.0
-621.0
1218.0
-1740.0
-1999.0
623.0
-694.0
489.0
658.0
726.0
-644.0
-828.0
2415.0
13.0
-15.0
30.0
-1070.0
-2064.0
-1307.0
1527.0
907.0
-630.0
-117.0
-551.0
1154.0
-517.0
-3337.0
317.0
823.0
893.0
890.0
613.0
197.0
-814.0
-2083.0
-961.0
408.0
-463.0
-202.0
-1264.0
139.0
-605.0
1080.0
540.0
-585.0
1185.0
2759.0
215.0
2476.0
-75.0
1077.0
1541.0
456.0
2845.0
437.0
478.0
-828.0
119.0
604.0
-1573.0
-1137.0
-1528.0
-584.0
367.0
84.0
1049.0
1221.0
-161.0
-651.0
268.0
1394.0
597.0
1623.0
1539.0
3042.0
1137.0
89.0
-1317.0
1477.0
838.0
1101.0
1318.0
-298.0
863.0
57.0
810.0
82.0
1568.0
-24.0
-743.0
172.0
343.0
2193.0
-1221.0
449.0
443.0
1490.0
-426.0
2208.0
1353.0
1141.0
384.0
1801.0
933.0
-14.0
282.0
1949.0
852.0
-1047.0
805.0
136.0
359.0
-384.0
1397.0
2999.0
-262.0
920.0
552.0
720.0
1215.0
7.0
-218.0
-772.0
1103.0
