# Raw Asset Values
1068.0
-585.0
655.0
1540.0
-364.0
-1695.0
619.0
50.0
1054.0
-908.0
160.0
1025.0
527.0
1130.0
1201.0
-718.0
597.0
-968.0
1100.0
-668.0
-511.0
-791.0
-847.0
-958.0
3807.0
911.0
552.0
-685.0
-2133.0
-1490.0
727.0
1648.0
2642.0
1438.0
547.0
-1201.0
-1394.0
-779.0
593.0
1462.0
-1034.0
466.0
-478.0
-644.0
-1217.0
2052.0
1636.0
-61.0
1305.0
2122.0
1983.0
2320.0
697.0
680.0
-705.0
522.0
-1865.0
666.0
-1864.0
-2649.0
1265.0
447.0
-556.0
771.0
279.0
-12.0
924.0
1024.0
-557.0
-468.0
1515.0
40.0
-125.0
-210.0
553.0
570.0
-175.0
-2236.0
711.0
1058.0
1742.0
1265.0
880.0
849.0
-598.0
564.0
-874.0
-396.0
-858.0
284.0
-102.0
1675.0
259.0
706.0
387.0
10.0
190.0
1207.0
-481.0
1272.0
1585.0
1900.0
-404.0
1644.0
-657.0
-121.0
682.0
1635.0
-777.0
209.0
-508.0
214.0
-642.0
1381.0
-467.0
-108.0
474.0
858.0
1606.0
2053.0
662.0
263.0
-969.0
-206.0
835.0
-283.0
-242.0
-114.0
2029.0
203.0
930.0
766.0
-2247.0
1009.0
1945.0
841.0
1390.0
-449.0
-1395.0
775.0
805.0
690.0
-114.0
745.0
1144.0
648.0
-1379.0
10.0
-737.0
901.0
1697.0
2135.0
-235.0
-1046.0
-219.0
34.0
446.0
-851.0
2527.0
-1506.0
-311.0
-2100.0
-478.0
-1216.0
2506.0
350.0
-615.0
1447.0
-786.0
2877.0
707.0
1895.0
-550.0
460.0
-1641.0
-234.0
1053.0
292.0
-324.0
-1141.0
454.0
2664.0
-150.0
1384.0
42.0
616.0
324.0
400.0
-244.0
-565.0
920.0
923.0
-827.0
495.0
-198.0
-554.0
174.0
710.0
-76.0
2161.0
