# ML Assets
-666.0
369.0
804.0
1621.0
828.0
2032.0
1780.0
1077.0
1199.0
1711.0
872.0
903.0
1707.0
2575.0
306.0
-99.0
2671.0
965.0
2839.0
2193.0
39.0
1025.0
1337.0
406.0
1678.0
1153.0
278.0
924.0
213.0
1990.0
-210.0
1441.0
-109.0
705.0
-737.0
1209.0
835.0
557.0
565.0
968.0
-679.0
518.0
2967.0
2773.0
292.0
-1037.0
99.0
756.0
968.0
947.0
-693.0
2287.0
-5.0
1344.0
1378.0
-499.0
2843.0
-50.0
1589.0
673.0
-400.0
674.0
888.0
1419.0
1828.0
-1719.0
2207.0
1588.0
412.0
681.0
2383.0
425.0
1476.0
67.0
720.0
2704.0
3094.0
862.0
2151.0
899.0
-463.0
1367.0
327.0
704.0
2018.0
721.0
122.0
-2309.0
232.0
405.0
1281.0
2101.0
874.0
1367.0
-767.0
3404.0
1096.0
-452.0
-197.0
1077.0
1167.0
1734.0
178.0
1504.0
2338.0
249.0
514.0
1475.0
1015.0
-447.0
-676.0
566.0
-178.0
-956.0
759.0
1164.0
598.0
324.0
364.0
1419.0
78.0
1072.0
-128.0
891.0
2392.0
337.0
884.0
-655.0
1022.0
1152.0
252.0
1334.0
1422.0
327.0
-209.0
1572.0
1108.0
-560.0
-663.0
1567.0
202.0
1104.0
1220.0
1129.0
-1458.0
-2257.0
-79.0
106.0
1435.0
1275.0
1783.0
752.0
1142.0
1004.0
1494.0
3045.0
-69.0
250.0
-53.0
1073.0
1828.0
-325.0
315.0
1772.0
1346.0
523.0
1076.0
260.0
1736.0
1501.0
215.0
-337.0
78.0
-753.0
48.0
2584.0
-251.0
1371.0
625.0
556.0
1388.0
1879.0
774.0
1897.0
2828.0
781.0
1392.0
1004.0
2041.0
1200.0
2044.0
2127.0
-844.0
1391.0
372.0
2385.0
1929.0
-1.0
21.0
659.0
