# ML Assets
1281.0
1520.0
-54.0
1534.0
1021.0
2371.0
-299.0
1551.0
479.0
-765.0
1331.0
-560.0
-893.0
1273.0
1366.0
1979.0
891.0
1082.0
1857.0
-1590.0
541.0
1095.0
916.0
1803.0
-970.0
-619.0
1107.0
1089.0
817.0
1368.0
656.0
2901.0
-397.0
-265.0
1693.0
2340.0
1763.0
-211.0
423.0
942.0
296.0
694.0
376.0
1503.0
411.0
1838.0
2308.0
2624.0
2097.0
1315.0
1706.0
719.0
2282.0
558.0
2523.0
-925.0
1630.0
127.0
1355.0
1894.0
0.0
1089.0
826.0
-383.0
177.0
1688.0
457.0
-654.0
1444.0
1960.0
485.0
1301.0
1628.0
439.0
1612.0
890.0
-205.0
749.0
2537.0
675.0
2119.0
1232.0
1767.0
-282.0
597.0
2049.0
2191.0
576.0
1689.0
2393.0
587.0
1241.0
-208.0
-703.0
1489.0
1566.0
-1562.0
-1033.0
450.0
2855.0
-739.0
-412.0
649.0
569.0
30.0
492.0
790.0
-176.0
1578.0
2201.0
862.0
2209.0
2245.0
2494.0
1181.0
612.0
-478.0
758.0
-905.0
-951.0
-17.0
-556.0
755.0
-1145.0
-335.0
892.0
198.0
725.0
3747.0
1029.0
2553.0
730.0
1018.0
1441.0
-705.0
2852.0
318.0
1246.0
533.0
792.0
889.0
-222.0
-199.0
2127.0
2438.0
2062.0
1768.0
-312.0
389.0
-1683.0
2992.0
981.0
341.0
1828.0
1701.0
803.0
-978.0
2991.0
3448.0
839.0
-117.0
1668.0
-160.0
673.0
1786.0
-500.0
-1534.0
2820.0
720.0
-806.0
734.0
739.0
2800.0
759.0
446.0
2585.0
521.0
1672.0
-1749.0
102.0
131.0
-1292.0
2257.0
918.0
1019.0
1459.0
584.0
1796.0
386.0
496.0
973.0
170.0
-2068.0
-708.0
2108.0
64.0
2950.0
-127.0
1826.0
672.0
1109.0
368.0
2567.0
803.0
283.0
401.0
-304.0
2588.0
2035.0
785.0
852.0
1116.0
3062.0
2595.0
821.0
1013.0
-1452.0
362.0
-468.0
640.0
203.0
777.0
2992.0
-495.0
238.0
217.0
-1401.0
-122.0
-361.0
1654.0
1074.0
694.0
1109.0
39.0
770.0
1025.0
1256.0
800.0
-390.0
1546.0
-538.0
1286.0
843.0
-255.0
289.0
2401.0
-2208.0
-333.0
1463.0
1904.0
-196.0
-187.0
-758.0
1875.0
-46.0
-74.0
1611.0
1102.0
-1386.0
2346.0
20.0
1018.0
3748.0
273.0
1006.0
3074.0
18.0
2161.0
-425.0
664.0
-831.0
55.0
1598.0
1985.0
318.0
2787.0
1524.0
2324.0
1287.0
2777.0
444.0
3281.0
-1553.0
-1201.0
-503.0
22.0
-351.0
-42.0
1838.0
-436.0
445.0
1080.0
1336.0
2295.0
1348.0
-152.0
2351.0
1868.0
150.0
419.0
-495.0
431.0
2037.0
209.0
1739.0
538.0
-488.0
149.0
898.0
1282.0
-952.0
1325.0
547.0
2230.0
1380.0
782.0
2381.0
50.0
2623.0
42.0
1736.0
384.0
489.0
-99.0
-240.0
1163.0
2301.0
1004.0
155.0
-911.0
379.0
2393.0
2331.0
-177.0
1303.0
2367.0
1854.0
862.0
-1257.0
-1247.0
1237.0
630.0
812.0
761.0
2949.0
594.0
165.0
-222.0
-391.0
482.0
1403.0
826.0
1174.0
1460.0
1110.0
-466.0
731.0
891.0
1934.0
-1748.0
2448.0
1027.0
451.0
1114.0
1808.0
1915.0
1287.0
1032.0
-1741.0
1496.0
509.0
1268.0
595.0
2409.0
1028.0
-1022.0
457.0
2581.0
191.0
-48.0
258.0
1766.0
988.0
633.0
1620.0
1181.0
1265.0
406.0
1604.0
-1454.0
-1127.0
1776.0
-419.0
1008.0
815.0
2608.0
989.0
605.0
2375.0
1937.0
3141.0
-1351.0
988.0
702.0
481.0
1068.0
249.0
102.0
1053.0
1956.0
645.0
236.0
-741.0
525.0
160.0
2471.0
766.0
309.0
1071.0
2861.0
890.0
1659.0
3317.0
2430.0
1650.0
1536.0
1626.0
1156.0
4518.0
2080.0
181.0
136.0
76.0
466.0
1084.0
1795.0
-33.0
927.0
118.0
1838.0
-30.0
2883.0
-132.0
1188.0
1561.0
913.0
-1279.0
651.0
2540.0
1272.0
2640.0
1735.0
934.0
870.0
-886.0
-46.0
1929.0
1391.0
443.0
-323.0
1015.0
2127.0
1024.0
-1026.0
1066.0
1696.0
250.0
914.0
-332.0
2141.0
945.0
1279.0
1470.0
2115.0
693.0
-242.0
-484.0
1365.0
2673.0
903.0
981.0
-256.0
-246.0
1161.0
519.0
-757.0
-616.0
2550.0
-1483.0
1789.0
679.0
2914.0
1530.0
2847.0
700.0
1334.0
1587.0
368.0
679.0
-307.0
788.0
1253.0
-91.0
479.0
192.0
-884.0
-347.0
523.0
272.0
526.0
-13.0
210.0
2416.0
1551.0
1462.0
118.0
1510.0
-517.0
1980.0
1555.0
-945.0
-166.0
319.0
782.0
-532.0
869.0
-308.0
-74.0
3147.0
642.0
967.0
646.0
896.0
-440.0
430.0
1353.0
1237.0
2177.0
-1124.0
1115.0
1591.0
253.0
651.0
-1337.0
-524.0
1471.0
864.0
1817.0
1367.0
417.0
387.0
3152.0
2105.0
2083.0
601.0
-922.0
810.0
1096.0
2194.0
2107.0
1531.0
168.0
939.0
-101.0
1009.0
402.0
-225.0
545.0
667.0
1350.0
1086.0
2072.0
1850.0
1750.0
-431.0
220.0
691.0
1999.0
416.0
1806.0
1110.0
909.0
926.0
87.0
280.0
917.0
2746.0
890.0
1799.0
974.0
1416.0
740.0
-1050.0
2339.0
972.0
1758.0
514.0
-1151.0
1940.0
309.0
