-517.0
283.0
-100.0
1268.0
322.0
42.0
389.0
754.0
461.0
-262.0
938.0
947.0
163.0
148.0
1469.0
120.0
1165.0
1231.0
1284.0
691.0
66.0
868.0
-240.0
731.0
119.0
1150.0
-1072.0
-609.0
1484.0
871.0
196.0
864.0
-182.0
560.0
1017.0
-725.0
-165.0
904.0
194.0
239.0
230.0
377.0
-23.0
575.0
524.0
-199.0
159.0
1028.0
645.0
391.0
1021.0
556.0
1741.0
-159.0
1796.0
-82.0
271.0
224.0
-415.0
226.0
170.0
1279.0
1165.0
502.0
532.0
246.0
1099.0
970.0
1107.0
1076.0
4.0
162.0
-556.0
-750.0
628.0
1827.0
257.0
870.0
676.0
1239.0
1496.0
-685.0
643.0
1494.0
170.0
412.0
-63.0
1573.0
285.0
1116.0
243.0
63.0
1231.0
103.0
1139.0
2002.0
301.0
421.0
511.0
115.0
-801.0
1861.0
-67.0
1196.0
1180.0
-560.0
1235.0
-162.0
1089.0
251.0
-735.0
33.0
207.0
89.0
1089.0
-74.0
511.0
1546.0
1416.0
642.0
-79.0
1600.0
517.0
1592.0
-660.0
291.0
2875.0
187.0
1319.0
1216.0
-409.0
-1288.0
1453.0
536.0
22.0
608.0
1214.0
1297.0
971.0
334.0
606.0
716.0
1506.0
975.0
250.0
1129.0
1081.0
299.0
458.0
-101.0
1894.0
1372.0
58.0
22.0
1846.0
1247.0
-889.0
787.0
696.0
-679.0
608.0
120.0
-449.0
-985.0
1275.0
1029.0
1004.0
-287.0
1833.0
356.0
154.0
903.0
-282.0
1112.0
837.0
-233.0
1179.0
185.0
469.0
-16.0
1969.0
-1627.0
177.0
246.0
754.0
1047.0
674.0
1321.0
1033.0
24.0
64.0
275.0
59.0
1673.0
-126.0
341.0
-619.0
1153.0
434.0
612.0
958.0
875.0
22.0
1533.0
474.0
-743.0
791.0
-78.0
1433.0
-120.0
890.0
638.0
-771.0
643.0
-317.0
247.0
1271.0
1031.0
1401.0
1079.0
797.0
870.0
322.0
-11.0
-778.0
9.0
946.0
783.0
836.0
1053.0
1344.0
-450.0
-96.0
665.0
2292.0
1675.0
728.0
1631.0
1079.0
1134.0
517.0
1943.0
180.0
492.0
-223.0
1093.0
-151.0
610.0
-28.0
1183.0
50.0
778.0
571.0
985.0
338.0
1460.0
-387.0
1404.0
130.0
619.0
17.0
1442.0
1761.0
-192.0
801.0
1885.0
-218.0
289.0
443.0
-921.0
-660.0
575.0
105.0
98.0
398.0
2509.0
409.0
1236.0
632.0
1237.0
-270.0
1251.0
-571.0
590.0
1483.0
-30.0
1137.0
1935.0
983.0
91.0
863.0
754.0
-121.0
420.0
-827.0
-141.0
904.0
-93.0
82.0
754.0
-630.0
676.0
-81.0
-268.0
653.0
-255.0
885.0
-636.0
-157.0
905.0
-314.0
911.0
-463.0
1703.0
-1136.0
1848.0
1826.0
2000.0
33.0
271.0
541.0
-590.0
-410.0
162.0
-542.0
1503.0
1044.0
1551.0
352.0
-101.0
1469.0
-181.0
-247.0
1266.0
1259.0
11.0
1190.0
1314.0
-1350.0
5.0
1013.0
-649.0
888.0
1497.0
861.0
112.0
875.0
-478.0
664.0
987.0
-397.0
13.0
-94.0
-1175.0
836.0
1228.0
162.0
1068.0
-570.0
862.0
-179.0
756.0
-231.0
993.0
-53.0
1157.0
-290.0
966.0
611.0
-171.0
335.0
1078.0
661.0
-513.0
1146.0
-74.0
783.0
648.0
-291.0
922.0
775.0
1256.0
840.0
1609.0
-302.0
1322.0
73.0
-997.0
-13.0
1311.0
78.0
1061.0
337.0
-215.0
267.0
75.0
953.0
698.0
1758.0
-57.0
13.0
-1129.0
1769.0
1842.0
538.0
-1.0
61.0
392.0
-630.0
848.0
368.0
214.0
1214.0
787.0
124.0
922.0
-195.0
-594.0
216.0
804.0
-370.0
604.0
-1259.0
-486.0
-441.0
1967.0
182.0
227.0
961.0
-280.0
548.0
421.0
1257.0
671.0
-733.0
785.0
433.0
383.0
966.0
1204.0
1335.0
-34.0
-115.0
866.0
569.0
28.0
192.0
1709.0
-511.0
2486.0
-161.0
385.0
144.0
-44.0
293.0
-1250.0
376.0
-481.0
403.0
472.0
399.0
858.0
-889.0
116.0
1210.0
749.0
1161.0
567.0
493.0
778.0
1578.0
1010.0
1181.0
1132.0
548.0
-416.0
96.0
630.0
-776.0
236.0
1179.0
602.0
-832.0
459.0
1376.0
1573.0
1283.0
236.0
607.0
226.0
102.0
308.0
123.0
323.0
843.0
1599.0
-15.0
829.0
1045.0
-50.0
621.0
-427.0
977.0
1373.0
492.0
1437.0
-538.0
351.0
8.0
592.0
526.0
-512.0
-446.0
712.0
1165.0
714.0
176.0
1016.0
584.0
242.0
62.0
381.0
291.0
1245.0
76.0
-811.0
1230.0
745.0
187.0
-168.0
2391.0
1274.0
-371.0
668.0
-928.0
194.0
615.0
242.0
1594.0
946.0
802.0
-67.0
577.0
1393.0
1516.0
947.0
-157.0
1227.0
285.0
377.0
-229.0
673.0
340.0
1186.0
665.0
-888.0
1164.0
346.0
1029.0
1984.0
1748.0
2195.0
4.0
545.0
1613.0
842.0
1149.0
1348.0
557.0
1387.0
490.0
593.0
578.0
-416.0
1383.0
61.0
1247.0
544.0
946.0
-381.0
-123.0
30.0
829.0
1980.0
-154.0
-225.0
983.0
594.0
-182.0
501.0
-458.0
1089.0
1246.0
1036.0
1652.0
37.0
449.0
379.0
-886.0
1549.0
-519.0
367.0
424.0
19.0
-64.0
946.0
-196.0
420.0
1090.0
820.0
2228.0
-30.0
609.0
1595.0
367.0
-514.0
157.0
1735.0
-92.0
567.0
829.0
-388.0
-275.0
17.0
1564.0
861.0
826.0
1745.0
1191.0
1618.0
454.0
-486.0
1619.0
1261.0
1037.0
-331.0
2.0
1124.0
675.0
-1386.0
1046.0
718.0
1848.0
1578.0
-801.0
504.0
480.0
874.0
-1093.0
1322.0
1015.0
-112.0
-309.0
514.0
972.0
-913.0
265.0
846.0
993.0
488.0
297.0
1153.0
-1019.0
203.0
843.0
901.0
838.0
765.0
1427.0
1663.0
123.0
1056.0
1073.0
2409.0
1152.0
419.0
88.0
998.0
-115.0
237.0
318.0
-543.0
805.0
-629.0
1259.0
224.0
632.0
-97.0
324.0
151.0
843.0
958.0
-92.0
194.0
-55.0
583.0
170.0
299.0
968.0
575.0
999.0
32.0
-1311.0
1383.0
1574.0
1130.0
-578.0
509.0
1007.0
2128.0
407.0
587.0
335.0
-236.0
320.0
-86.0
614.0
470.0
673.0
342.0
-655.0
67.0
685.0
841.0
94.0
508.0
806.0
1650.0
157.0
1464.0
44.0
992.0
-722.0
-55.0
-128.0
-126.0
-1126.0
64.0
-80.0
1171.0
1062.0
1976.0
463.0
565.0
-281.0
1605.0
400.0
633.0
728.0
-226.0
693.0
311.0
437.0
63.0
1492.0
804.0
506.0
716.0
1679.0
933.0
-222.0
262.0
-149.0
18.0
-317.0
-432.0
403.0
-564.0
-233.0
-160.0
-248.0
146.0
354.0
49.0
367.0
17.0
861.0
552.0
813.0
712.0
994.0
1680.0
-1018.0
605.0
1608.0
-1379.0
-403.0
577.0
927.0
522.0
748.0
1387.0
1033.0
-793.0
38.0
679.0
82.0
417.0
119.0
1550.0
723.0
1012.0
191.0
1.0
245.0
948.0
-795.0
-1561.0
264.0
-790.0
504.0
306.0
142.0
1292.0
640.0
-471.0
216.0
85.0
1172.0
232.0
1384.0
775.0
467.0
665.0
746.0
2250.0
592.0
792.0
-847.0
690.0
276.0
1007.0
1147.0
-174.0
1564.0
-206.0
395.0
1799.0
815.0
643.0
712.0
1108.0
-144.0
3030.0
1109.0
605.0
-727.0
-106.0
-333.0
-940.0
908.0
-225.0
-85.0
1002.0
-473.0
-213.0
1449.0
33.0
1507.0
1389.0
207.0
-78.0
457.0
999.0
1181.0
-1064.0
456.0
1369.0
-298.0
919.0
1870.0
635.0
870.0
1048.0
478.0
279.0
754.0
561.0
886.0
-41.0
-60.0
749.0
-193.0
-302.0
609.0
1871.0
2742.0
-60.0
-1243.0
363.0
-290.0
998.0
1227.0
-182.0
363.0
536.0
352.0
-177.0
-529.0
878.0
90.0
665.0
1388.0
2085.0
543.0
-402.0
-117.0
447.0
828.0
-151.0
-235.0
549.0
22.0
178.0
1144.0
-1367.0
-234.0
832.0
1857.0
-220.0
373.0
116.0
577.0
765.0
1076.0
319.0
270.0
1975.0
-442.0
978.0
1052.0
806.0
1481.0
927.0
859.0
550.0
985.0
-282.0
118.0
21.0
-383.0
485.0
279.0
601.0
486.0
1144.0
850.0
310.0
-530.0
1122.0
-987.0
92.0
813.0
213.0
-1090.0
437.0
-834.0
393.0
1288.0
-201.0
81.0
1442.0
109.0
2162.0
1027.0
1228.0
1121.0
529.0
118.0
737.0
1080.0
729.0
-87.0
-200.0
-52.0
574.0
85.0
1216.0
-16.0
300.0
491.0
1276.0
379.0
1120.0
204.0
944.0
218.0
1112.0
149.0
1279.0
1372.0
1645.0
985.0
198.0
1130.0
449.0
1143.0
417.0
-1215.0
1034.0
198.0
-1230.0
972.0
2395.0
1581.0
-454.0
-367.0
918.0
75.0
250.0
-327.0
-243.0
55.0
551.0
1292.0
-659.0
-74.0
469.0
-739.0
-771.0
612.0
477.0
-39.0
897.0
-283.0
839.0
879.0
2062.0
1482.0
-737.0
270.0
733.0
1386.0
517.0
592.0
-91.0
-334.0
552.0
956.0
1164.0
898.0
692.0
-149.0
330.0
595.0
1803.0
-564.0
1090.0
729.0
-643.0
-134.0
1045.0
-720.0
-111.0
854.0
1680.0
-1176.0
-137.0
481.0
104.0
281.0
934.0
472.0
379.0
85.0
665.0
1557.0
327.0
189.0
1766.0
-1217.0
-342.0
275.0
862.0
457.0
1027.0
327.0
-665.0
1484.0
213.0
1489.0
-17.0
142.0
378.0
458.0
847.0
430.0
999.0
656.0
558.0
535.0
583.0
915.0
775.0
1134.0
632.0
-974.0
1491.0
850.0
2512.0
-151.0
528.0
1403.0
-243.0
1438.0
-289.0
-126.0
596.0
840.0
1666.0
131.0
1482.0
949.0
933.0
-428.0
-447.0
1044.0
755.0
-165.0
1669.0
-366.0
634.0
1485.0
1128.0
773.0
1794.0
164.0
258.0
-545.0
131.0
-793.0
247.0
168.0
867.0
98.0
455.0
666.0
1626.0
431.0
1119.0
668.0
777.0
1172.0
-119.0
781.0
789.0
1144.0
957.0
482.0
242.0
491.0
237.0
1211.0
700.0
1231.0
884.0
-1057.0
466.0
-51.0
-450.0
4.0
-247.0
631.0
-78.0
957.0
1246.0
221.0
-711.0
-8.0
1033.0
1845.0
416.0
1356.0
-327.0
1747.0
1965.0
603.0
556.0
570.0
676.0
884.0
119.0
458.0
607.0
76.0
-685.0
338.0
607.0
1454.0
109.0
-27.0
-220.0
-1.0
-1726.0
254.0
2108.0
716.0
784.0
156.0
-599.0
1559.0
885.0
795.0
545.0
-135.0
1642.0
-111.0
-34.0
-121.0
241.0
1440.0
-24.0
851.0
1191.0
1681.0
2023.0
1359.0
988.0
463.0
1317.0
2036.0
-136.0
693.0
680.0
390.0
492.0
-228.0
227.0
33.0
983.0
246.0
61.0
-216.0
1089.0
-44.0
551.0
934.0
230.0
19.0
361.0
995.0
1067.0
1163.0
1316.0
834.0
1325.0
515.0
-432.0
120.0
263.0
1066.0
12.0
1259.0
1252.0
637.0
530.0
767.0
1224.0
2220.0
979.0
186.0
773.0
491.0
502.0
-866.0
521.0
1245.0
996.0
1200.0
446.0
1475.0
1121.0
179.0
-145.0
334.0
313.0
-73.0
887.0
1019.0
-487.0
-1221.0
50.0
-1046.0
389.0
1290.0
1570.0
805.0
-982.0
-692.0
307.0
838.0
-177.0
721.0
1553.0
80.0
247.0
-801.0
750.0
2015.0
347.0
360.0
-72.0
-359.0
-109.0
1850.0
-693.0
1413.0
13.0
466.0
897.0
22.0
878.0
1734.0
637.0
-521.0
1040.0
729.0
1816.0
733.0
169.0
30.0
971.0
741.0
5.0
-620.0
734.0
-4.0
1105.0
1011.0
345.0
189.0
1015.0
621.0
715.0
961.0
-128.0
1069.0
617.0
279.0
2752.0
776.0
862.0
266.0
375.0
300.0
185.0
185.0
618.0
322.0
783.0
1486.0
-999.0
888.0
1162.0
1504.0
1112.0
338.0
582.0
717.0
-137.0
-255.0
549.0
-455.0
926.0
-115.0
-69.0
199.0
1055.0
-753.0
1224.0
658.0
291.0
1579.0
1492.0
970.0
127.0
-455.0
580.0
378.0
-664.0
-4.0
967.0
2076.0
1406.0
1721.0
1840.0
197.0
1171.0
-522.0
568.0
863.0
1057.0
1252.0
-324.0
-496.0
131.0
983.0
-22.0
1735.0
932.0
319.0
1563.0
-161.0
653.0
688.0
-156.0
1299.0
919.0
1375.0
887.0
1368.0
642.0
475.0
-135.0
540.0
981.0
432.0
-210.0
970.0
705.0
-264.0
1411.0
206.0
771.0
-377.0
401.0
505.0
600.0
-803.0
1422.0
596.0
126.0
245.0
-946.0
1362.0
-953.0
587.0
-210.0
-258.0
477.0
-47.0
277.0
1859.0
-12.0
674.0
18.0
-619.0
60.0
178.0
1162.0
289.0
618.0
1581.0
130.0
148.0
457.0
1822.0
984.0
289.0
559.0
232.0
791.0
978.0
1126.0
-825.0
737.0
693.0
409.0
1065.0
410.0
408.0
1709.0
1239.0
357.0
1217.0
-161.0
295.0
1284.0
613.0
-528.0
1156.0
-46.0
-210.0
1744.0
625.0
308.0
454.0
77.0
676.0
-243.0
1184.0
-857.0
76.0
26.0
584.0
1209.0
460.0
-77.0
1426.0
-409.0
2077.0
706.0
992.0
877.0
1352.0
233.0
872.0
89.0
1066.0
-263.0
1101.0
121.0
2435.0
541.0
1920.0
-163.0
1704.0
1472.0
716.0
124.0
725.0
1327.0
1027.0
706.0
1020.0
532.0
-210.0
848.0
581.0
730.0
-235.0
-145.0
1431.0
660.0
691.0
923.0
170.0
-351.0
775.0
1589.0
583.0
1135.0
501.0
125.0
1277.0
525.0
253.0
1155.0
-306.0
1129.0
734.0
1368.0
-309.0
-27.0
-547.0
888.0
437.0
471.0
440.0
-67.0
987.0
-481.0
591.0
508.0
1119.0
1099.0
-584.0
934.0
-50.0
-1068.0
-498.0
-140.0
763.0
-1707.0
394.0
400.0
1300.0
-422.0
-735.0
722.0
-219.0
763.0
48.0
356.0
-787.0
-1080.0
11.0
1159.0
497.0
739.0
458.0
141.0
1032.0
861.0
-549.0
-639.0
-672.0
818.0
413.0
110.0
-729.0
534.0
515.0
111.0
-210.0
131.0
-694.0
615.0
-1323.0
1852.0
1372.0
110.0
-87.0
1093.0
432.0
-765.0
923.0
435.0
316.0
1604.0
59.0
163.0
-197.0
265.0
1215.0
139.0
455.0
453.0
-667.0
1336.0
584.0
275.0
103.0
-539.0
1193.0
795.0
319.0
599.0
591.0
-575.0
1049.0
-864.0
1099.0
-900.0
147.0
-124.0
1568.0
691.0
24.0
916.0
636.0
-518.0
-1106.0
1351.0
470.0
889.0
763.0
295.0
233.0
1185.0
154.0
-480.0
1044.0
783.0
316.0
1799.0
211.0
686.0
626.0
542.0
583.0
870.0
1505.0
1049.0
490.0
986.0
430.0
305.0
316.0
134.0
1628.0
392.0
1711.0
468.0
1218.0
-63.0
1200.0
460.0
1703.0
-86.0
1658.0
1278.0
-608.0
548.0
284.0
620.0
457.0
957.0
575.0
680.0
-1088.0
455.0
-844.0
1513.0
226.0
-658.0
1245.0
1879.0
174.0
777.0
291.0
-297.0
1904.0
335.0
320.0
237.0
655.0
246.0
-676.0
648.0
720.0
1433.0
451.0
2777.0
-1317.0
1154.0
257.0
-748.0
531.0
124.0
874.0
-496.0
343.0
1678.0
240.0
355.0
1000.0
216.0
-334.0
-117.0
1132.0
1210.0
913.0
96.0
-1016.0
-204.0
1273.0
-330.0
1198.0
-114.0
1264.0
1587.0
-27.0
419.0
-53.0
-685.0
289.0
730.0
1071.0
1218.0
926.0
177.0
-449.0
-223.0
642.0
1279.0
938.0
892.0
-996.0
1779.0
1145.0
760.0
201.0
106.0
995.0
327.0
814.0
-1074.0
404.0
918.0
874.0
461.0
-270.0
254.0
-209.0
363.0
185.0
1034.0
813.0
1243.0
563.0
181.0
-21.0
222.0
1420.0
1495.0
1026.0
1473.0
279.0
126.0
53.0
85.0
-647.0
832.0
560.0
665.0
721.0
521.0
460.0
719.0
1040.0
280.0
1316.0
1052.0
-814.0
1230.0
-7.0
308.0
49.0
-465.0
234.0
1283.0
491.0
2074.0
1038.0
113.0
-1195.0
759.0
1181.0
1578.0
1021.0
165.0
588.0
1031.0
-341.0
-150.0
873.0
817.0
430.0
211.0
1115.0
932.0
660.0
891.0
-485.0
242.0
-532.0
-194.0
1073.0
357.0
1906.0
637.0
1523.0
364.0
2129.0
842.0
-623.0
815.0
149.0
1843.0
-31.0
-428.0
-42.0
2181.0
934.0
1056.0
540.0
-379.0
1286.0
1451.0
1988.0
389.0
412.0
1140.0
497.0
-279.0
260.0
-52.0
1236.0
725.0
-804.0
919.0
430.0
-421.0
690.0
-729.0
70.0
1784.0
1055.0
-66.0
-427.0
19.0
-1113.0
3.0
476.0
479.0
-423.0
1000.0
-219.0
-17.0
455.0
1033.0
-94.0
-51.0
1027.0
-248.0
530.0
-362.0
464.0
553.0
-167.0
442.0
1765.0
1233.0
388.0
71.0
1584.0
957.0
143.0
158.0
48.0
598.0
205.0
1126.0
1217.0
-65.0
441.0
-500.0
-542.0
195.0
723.0
608.0
115.0
527.0
993.0
-185.0
-721.0
-960.0
-900.0
-391.0
1341.0
676.0
693.0
997.0
355.0
1372.0
502.0
-874.0
419.0
-109.0
387.0
992.0
241.0
379.0
-52.0
-497.0
909.0
559.0
913.0
1026.0
-107.0
775.0
-660.0
113.0
-1467.0
564.0
949.0
1089.0
1027.0
-215.0
1742.0
1412.0
-827.0
745.0
1656.0
1228.0
-203.0
1689.0
777.0
564.0
-223.0
1110.0
-17.0
436.0
59.0
1299.0
-28.0
-594.0
-191.0
229.0
1169.0
208.0
942.0
1647.0
652.0
-542.0
610.0
1012.0
349.0
381.0
