# ZIT Assets
446.0
289.0
-25.0
38.0
118.0
518.0
-646.0
209.0
-872.0
866.0
-583.0
476.0
-198.0
-529.0
-216.0
-838.0
-897.0
-551.0
143.0
448.0
71.0
15.0
671.0
858.0
916.0
136.0
1597.0
921.0
147.0
160.0
-47.0
-553.0
1877.0
-453.0
1731.0
233.0
-721.0
-319.0
-841.0
-371.0
214.0
706.0
-1194.0
-1400.0
-730.0
364.0
-29.0
-424.0
407.0
59.0
-648.0
539.0
-1861.0
924.0
-858.0
550.0
-1590.0
55.0
-1223.0
-408.0
-940.0
-85.0
-29.0
1077.0
-745.0
-866.0
-593.0
1638.0
-681.0
-221.0
102.0
189.0
137.0
-619.0
141.0
915.0
1609.0
911.0
-431.0
-462.0
63.0
595.0
-64.0
-126.0
-2087.0
184.0
-779.0
174.0
-664.0
-350.0
-583.0
1770.0
784.0
646.0
-958.0
337.0
-943.0
-244.0
-142.0
-347.0
-1496.0
-979.0
-330.0
-1116.0
926.0
516.0
492.0
391.0
1643.0
465.0
-770.0
1354.0
1872.0
302.0
-608.0
-940.0
595.0
1797.0
-414.0
823.0
1159.0
1155.0
102.0
794.0
-1279.0
994.0
-560.0
1470.0
289.0
756.0
814.0
-80.0
-19.0
1000.0
-382.0
-340.0
897.0
-616.0
-339.0
-1011.0
-921.0
823.0
-402.0
369.0
-57.0
-137.0
141.0
-465.0
-552.0
523.0
1359.0
-384.0
1360.0
-845.0
95.0
975.0
-10.0
-532.0
1853.0
630.0
-360.0
905.0
-222.0
-1664.0
-758.0
-162.0
1628.0
1222.0
1159.0
-535.0
-229.0
-909.0
-467.0
-936.0
-1701.0
631.0
1049.0
1713.0
-896.0
353.0
366.0
1106.0
-57.0
188.0
1404.0
251.0
10.0
13.0
721.0
1194.0
-56.0
-824.0
-811.0
394.0
-1527.0
780.0
-205.0
-953.0
306.0
230.0
720.0
-554.0
-986.0
-1985.0
461.0
473.0
855.0
-120.0
200.0
-172.0
405.0
452.0
-631.0
1140.0
-1298.0
463.0
-431.0
695.0
1105.0
404.0
-472.0
343.0
186.0
331.0
1652.0
774.0
1325.0
1261.0
-574.0
835.0
-329.0
2008.0
725.0
-1048.0
396.0
-532.0
-637.0
-595.0
926.0
-311.0
-953.0
146.0
482.0
785.0
327.0
-397.0
1306.0
1443.0
-197.0
1136.0
-705.0
-1147.0
1075.0
-904.0
313.0
825.0
585.0
547.0
-472.0
-2302.0
-134.0
1018.0
-219.0
130.0
1387.0
-596.0
1382.0
665.0
644.0
831.0
-432.0
-770.0
-205.0
371.0
-1056.0
205.0
-409.0
115.0
747.0
1199.0
964.0
-813.0
-177.0
355.0
143.0
-120.0
582.0
-307.0
960.0
-126.0
-644.0
-162.0
233.0
555.0
143.0
189.0
-326.0
1497.0
-375.0
-1087.0
-144.0
925.0
1500.0
1064.0
-228.0
-375.0
1212.0
2571.0
555.0
-78.0
-893.0
219.0
-478.0
-912.0
1440.0
995.0
779.0
465.0
1064.0
-124.0
-214.0
494.0
-1289.0
891.0
355.0
387.0
-182.0
-20.0
545.0
1048.0
1432.0
-1381.0
1004.0
1599.0
-609.0
-164.0
746.0
775.0
-1415.0
-185.0
-583.0
1469.0
-525.0
419.0
1222.0
19.0
-1392.0
168.0
740.0
228.0
357.0
-943.0
910.0
-470.0
-484.0
-850.0
-179.0
1438.0
283.0
959.0
62.0
627.0
809.0
1610.0
490.0
1911.0
494.0
-736.0
896.0
-972.0
416.0
-1100.0
441.0
287.0
-308.0
-130.0
166.0
-556.0
609.0
-441.0
528.0
787.0
-1032.0
1270.0
-357.0
699.0
57.0
-224.0
-374.0
132.0
129.0
-103.0
659.0
1541.0
-753.0
-525.0
858.0
1393.0
552.0
1336.0
120.0
-1055.0
1548.0
-1354.0
1634.0
1542.0
1338.0
-592.0
364.0
10.0
1020.0
-16.0
1553.0
-177.0
786.0
-200.0
213.0
-522.0
400.0
931.0
1431.0
-1024.0
317.0
-214.0
383.0
700.0
127.0
-1014.0
-820.0
1565.0
1006.0
791.0
-328.0
1283.0
2008.0
1326.0
-363.0
685.0
302.0
272.0
-523.0
333.0
-553.0
-71.0
14.0
173.0
-1335.0
-1159.0
-674.0
-599.0
715.0
1575.0
-234.0
818.0
1159.0
799.0
-816.0
-1377.0
1716.0
797.0
1950.0
-38.0
761.0
1174.0
491.0
455.0
1008.0
1181.0
-693.0
-458.0
932.0
-413.0
669.0
-973.0
1635.0
-132.0
-420.0
-14.0
-1384.0
98.0
789.0
332.0
-1003.0
-718.0
452.0
639.0
1341.0
936.0
-589.0
518.0
937.0
-1224.0
1161.0
-464.0
-1011.0
493.0
299.0
-703.0
-360.0
-421.0
415.0
976.0
1303.0
-926.0
59.0
-141.0
469.0
-699.0
-1387.0
395.0
-82.0
-218.0
-87.0
1636.0
-1920.0
1261.0
434.0
303.0
1257.0
-24.0
-128.0
676.0
118.0
1479.0
-1365.0
127.0
941.0
-639.0
-281.0
124.0
-935.0
-1388.0
1328.0
483.0
1637.0
292.0
-44.0
-58.0
-160.0
364.0
-1004.0
331.0
-491.0
622.0
-68.0
-667.0
-992.0
747.0
292.0
374.0
-214.0
-1046.0
654.0
-83.0
350.0
-37.0
1271.0
776.0
91.0
122.0
53.0
85.0
614.0
886.0
1353.0
-180.0
1363.0
-756.0
204.0
-948.0
465.0
-582.0
657.0
694.0
414.0
815.0
-1117.0
-92.0
424.0
-77.0
588.0
186.0
-880.0
412.0
-292.0
333.0
416.0
-129.0
2360.0
9.0
254.0
407.0
428.0
697.0
464.0
-1444.0
1104.0
-266.0
-801.0
-784.0
415.0
-259.0
627.0
-596.0
1130.0
160.0
525.0
940.0
-267.0
297.0
-411.0
568.0
529.0
1023.0
635.0
1573.0
590.0
1008.0
-747.0
580.0
1990.0
651.0
1255.0
743.0
1574.0
800.0
-347.0
-1349.0
709.0
-58.0
422.0
-1070.0
-61.0
835.0
776.0
-224.0
109.0
831.0
478.0
-203.0
460.0
67.0
219.0
1729.0
-617.0
786.0
564.0
544.0
-129.0
-1267.0
661.0
-113.0
-746.0
995.0
-541.0
959.0
1102.0
100.0
-85.0
691.0
-296.0
-491.0
643.0
879.0
-7.0
-519.0
-196.0
-619.0
-80.0
1059.0
-376.0
-694.0
1499.0
527.0
-1223.0
-261.0
483.0
297.0
1083.0
8.0
-296.0
65.0
-629.0
884.0
-960.0
478.0
-208.0
1266.0
1230.0
-305.0
1524.0
1502.0
-994.0
113.0
813.0
-376.0
-361.0
-44.0
292.0
2281.0
-927.0
496.0
563.0
-1601.0
496.0
-693.0
-701.0
-112.0
513.0
-88.0
-339.0
785.0
595.0
495.0
1240.0
1061.0
-709.0
28.0
32.0
975.0
1160.0
515.0
1183.0
1204.0
-110.0
218.0
-987.0
310.0
-384.0
21.0
790.0
106.0
204.0
1162.0
-183.0
851.0
665.0
-923.0
-889.0
304.0
1343.0
764.0
-129.0
-1412.0
1686.0
395.0
-1252.0
419.0
1242.0
968.0
175.0
867.0
154.0
1918.0
-881.0
52.0
-456.0
1100.0
1402.0
-296.0
-912.0
1363.0
-451.0
1074.0
-66.0
1040.0
-274.0
156.0
2142.0
1040.0
-961.0
-693.0
-153.0
436.0
-101.0
-1804.0
-311.0
-765.0
957.0
-416.0
-1168.0
-853.0
-457.0
58.0
-212.0
-619.0
-630.0
-35.0
908.0
-34.0
-472.0
703.0
362.0
607.0
1080.0
614.0
341.0
-524.0
1260.0
-274.0
-2010.0
244.0
-160.0
-613.0
488.0
-816.0
427.0
-1036.0
46.0
-576.0
1293.0
42.0
-156.0
-408.0
1598.0
-947.0
-616.0
-213.0
-664.0
1124.0
134.0
-1172.0
1432.0
-76.0
867.0
-946.0
1484.0
311.0
2160.0
-618.0
374.0
-655.0
47.0
-1202.0
-346.0
1090.0
851.0
-866.0
24.0
1410.0
684.0
-665.0
-663.0
-281.0
595.0
459.0
-890.0
-265.0
203.0
219.0
315.0
-251.0
-314.0
1228.0
576.0
-931.0
-179.0
497.0
-1768.0
-942.0
-1456.0
-1008.0
1365.0
-219.0
-62.0
-85.0
1345.0
-76.0
298.0
132.0
740.0
1144.0
1743.0
596.0
-735.0
-356.0
506.0
566.0
32.0
188.0
176.0
635.0
75.0
834.0
162.0
590.0
133.0
601.0
726.0
-665.0
-163.0
517.0
462.0
1311.0
457.0
1445.0
1039.0
1640.0
-174.0
492.0
402.0
794.0
389.0
-619.0
-839.0
-51.0
-72.0
-18.0
-1043.0
-1425.0
259.0
322.0
-579.0
625.0
100.0
-499.0
232.0
-226.0
-513.0
-357.0
-1060.0
611.0
180.0
-864.0
-1416.0
2019.0
1585.0
1066.0
244.0
-610.0
-168.0
1474.0
816.0
263.0
-814.0
-191.0
-1341.0
-1893.0
-350.0
-591.0
-1386.0
-598.0
318.0
1326.0
156.0
-2216.0
-351.0
-532.0
-727.0
355.0
1054.0
112.0
555.0
411.0
-343.0
761.0
366.0
540.0
701.0
888.0
1028.0
1687.0
276.0
350.0
-384.0
1587.0
191.0
-473.0
-856.0
547.0
787.0
381.0
-389.0
-377.0
-206.0
277.0
-805.0
-1010.0
-323.0
1466.0
1308.0
472.0
-186.0
2199.0
720.0
-93.0
-285.0
752.0
501.0
-815.0
-431.0
136.0
-180.0
399.0
344.0
424.0
528.0
75.0
341.0
477.0
