# Raw Asset Values
217.0
-1046.0
-25.0
822.0
-303.0
1495.0
220.0
188.0
-1636.0
1506.0
1133.0
-732.0
1285.0
-306.0
1095.0
-247.0
762.0
1246.0
2616.0
559.0
891.0
-938.0
1168.0
1041.0
-2213.0
325.0
331.0
396.0
1868.0
1109.0
-932.0
-137.0
549.0
1626.0
61.0
1108.0
1620.0
-205.0
228.0
1278.0
725.0
-360.0
-1057.0
1642.0
568.0
-94.0
379.0
-9.0
1007.0
938.0
-609.0
864.0
-49.0
649.0
167.0
483.0
1935.0
-1186.0
370.0
-1328.0
49.0
-437.0
1359.0
-535.0
1157.0
2094.0
-558.0
720.0
179.0
1170.0
-22.0
922.0
600.0
-793.0
830.0
354.0
-170.0
240.0
911.0
-305.0
-432.0
-889.0
68.0
519.0
1053.0
52.0
-1533.0
1315.0
1142.0
556.0
1781.0
-193.0
43.0
422.0
1270.0
1570.0
159.0
74.0
387.0
1479.0
1506.0
1092.0
-49.0
-1082.0
1705.0
598.0
205.0
706.0
770.0
1201.0
383.0
922.0
1230.0
184.0
391.0
1480.0
516.0
191.0
-314.0
285.0
623.0
-1153.0
5.0
-398.0
-717.0
-259.0
574.0
891.0
606.0
1173.0
245.0
1328.0
123.0
-168.0
422.0
69.0
1415.0
497.0
237.0
1098.0
788.0
830.0
980.0
463.0
1404.0
-60.0
1750.0
-444.0
217.0
1982.0
2277.0
1120.0
-729.0
190.0
134.0
-483.0
369.0
1741.0
-204.0
1497.0
1339.0
701.0
1517.0
-623.0
465.0
691.0
-481.0
-854.0
846.0
652.0
615.0
1169.0
465.0
-97.0
535.0
609.0
136.0
647.0
608.0
998.0
2260.0
1452.0
323.0
-136.0
-604.0
312.0
2607.0
1265.0
132.0
795.0
584.0
846.0
1310.0
-1192.0
1220.0
787.0
2088.0
67.0
1013.0
949.0
1042.0
842.0
740.0
-93.0
960.0
680.0
406.0
-217.0
-458.0
-534.0
-649.0
-80.0
-172.0
1225.0
1105.0
1114.0
-74.0
-501.0
1606.0
701.0
1709.0
1248.0
1728.0
-291.0
154.0
505.0
618.0
1416.0
670.0
190.0
1018.0
-149.0
414.0
986.0
1228.0
121.0
116.0
1356.0
-192.0
355.0
-319.0
1083.0
554.0
59.0
-728.0
1092.0
592.0
-455.0
-291.0
278.0
-548.0
-301.0
1665.0
377.0
-81.0
1599.0
509.0
303.0
1246.0
1550.0
-69.0
1092.0
637.0
747.0
222.0
690.0
250.0
-504.0
1713.0
-193.0
2469.0
1036.0
1393.0
303.0
427.0
-133.0
-766.0
1382.0
772.0
400.0
1375.0
-62.0
1195.0
-175.0
313.0
394.0
730.0
-67.0
995.0
2008.0
659.0
-361.0
322.0
788.0
90.0
654.0
383.0
510.0
455.0
475.0
984.0
-589.0
483.0
-418.0
-264.0
-163.0
622.0
197.0
1603.0
-338.0
824.0
517.0
-572.0
104.0
318.0
-169.0
-134.0
885.0
820.0
989.0
38.0
423.0
697.0
373.0
718.0
342.0
1162.0
187.0
661.0
673.0
600.0
203.0
1470.0
925.0
1898.0
120.0
-392.0
-481.0
489.0
1077.0
-972.0
1638.0
1940.0
822.0
1145.0
934.0
465.0
1319.0
1080.0
1120.0
1086.0
-229.0
2298.0
1292.0
559.0
-264.0
437.0
571.0
-1016.0
260.0
502.0
-428.0
449.0
-331.0
707.0
372.0
492.0
1707.0
167.0
920.0
-228.0
187.0
367.0
1966.0
-367.0
412.0
759.0
2265.0
1942.0
467.0
-594.0
636.0
-317.0
382.0
905.0
1695.0
531.0
-729.0
972.0
-132.0
-291.0
1465.0
107.0
29.0
778.0
-365.0
74.0
-235.0
560.0
572.0
586.0
198.0
-188.0
424.0
199.0
467.0
-1109.0
1572.0
1423.0
245.0
765.0
569.0
965.0
469.0
-215.0
-218.0
530.0
248.0
342.0
485.0
381.0
-1613.0
-125.0
949.0
-364.0
-758.0
467.0
-201.0
1159.0
813.0
561.0
12.0
827.0
1533.0
188.0
197.0
1575.0
644.0
1168.0
308.0
646.0
1555.0
-308.0
-299.0
875.0
2278.0
-979.0
-1523.0
1913.0
554.0
223.0
-623.0
309.0
1312.0
819.0
335.0
614.0
215.0
957.0
678.0
163.0
-4.0
1428.0
486.0
264.0
325.0
333.0
115.0
-193.0
-68.0
483.0
2462.0
1672.0
-222.0
564.0
201.0
1916.0
-480.0
670.0
966.0
266.0
593.0
-276.0
777.0
-98.0
387.0
-19.0
921.0
1090.0
-171.0
1133.0
945.0
-1115.0
822.0
2475.0
245.0
354.0
-298.0
-198.0
1278.0
863.0
-574.0
-320.0
533.0
1825.0
-381.0
933.0
943.0
813.0
137.0
89.0
581.0
153.0
1284.0
902.0
1841.0
1107.0
949.0
-251.0
999.0
1011.0
544.0
621.0
63.0
2201.0
314.0
1195.0
466.0
1099.0
1087.0
787.0
820.0
766.0
1198.0
-637.0
-47.0
1168.0
547.0
-20.0
85.0
536.0
1043.0
304.0
873.0
603.0
-411.0
779.0
1203.0
423.0
682.0
220.0
261.0
68.0
724.0
1272.0
1477.0
923.0
2467.0
867.0
-807.0
864.0
1129.0
-87.0
-512.0
2728.0
1439.0
1614.0
1843.0
435.0
1534.0
-358.0
392.0
214.0
-72.0
392.0
1402.0
1443.0
2398.0
1135.0
1156.0
347.0
-549.0
1026.0
-247.0
140.0
532.0
485.0
270.0
1783.0
1187.0
-1077.0
115.0
607.0
1506.0
-597.0
123.0
-563.0
1588.0
-1366.0
275.0
1143.0
801.0
729.0
-6.0
-997.0
-525.0
34.0
1574.0
785.0
1779.0
-647.0
463.0
257.0
-807.0
42.0
1150.0
668.0
1435.0
1210.0
1093.0
269.0
1155.0
423.0
762.0
724.0
215.0
574.0
790.0
1156.0
1020.0
512.0
668.0
939.0
885.0
-380.0
1131.0
700.0
1261.0
83.0
-96.0
1917.0
1003.0
-36.0
-524.0
2586.0
-415.0
1168.0
-1187.0
804.0
748.0
-1755.0
235.0
750.0
840.0
303.0
38.0
966.0
-212.0
388.0
862.0
1357.0
153.0
303.0
-893.0
562.0
434.0
725.0
991.0
-503.0
143.0
566.0
907.0
-1667.0
871.0
110.0
625.0
-1037.0
918.0
158.0
1118.0
151.0
-379.0
1747.0
364.0
474.0
598.0
1721.0
629.0
424.0
-379.0
498.0
129.0
696.0
986.0
1539.0
659.0
95.0
167.0
931.0
1652.0
544.0
-767.0
120.0
-44.0
134.0
1554.0
1735.0
659.0
954.0
922.0
-618.0
1083.0
1728.0
877.0
792.0
-739.0
21.0
1938.0
496.0
1336.0
248.0
558.0
668.0
1198.0
1536.0
-16.0
43.0
871.0
1438.0
151.0
1134.0
373.0
1318.0
-434.0
864.0
-299.0
90.0
772.0
481.0
-512.0
137.0
538.0
1136.0
1462.0
-15.0
-94.0
-413.0
-423.0
649.0
-496.0
302.0
-293.0
1011.0
632.0
939.0
1148.0
-1387.0
192.0
1139.0
1990.0
-2103.0
82.0
-142.0
-141.0
776.0
279.0
1065.0
171.0
-338.0
-299.0
1032.0
146.0
6.0
-80.0
1033.0
-161.0
424.0
-102.0
-1764.0
-490.0
189.0
1302.0
586.0
1538.0
1270.0
911.0
-764.0
799.0
-46.0
1341.0
747.0
1502.0
321.0
796.0
-123.0
-248.0
226.0
-132.0
203.0
1022.0
1391.0
442.0
963.0
1684.0
-225.0
-388.0
770.0
424.0
1675.0
1840.0
-158.0
605.0
1433.0
-151.0
335.0
-593.0
663.0
2513.0
324.0
394.0
575.0
-1838.0
753.0
549.0
-312.0
210.0
743.0
1108.0
1420.0
273.0
1396.0
1107.0
935.0
872.0
476.0
-513.0
821.0
418.0
1161.0
509.0
1420.0
162.0
-255.0
844.0
303.0
626.0
-1441.0
874.0
647.0
911.0
273.0
1062.0
2117.0
-838.0
898.0
-824.0
567.0
1039.0
-1182.0
60.0
354.0
566.0
815.0
1070.0
-111.0
158.0
46.0
2571.0
1846.0
682.0
422.0
738.0
1094.0
1550.0
1262.0
-497.0
1196.0
286.0
378.0
520.0
-532.0
399.0
-946.0
751.0
1197.0
-293.0
1403.0
123.0
79.0
1064.0
151.0
326.0
1179.0
386.0
434.0
395.0
157.0
449.0
578.0
1624.0
-32.0
2579.0
154.0
949.0
-296.0
307.0
161.0
883.0
942.0
159.0
2317.0
1175.0
1169.0
-121.0
-505.0
378.0
1168.0
-972.0
614.0
181.0
-325.0
1173.0
-630.0
-178.0
1163.0
545.0
-215.0
293.0
-996.0
732.0
451.0
941.0
1057.0
10.0
645.0
999.0
2270.0
-202.0
758.0
1237.0
-461.0
-419.0
-193.0
559.0
450.0
1414.0
-662.0
1475.0
-324.0
667.0
448.0
573.0
847.0
861.0
1076.0
777.0
1086.0
327.0
152.0
-336.0
1324.0
220.0
-691.0
532.0
454.0
-12.0
1300.0
-360.0
613.0
491.0
328.0
229.0
865.0
1328.0
-960.0
69.0
1312.0
-798.0
1042.0
1063.0
1135.0
1715.0
-254.0
274.0
139.0
799.0
898.0
534.0
-57.0
1106.0
933.0
468.0
-265.0
-837.0
833.0
-939.0
1153.0
296.0
-751.0
-75.0
-195.0
74.0
-48.0
-377.0
88.0
-139.0
436.0
-1084.0
2299.0
814.0
-74.0
1737.0
1239.0
-849.0
1841.0
901.0
61.0
746.0
-647.0
1606.0
89.0
298.0
1481.0
-609.0
596.0
14.0
1469.0
1779.0
386.0
1599.0
35.0
174.0
918.0
197.0
617.0
934.0
943.0
201.0
609.0
-389.0
559.0
930.0
-715.0
957.0
52.0
392.0
1562.0
1117.0
1055.0
-602.0
316.0
-70.0
211.0
1063.0
1044.0
-62.0
1010.0
1837.0
-584.0
-372.0
-55.0
-1188.0
413.0
-334.0
466.0
578.0
1397.0
1192.0
1318.0
1428.0
654.0
-895.0
1028.0
-50.0
53.0
677.0
-64.0
1313.0
2363.0
699.0
912.0
829.0
424.0
12.0
174.0
-578.0
733.0
-454.0
1063.0
1928.0
-127.0
-981.0
72.0
1650.0
30.0
-5.0
1553.0
1593.0
-18.0
359.0
1239.0
405.0
350.0
-1241.0
-16.0
-559.0
630.0
1540.0
-733.0
1214.0
710.0
682.0
277.0
832.0
475.0
785.0
1256.0
-432.0
1198.0
2303.0
1493.0
760.0
312.0
-330.0
-178.0
560.0
1290.0
264.0
-9.0
494.0
312.0
62.0
889.0
449.0
1093.0
108.0
1892.0
843.0
396.0
1234.0
1206.0
878.0
314.0
103.0
1826.0
-292.0
238.0
-570.0
1679.0
-26.0
-568.0
533.0
-334.0
209.0
1045.0
1138.0
1312.0
1069.0
1550.0
1081.0
485.0
296.0
1169.0
1396.0
-554.0
440.0
2041.0
61.0
-966.0
737.0
644.0
-1211.0
1427.0
349.0
-34.0
862.0
-207.0
-177.0
264.0
567.0
279.0
454.0
1143.0
901.0
-80.0
1840.0
-999.0
1599.0
-12.0
1287.0
-648.0
632.0
357.0
1011.0
18.0
588.0
-199.0
1743.0
159.0
177.0
-10.0
1541.0
1298.0
-581.0
1241.0
1082.0
409.0
485.0
499.0
1705.0
-596.0
307.0
1942.0
2627.0
425.0
1586.0
436.0
988.0
-1131.0
920.0
1476.0
-145.0
1835.0
349.0
716.0
-1273.0
913.0
-21.0
1511.0
1302.0
1649.0
850.0
-368.0
-1168.0
541.0
-1026.0
1261.0
1259.0
-144.0
350.0
-98.0
1086.0
-97.0
1300.0
493.0
383.0
186.0
46.0
-467.0
271.0
230.0
-626.0
573.0
380.0
1255.0
915.0
1234.0
1846.0
1295.0
1000.0
568.0
713.0
130.0
2453.0
393.0
1080.0
160.0
1329.0
864.0
-53.0
-173.0
972.0
-279.0
2754.0
325.0
56.0
194.0
542.0
22.0
-796.0
-314.0
-474.0
1398.0
322.0
502.0
404.0
-869.0
-64.0
603.0
226.0
2798.0
238.0
-338.0
1166.0
425.0
712.0
419.0
172.0
1569.0
482.0
311.0
269.0
1565.0
1167.0
91.0
1071.0
2167.0
-217.0
1189.0
-942.0
162.0
-4.0
1024.0
392.0
314.0
307.0
715.0
206.0
1227.0
-297.0
-289.0
-47.0
760.0
1270.0
1121.0
880.0
789.0
891.0
712.0
352.0
-207.0
349.0
173.0
511.0
1343.0
-44.0
542.0
-115.0
1949.0
1489.0
1327.0
785.0
1737.0
1164.0
826.0
197.0
1147.0
1367.0
5.0
57.0
-460.0
359.0
-16.0
-1391.0
-268.0
766.0
-568.0
65.0
-162.0
408.0
564.0
266.0
136.0
456.0
680.0
1817.0
1372.0
1939.0
817.0
398.0
921.0
736.0
-355.0
916.0
316.0
1311.0
819.0
-690.0
1992.0
936.0
134.0
2031.0
1337.0
-1620.0
-8.0
510.0
356.0
59.0
384.0
256.0
633.0
1980.0
476.0
-683.0
74.0
-319.0
-560.0
1065.0
-383.0
2088.0
1567.0
299.0
464.0
-623.0
1722.0
1208.0
1556.0
1099.0
616.0
1076.0
197.0
1267.0
1931.0
102.0
1959.0
351.0
2237.0
-167.0
839.0
1277.0
199.0
2372.0
-393.0
1516.0
335.0
1749.0
-992.0
1297.0
1749.0
2034.0
1279.0
933.0
334.0
-87.0
1643.0
1270.0
1587.0
1832.0
272.0
1602.0
464.0
1100.0
1333.0
643.0
1198.0
54.0
662.0
340.0
1025.0
559.0
990.0
521.0
-393.0
-417.0
509.0
847.0
160.0
1090.0
-788.0
445.0
1514.0
1377.0
268.0
1769.0
-6.0
64.0
2097.0
-98.0
-439.0
1727.0
883.0
-633.0
409.0
-547.0
443.0
913.0
-269.0
1381.0
9.0
1926.0
1220.0
1255.0
274.0
-452.0
187.0
181.0
270.0
111.0
185.0
1174.0
-284.0
784.0
1751.0
2579.0
571.0
-260.0
1741.0
1036.0
-113.0
1595.0
358.0
215.0
187.0
2605.0
1432.0
282.0
1253.0
515.0
1593.0
348.0
388.0
327.0
792.0
321.0
-452.0
-108.0
-282.0
491.0
-624.0
983.0
371.0
1879.0
216.0
1193.0
438.0
717.0
998.0
704.0
-260.0
1070.0
-240.0
253.0
-76.0
-98.0
-127.0
683.0
149.0
770.0
-1428.0
414.0
360.0
-50.0
1048.0
705.0
452.0
1249.0
434.0
375.0
-144.0
-362.0
524.0
1106.0
1781.0
-5.0
-1010.0
695.0
1560.0
966.0
508.0
2636.0
906.0
552.0
341.0
983.0
1587.0
736.0
-140.0
314.0
1086.0
910.0
1627.0
128.0
628.0
1034.0
453.0
688.0
1671.0
1019.0
951.0
353.0
1400.0
-164.0
383.0
447.0
690.0
-553.0
1155.0
689.0
1130.0
27.0
1925.0
1708.0
995.0
-127.0
-577.0
2044.0
-64.0
184.0
-782.0
1571.0
