# ML Assets
1376.0
602.0
1641.0
1680.0
1979.0
1931.0
1335.0
687.0
1107.0
786.0
2051.0
163.0
1516.0
1033.0
2662.0
57.0
1347.0
-972.0
1394.0
193.0
1709.0
1736.0
1500.0
221.0
558.0
-1488.0
317.0
1035.0
1160.0
918.0
1462.0
-445.0
1275.0
102.0
1149.0
1266.0
3296.0
-423.0
1827.0
1144.0
245.0
-1703.0
2152.0
733.0
-257.0
116.0
-302.0
226.0
1371.0
-426.0
514.0
2219.0
1262.0
660.0
-423.0
1062.0
-1218.0
1557.0
964.0
-1631.0
-395.0
829.0
1695.0
1626.0
2331.0
700.0
2147.0
832.0
-1010.0
1715.0
236.0
1688.0
494.0
94.0
169.0
2220.0
2349.0
788.0
1294.0
-853.0
1393.0
137.0
2738.0
80.0
-1160.0
2218.0
-30.0
-563.0
2544.0
998.0
3623.0
1913.0
-671.0
10.0
1187.0
23.0
2660.0
2995.0
2482.0
938.0
-663.0
1620.0
454.0
-763.0
2415.0
181.0
1163.0
-205.0
-1629.0
1057.0
445.0
317.0
1176.0
3426.0
258.0
940.0
1786.0
1380.0
210.0
1356.0
-121.0
-580.0
24.0
-1895.0
2913.0
920.0
1617.0
1783.0
843.0
-301.0
2887.0
713.0
2813.0
1731.0
1744.0
-366.0
1293.0
-678.0
552.0
-996.0
-295.0
824.0
639.0
104.0
-266.0
-439.0
1009.0
422.0
181.0
-566.0
843.0
717.0
1134.0
702.0
-577.0
1934.0
1979.0
542.0
3426.0
-589.0
909.0
1105.0
1061.0
665.0
1224.0
1510.0
198.0
2080.0
-72.0
1472.0
366.0
1272.0
1713.0
1045.0
2256.0
1289.0
1991.0
471.0
-18.0
1118.0
560.0
-993.0
2259.0
-257.0
2750.0
1170.0
905.0
937.0
1205.0
1358.0
882.0
1460.0
574.0
162.0
854.0
-880.0
2598.0
986.0
4393.0
-453.0
1551.0
1083.0
3844.0
-379.0
-267.0
1200.0
589.0
1176.0
1352.0
803.0
1438.0
-830.0
-1305.0
332.0
915.0
626.0
1277.0
1031.0
217.0
-239.0
442.0
494.0
1638.0
878.0
782.0
1659.0
2924.0
1332.0
529.0
1549.0
829.0
1771.0
-491.0
583.0
3449.0
682.0
2033.0
2510.0
-664.0
-1581.0
638.0
2170.0
1295.0
218.0
-507.0
-1076.0
1579.0
476.0
39.0
1340.0
-680.0
218.0
-137.0
337.0
1583.0
532.0
1105.0
1210.0
1626.0
2830.0
77.0
-360.0
2035.0
2505.0
1387.0
1714.0
-135.0
353.0
1612.0
-4.0
1250.0
978.0
-343.0
1698.0
2837.0
496.0
194.0
-110.0
57.0
1637.0
930.0
-330.0
677.0
593.0
1296.0
1457.0
11.0
987.0
-4.0
2261.0
-358.0
-191.0
1438.0
1222.0
-478.0
-710.0
1378.0
209.0
1198.0
189.0
1542.0
1837.0
2519.0
1556.0
2613.0
159.0
-28.0
-319.0
-950.0
1076.0
2822.0
1421.0
-547.0
278.0
392.0
-1125.0
-1440.0
3157.0
926.0
792.0
1321.0
-422.0
727.0
-2421.0
885.0
1754.0
1675.0
-1159.0
15.0
738.0
1842.0
-523.0
787.0
165.0
1518.0
1450.0
2153.0
-1707.0
2120.0
209.0
2281.0
943.0
2780.0
965.0
2946.0
3474.0
-1474.0
-233.0
1442.0
1725.0
1626.0
1419.0
-14.0
554.0
-676.0
1293.0
-465.0
2532.0
2427.0
-120.0
-1709.0
297.0
1942.0
2528.0
-883.0
201.0
895.0
2147.0
1776.0
38.0
333.0
1309.0
-2174.0
-958.0
2593.0
1983.0
-229.0
1015.0
-1071.0
1269.0
360.0
1007.0
1343.0
-270.0
686.0
1429.0
1240.0
-590.0
1204.0
925.0
600.0
989.0
2390.0
725.0
-282.0
-577.0
495.0
683.0
-1454.0
720.0
