# ZIT Assets
1090.0
2229.0
-760.0
823.0
1607.0
27.0
-1137.0
42.0
1199.0
850.0
256.0
687.0
1401.0
686.0
843.0
694.0
953.0
818.0
537.0
504.0
-88.0
-240.0
-59.0
418.0
84.0
515.0
-286.0
435.0
673.0
505.0
40.0
624.0
-170.0
197.0
1631.0
992.0
-132.0
1318.0
407.0
768.0
-102.0
840.0
86.0
1353.0
1326.0
-326.0
809.0
619.0
-438.0
257.0
-269.0
255.0
-56.0
702.0
1066.0
-121.0
662.0
-310.0
-38.0
-186.0
1075.0
1096.0
1156.0
472.0
39.0
908.0
1007.0
-82.0
1638.0
1320.0
1771.0
388.0
-19.0
719.0
735.0
-225.0
-3.0
-587.0
779.0
1004.0
1122.0
218.0
141.0
869.0
-392.0
270.0
-306.0
151.0
-393.0
1875.0
1403.0
-108.0
249.0
-358.0
940.0
1481.0
-673.0
401.0
1152.0
-181.0
375.0
1318.0
692.0
-639.0
28.0
602.0
796.0
1254.0
-685.0
-895.0
173.0
-533.0
839.0
292.0
1590.0
256.0
1029.0
875.0
1498.0
-266.0
528.0
187.0
568.0
1158.0
-910.0
351.0
437.0
-156.0
285.0
-214.0
-1186.0
-587.0
1.0
370.0
1203.0
960.0
1633.0
404.0
578.0
571.0
169.0
1820.0
585.0
1189.0
-649.0
1230.0
-410.0
829.0
-869.0
-424.0
342.0
514.0
1504.0
-895.0
-511.0
-1180.0
973.0
-445.0
-394.0
-618.0
-735.0
1178.0
-310.0
206.0
1100.0
849.0
1040.0
1165.0
-982.0
-276.0
1213.0
358.0
-1014.0
1523.0
-13.0
785.0
-884.0
-715.0
392.0
1360.0
-69.0
-981.0
1271.0
876.0
-301.0
-88.0
634.0
98.0
-418.0
224.0
1569.0
1418.0
-785.0
813.0
-240.0
791.0
1706.0
529.0
-816.0
1359.0
262.0
-1431.0
511.0
93.0
-372.0
1168.0
531.0
1356.0
1310.0
-342.0
-667.0
-216.0
1343.0
965.0
-329.0
-845.0
407.0
-188.0
911.0
520.0
1639.0
-406.0
1575.0
-816.0
1001.0
-595.0
146.0
882.0
-567.0
512.0
345.0
370.0
828.0
1228.0
91.0
-596.0
-282.0
17.0
949.0
-259.0
-227.0
-361.0
-642.0
363.0
1111.0
-212.0
-700.0
579.0
-1660.0
-564.0
1768.0
320.0
588.0
616.0
115.0
1795.0
1877.0
916.0
-109.0
1101.0
875.0
-1310.0
846.0
36.0
-136.0
-441.0
970.0
360.0
875.0
732.0
-594.0
-771.0
1380.0
290.0
1098.0
527.0
-375.0
1473.0
-1238.0
-179.0
813.0
19.0
1236.0
174.0
-722.0
794.0
849.0
-170.0
906.0
1072.0
855.0
-916.0
-470.0
-1080.0
1320.0
-181.0
-191.0
636.0
1286.0
928.0
523.0
2232.0
297.0
-638.0
-421.0
431.0
433.0
-317.0
1594.0
1025.0
1160.0
787.0
-373.0
-300.0
-572.0
1442.0
342.0
520.0
-300.0
976.0
684.0
1138.0
-289.0
211.0
1120.0
665.0
972.0
-108.0
-13.0
303.0
154.0
-838.0
441.0
736.0
303.0
-1310.0
15.0
1431.0
492.0
435.0
-569.0
303.0
198.0
731.0
-160.0
323.0
1613.0
475.0
1164.0
-949.0
554.0
-854.0
1342.0
2076.0
538.0
69.0
1161.0
-17.0
-174.0
-107.0
534.0
-414.0
514.0
604.0
418.0
535.0
826.0
945.0
749.0
753.0
876.0
-261.0
251.0
-627.0
986.0
906.0
841.0
764.0
-107.0
623.0
1048.0
1257.0
992.0
909.0
519.0
1027.0
1375.0
1305.0
471.0
433.0
267.0
324.0
781.0
325.0
47.0
801.0
922.0
9.0
949.0
1474.0
228.0
2067.0
-948.0
610.0
609.0
879.0
878.0
644.0
754.0
188.0
-366.0
859.0
525.0
295.0
-68.0
1296.0
649.0
-543.0
1149.0
196.0
652.0
708.0
568.0
-1611.0
1295.0
-724.0
-1317.0
462.0
-120.0
529.0
-241.0
1160.0
860.0
-849.0
65.0
1398.0
795.0
1763.0
387.0
816.0
354.0
873.0
-213.0
-664.0
476.0
-1103.0
1832.0
984.0
43.0
718.0
1141.0
188.0
692.0
1125.0
1.0
-214.0
1054.0
-165.0
915.0
-1780.0
1552.0
1126.0
1318.0
1197.0
1266.0
414.0
-347.0
-39.0
347.0
1409.0
973.0
31.0
-59.0
1635.0
479.0
781.0
641.0
1184.0
-981.0
1277.0
1398.0
1590.0
438.0
-1022.0
-660.0
-1147.0
-630.0
616.0
565.0
1509.0
-257.0
695.0
1133.0
777.0
903.0
1041.0
1252.0
-24.0
-38.0
-312.0
171.0
892.0
792.0
2608.0
286.0
430.0
537.0
579.0
80.0
247.0
-272.0
1629.0
-1188.0
478.0
423.0
-32.0
185.0
429.0
1063.0
99.0
506.0
213.0
1648.0
-89.0
1932.0
303.0
1030.0
-452.0
432.0
1363.0
-230.0
815.0
-57.0
820.0
350.0
705.0
-934.0
1772.0
-859.0
354.0
-483.0
728.0
852.0
1266.0
898.0
550.0
-193.0
968.0
-848.0
854.0
865.0
-77.0
603.0
841.0
699.0
633.0
-302.0
847.0
1435.0
601.0
837.0
172.0
593.0
1535.0
-619.0
641.0
172.0
-404.0
681.0
1076.0
-309.0
525.0
384.0
384.0
306.0
-999.0
186.0
1094.0
1014.0
-446.0
-418.0
-849.0
281.0
136.0
248.0
741.0
-245.0
-383.0
-290.0
-647.0
317.0
707.0
1113.0
-345.0
-12.0
-795.0
-292.0
418.0
1182.0
-26.0
299.0
1037.0
18.0
470.0
-146.0
871.0
1048.0
-9.0
690.0
21.0
909.0
-152.0
305.0
-206.0
2884.0
1180.0
440.0
377.0
-124.0
246.0
218.0
-89.0
1227.0
821.0
-109.0
625.0
161.0
-769.0
-578.0
1577.0
652.0
806.0
166.0
352.0
-183.0
-398.0
691.0
947.0
558.0
-265.0
212.0
988.0
321.0
-743.0
-81.0
-307.0
-551.0
-304.0
517.0
-773.0
1156.0
-106.0
642.0
1212.0
730.0
-107.0
7.0
473.0
432.0
-739.0
164.0
515.0
1737.0
93.0
398.0
77.0
373.0
-1607.0
1116.0
581.0
-127.0
-151.0
-443.0
1105.0
318.0
-513.0
-1105.0
303.0
832.0
-791.0
-51.0
41.0
1056.0
317.0
1114.0
489.0
1163.0
983.0
-39.0
79.0
226.0
711.0
-288.0
472.0
414.0
369.0
-147.0
-379.0
1279.0
1626.0
-363.0
631.0
538.0
-651.0
248.0
523.0
758.0
915.0
1364.0
889.0
-1067.0
102.0
224.0
-44.0
560.0
-1445.0
1129.0
-464.0
-180.0
-787.0
1324.0
181.0
-1119.0
416.0
612.0
-1220.0
465.0
338.0
422.0
2167.0
774.0
602.0
490.0
-813.0
801.0
1049.0
-256.0
367.0
181.0
63.0
413.0
-579.0
1234.0
38.0
-2026.0
476.0
659.0
962.0
1358.0
-25.0
225.0
-156.0
207.0
1307.0
580.0
32.0
1631.0
1083.0
-1167.0
-173.0
-189.0
330.0
-16.0
556.0
436.0
2329.0
800.0
-1286.0
846.0
1476.0
927.0
704.0
137.0
1885.0
-491.0
278.0
490.0
942.0
639.0
292.0
253.0
50.0
-163.0
-686.0
940.0
-464.0
-241.0
602.0
-855.0
-71.0
477.0
1382.0
-461.0
186.0
97.0
1540.0
126.0
1054.0
109.0
-598.0
284.0
1547.0
110.0
-162.0
647.0
-647.0
282.0
-21.0
784.0
70.0
325.0
1051.0
-171.0
-332.0
255.0
308.0
992.0
1162.0
302.0
1644.0
522.0
54.0
547.0
757.0
487.0
-774.0
766.0
-794.0
1276.0
-218.0
933.0
294.0
1246.0
694.0
477.0
919.0
780.0
-717.0
1046.0
700.0
-657.0
-252.0
849.0
290.0
514.0
900.0
1536.0
1317.0
-340.0
555.0
2197.0
-91.0
-177.0
1257.0
-11.0
-60.0
2367.0
786.0
88.0
-773.0
2110.0
169.0
656.0
-456.0
989.0
532.0
1348.0
-339.0
1714.0
2349.0
1138.0
-487.0
992.0
66.0
1262.0
-660.0
443.0
431.0
-1557.0
1616.0
627.0
957.0
185.0
-201.0
403.0
-92.0
726.0
627.0
186.0
1044.0
794.0
1062.0
-461.0
995.0
742.0
263.0
-479.0
81.0
642.0
1085.0
140.0
458.0
-151.0
1018.0
1207.0
482.0
-142.0
167.0
143.0
1140.0
-532.0
1653.0
-1222.0
317.0
1094.0
524.0
1668.0
297.0
268.0
891.0
40.0
1520.0
1472.0
48.0
1201.0
-969.0
-298.0
976.0
-128.0
1157.0
509.0
-310.0
-447.0
750.0
-762.0
1227.0
66.0
189.0
1506.0
1426.0
-345.0
-25.0
479.0
839.0
1188.0
1005.0
-1366.0
700.0
-203.0
-421.0
-7.0
1682.0
1617.0
238.0
937.0
-335.0
-190.0
517.0
-845.0
-287.0
1005.0
301.0
906.0
-1450.0
-701.0
118.0
1258.0
-1113.0
130.0
-190.0
-601.0
1093.0
-1790.0
1890.0
241.0
19.0
1099.0
1037.0
140.0
906.0
1326.0
1666.0
-275.0
-563.0
552.0
747.0
350.0
2109.0
1624.0
1207.0
-150.0
1672.0
-1138.0
-133.0
15.0
-400.0
1083.0
1368.0
330.0
122.0
1615.0
1569.0
1246.0
78.0
-360.0
155.0
-37.0
1542.0
836.0
518.0
328.0
1611.0
775.0
-825.0
-572.0
498.0
691.0
-771.0
284.0
-413.0
943.0
-294.0
-1178.0
490.0
-296.0
-7.0
634.0
914.0
724.0
1693.0
-155.0
263.0
1140.0
1393.0
-472.0
7.0
-661.0
1196.0
-920.0
-211.0
1043.0
-1767.0
-899.0
485.0
213.0
614.0
751.0
-393.0
672.0
-922.0
1530.0
-95.0
395.0
345.0
-21.0
343.0
-447.0
368.0
627.0
-976.0
-963.0
1163.0
696.0
1397.0
2050.0
322.0
1557.0
172.0
685.0
410.0
761.0
-1239.0
638.0
14.0
1109.0
412.0
452.0
1536.0
1878.0
324.0
-395.0
373.0
269.0
1281.0
1486.0
1723.0
1281.0
1551.0
506.0
-600.0
-1226.0
686.0
1739.0
-382.0
1703.0
1503.0
-61.0
234.0
817.0
993.0
750.0
-1070.0
825.0
549.0
11.0
-39.0
1259.0
469.0
1659.0
1474.0
-407.0
-86.0
1476.0
-109.0
1453.0
-79.0
1272.0
-1348.0
-423.0
446.0
1818.0
1264.0
549.0
-721.0
14.0
-36.0
1796.0
1961.0
-1075.0
1027.0
181.0
656.0
276.0
72.0
-76.0
31.0
420.0
-6.0
230.0
336.0
920.0
716.0
1349.0
-1285.0
224.0
893.0
-265.0
-219.0
771.0
578.0
1242.0
737.0
740.0
662.0
139.0
548.0
-184.0
-200.0
1922.0
1335.0
-70.0
979.0
2198.0
758.0
-1086.0
19.0
-414.0
1035.0
10.0
2933.0
486.0
144.0
656.0
-696.0
729.0
341.0
426.0
365.0
613.0
-124.0
965.0
775.0
689.0
-410.0
2084.0
-476.0
189.0
-601.0
-322.0
582.0
243.0
5.0
340.0
124.0
-214.0
-114.0
1485.0
898.0
-690.0
590.0
632.0
260.0
181.0
2156.0
532.0
2732.0
-6.0
696.0
1664.0
892.0
1334.0
1580.0
-2022.0
-301.0
82.0
774.0
-366.0
1090.0
208.0
376.0
-76.0
221.0
1459.0
-123.0
-73.0
164.0
-435.0
155.0
-117.0
-207.0
-156.0
-287.0
216.0
483.0
379.0
1109.0
-238.0
472.0
616.0
515.0
-110.0
2162.0
642.0
310.0
-271.0
1060.0
586.0
1640.0
1241.0
1362.0
1396.0
229.0
1296.0
-60.0
1714.0
-88.0
92.0
1830.0
516.0
348.0
1140.0
-735.0
1856.0
1081.0
386.0
-379.0
1519.0
195.0
227.0
-6.0
1068.0
127.0
84.0
1148.0
1129.0
26.0
440.0
262.0
736.0
-631.0
1.0
-587.0
276.0
445.0
1030.0
1644.0
1063.0
-634.0
17.0
-228.0
1534.0
312.0
365.0
83.0
1822.0
-61.0
1580.0
603.0
1391.0
356.0
1518.0
1746.0
1324.0
109.0
715.0
-299.0
-625.0
1722.0
673.0
169.0
1996.0
1147.0
432.0
1267.0
405.0
752.0
1549.0
-784.0
-1505.0
891.0
-150.0
2324.0
382.0
-342.0
-22.0
656.0
1535.0
1302.0
737.0
603.0
-1024.0
620.0
1216.0
1504.0
1166.0
1029.0
828.0
-1035.0
848.0
-350.0
1116.0
779.0
-1613.0
365.0
167.0
-844.0
-429.0
752.0
134.0
30.0
-722.0
1817.0
-84.0
2320.0
-626.0
834.0
651.0
1299.0
1670.0
393.0
232.0
304.0
723.0
601.0
1091.0
-533.0
310.0
428.0
1303.0
387.0
-569.0
1153.0
453.0
1241.0
861.0
1346.0
-476.0
856.0
-68.0
505.0
613.0
-975.0
403.0
799.0
323.0
1388.0
782.0
1547.0
435.0
637.0
89.0
-162.0
722.0
-907.0
3063.0
13.0
249.0
1872.0
58.0
797.0
1300.0
55.0
201.0
516.0
528.0
1215.0
-1014.0
94.0
782.0
694.0
490.0
-425.0
302.0
1393.0
1722.0
-597.0
455.0
123.0
672.0
1338.0
-1638.0
882.0
792.0
354.0
1207.0
1249.0
326.0
-195.0
615.0
198.0
915.0
1974.0
790.0
154.0
2479.0
2298.0
-406.0
994.0
-611.0
-29.0
453.0
901.0
819.0
1904.0
45.0
59.0
881.0
-169.0
904.0
2011.0
840.0
-897.0
-926.0
-493.0
678.0
4.0
-404.0
280.0
1024.0
1557.0
1089.0
1363.0
12.0
1197.0
1281.0
-164.0
801.0
578.0
-419.0
68.0
802.0
-1043.0
197.0
1775.0
938.0
675.0
-221.0
1197.0
12.0
-379.0
-383.0
-670.0
1049.0
-340.0
636.0
429.0
149.0
478.0
215.0
2102.0
888.0
-271.0
-584.0
338.0
1172.0
-163.0
800.0
2202.0
438.0
888.0
20.0
-1212.0
1151.0
451.0
-453.0
-621.0
781.0
893.0
-1055.0
-1657.0
1160.0
881.0
-42.0
503.0
19.0
-763.0
229.0
891.0
840.0
2133.0
-117.0
958.0
152.0
-83.0
310.0
708.0
1072.0
-761.0
732.0
939.0
-174.0
1015.0
97.0
117.0
947.0
-945.0
1554.0
1055.0
-375.0
339.0
765.0
-739.0
237.0
751.0
344.0
450.0
384.0
1372.0
583.0
-604.0
1235.0
194.0
360.0
209.0
-493.0
909.0
1425.0
559.0
897.0
-300.0
1435.0
-287.0
618.0
519.0
265.0
1146.0
-760.0
877.0
-1089.0
-512.0
-33.0
-745.0
446.0
-741.0
621.0
516.0
359.0
1020.0
1276.0
284.0
1377.0
384.0
231.0
282.0
751.0
2031.0
332.0
1231.0
275.0
433.0
1179.0
-224.0
779.0
183.0
-560.0
-130.0
1734.0
1110.0
-87.0
350.0
