# Raw Asset Values
-855.0
1626.0
685.0
1797.0
714.0
-295.0
1156.0
1436.0
620.0
1091.0
391.0
341.0
544.0
-1153.0
375.0
-1260.0
484.0
1439.0
758.0
154.0
559.0
435.0
1201.0
149.0
-124.0
446.0
930.0
-879.0
648.0
1996.0
390.0
654.0
239.0
-256.0
-433.0
-1578.0
1757.0
1929.0
1157.0
1007.0
-226.0
55.0
1524.0
-672.0
49.0
417.0
255.0
1052.0
305.0
1694.0
31.0
1045.0
1396.0
180.0
1442.0
1467.0
543.0
527.0
461.0
-681.0
-1335.0
-396.0
886.0
167.0
1570.0
-1511.0
1014.0
1581.0
959.0
-311.0
1291.0
1143.0
1197.0
377.0
2052.0
839.0
173.0
1144.0
1817.0
514.0
449.0
705.0
299.0
696.0
-215.0
1203.0
914.0
838.0
793.0
12.0
-1764.0
1900.0
733.0
975.0
813.0
1345.0
462.0
373.0
111.0
1178.0
1774.0
902.0
656.0
179.0
662.0
1077.0
940.0
2.0
7.0
989.0
-1134.0
238.0
807.0
-28.0
-408.0
608.0
-289.0
1222.0
138.0
-121.0
-285.0
2032.0
-384.0
635.0
310.0
1940.0
156.0
2063.0
1250.0
167.0
910.0
469.0
1152.0
161.0
760.0
167.0
1969.0
1373.0
869.0
-541.0
946.0
2150.0
-309.0
258.0
873.0
215.0
1341.0
315.0
58.0
1091.0
-833.0
1174.0
1537.0
234.0
1028.0
452.0
139.0
1287.0
-305.0
-383.0
1129.0
-46.0
194.0
416.0
1356.0
-795.0
721.0
447.0
457.0
-112.0
315.0
83.0
922.0
-114.0
-870.0
854.0
1413.0
1188.0
836.0
-651.0
-528.0
1359.0
334.0
-375.0
585.0
1525.0
-383.0
66.0
-298.0
-1094.0
1333.0
-945.0
429.0
683.0
1520.0
-223.0
486.0
-424.0
716.0
276.0
724.0
605.0
1051.0
791.0
1113.0
-1235.0
1025.0
-120.0
1733.0
1196.0
-699.0
857.0
-22.0
776.0
2348.0
1189.0
404.0
389.0
1085.0
464.0
631.0
1535.0
-318.0
326.0
1059.0
-63.0
1438.0
-621.0
939.0
26.0
-292.0
-45.0
1385.0
1309.0
-305.0
535.0
-227.0
-72.0
904.0
-53.0
774.0
68.0
-291.0
608.0
1218.0
1550.0
857.0
1913.0
427.0
673.0
692.0
211.0
-67.0
796.0
55.0
439.0
1209.0
-38.0
2005.0
-935.0
829.0
496.0
-1086.0
-153.0
-761.0
1902.0
-381.0
1065.0
-589.0
1100.0
1175.0
345.0
-78.0
-86.0
1571.0
877.0
-960.0
603.0
796.0
-202.0
61.0
-133.0
-264.0
357.0
1386.0
1139.0
-97.0
194.0
773.0
-33.0
424.0
753.0
162.0
1542.0
-191.0
904.0
-1178.0
485.0
1042.0
216.0
409.0
-84.0
49.0
540.0
-158.0
169.0
299.0
318.0
376.0
917.0
-496.0
929.0
1901.0
200.0
787.0
1572.0
419.0
850.0
2626.0
595.0
764.0
991.0
911.0
-373.0
-1027.0
-302.0
1113.0
1011.0
853.0
118.0
1438.0
458.0
1618.0
-725.0
1297.0
410.0
883.0
1129.0
487.0
1075.0
-348.0
2323.0
454.0
-116.0
1346.0
425.0
-662.0
414.0
56.0
1257.0
1129.0
-978.0
321.0
154.0
-389.0
1258.0
1112.0
-997.0
1673.0
-244.0
837.0
514.0
472.0
920.0
821.0
-514.0
743.0
-883.0
996.0
380.0
422.0
1177.0
625.0
763.0
-232.0
1630.0
223.0
-264.0
229.0
599.0
1058.0
907.0
-458.0
1512.0
999.0
137.0
-6.0
567.0
660.0
393.0
178.0
1280.0
1669.0
1350.0
-275.0
517.0
821.0
-986.0
-9.0
1738.0
-372.0
99.0
-188.0
903.0
669.0
323.0
-89.0
561.0
-417.0
1298.0
647.0
21.0
689.0
447.0
1101.0
-713.0
382.0
570.0
-409.0
279.0
96.0
1275.0
20.0
1276.0
1807.0
1224.0
359.0
614.0
988.0
1435.0
791.0
693.0
1503.0
1355.0
593.0
-272.0
166.0
1325.0
-355.0
1527.0
-168.0
1029.0
-1386.0
1869.0
-109.0
957.0
-1353.0
1036.0
-50.0
472.0
-329.0
1098.0
384.0
106.0
-44.0
-200.0
587.0
1275.0
128.0
1959.0
628.0
2070.0
336.0
847.0
-215.0
267.0
914.0
275.0
1105.0
341.0
184.0
310.0
-2.0
-15.0
88.0
1101.0
298.0
1571.0
48.0
792.0
664.0
-807.0
-194.0
542.0
1460.0
-442.0
680.0
31.0
-718.0
308.0
1536.0
526.0
738.0
565.0
251.0
1220.0
343.0
2117.0
-417.0
-545.0
833.0
-12.0
100.0
618.0
-118.0
353.0
-30.0
-433.0
24.0
1424.0
698.0
-345.0
-115.0
246.0
555.0
371.0
1022.0
-212.0
-116.0
-456.0
498.0
564.0
1095.0
-1089.0
-654.0
689.0
484.0
436.0
-20.0
1073.0
647.0
-157.0
1534.0
803.0
-201.0
730.0
1112.0
211.0
1162.0
1084.0
-484.0
99.0
-1095.0
401.0
347.0
-586.0
380.0
1166.0
-95.0
631.0
615.0
721.0
1889.0
331.0
789.0
687.0
133.0
596.0
1014.0
670.0
1440.0
-103.0
-85.0
-225.0
639.0
730.0
709.0
1094.0
548.0
-785.0
494.0
-305.0
1339.0
426.0
-189.0
982.0
462.0
1485.0
-240.0
-252.0
1725.0
301.0
432.0
886.0
301.0
434.0
-402.0
-743.0
-370.0
1559.0
321.0
1299.0
347.0
1212.0
245.0
-631.0
600.0
272.0
559.0
670.0
964.0
196.0
-5.0
900.0
768.0
626.0
921.0
1146.0
1734.0
1192.0
742.0
-264.0
1609.0
1001.0
988.0
686.0
617.0
1413.0
898.0
1182.0
-107.0
-156.0
854.0
783.0
-466.0
518.0
971.0
1122.0
9.0
701.0
1505.0
-371.0
633.0
1979.0
388.0
837.0
-20.0
1230.0
-556.0
320.0
-877.0
1631.0
272.0
519.0
581.0
1462.0
26.0
660.0
1790.0
769.0
227.0
-174.0
1144.0
-113.0
979.0
281.0
810.0
590.0
1206.0
364.0
-34.0
-326.0
855.0
289.0
402.0
766.0
335.0
-700.0
385.0
1193.0
542.0
-8.0
2126.0
16.0
1741.0
950.0
417.0
-372.0
-911.0
1279.0
329.0
1412.0
258.0
423.0
1051.0
579.0
1226.0
1158.0
757.0
958.0
-360.0
704.0
585.0
865.0
842.0
746.0
-400.0
-1591.0
-279.0
657.0
1269.0
-496.0
835.0
501.0
2776.0
478.0
881.0
-522.0
832.0
-787.0
1559.0
-291.0
1347.0
934.0
681.0
-218.0
577.0
456.0
-310.0
1472.0
768.0
653.0
1119.0
283.0
652.0
249.0
6.0
-284.0
1411.0
1574.0
965.0
-132.0
781.0
661.0
661.0
-413.0
1023.0
-137.0
-158.0
-63.0
454.0
-366.0
-856.0
798.0
836.0
1019.0
-21.0
1112.0
-382.0
1240.0
-632.0
425.0
540.0
1533.0
-310.0
1109.0
-310.0
1825.0
1178.0
617.0
243.0
-583.0
508.0
878.0
634.0
805.0
1053.0
618.0
1054.0
1607.0
-1255.0
1332.0
-1320.0
1512.0
-465.0
2030.0
1843.0
39.0
1410.0
-209.0
398.0
1584.0
1383.0
1405.0
356.0
644.0
832.0
-304.0
-12.0
320.0
790.0
479.0
727.0
-173.0
220.0
939.0
1937.0
-184.0
-247.0
1289.0
-349.0
690.0
1689.0
309.0
476.0
2226.0
237.0
709.0
589.0
-320.0
1892.0
-652.0
687.0
318.0
167.0
-990.0
574.0
996.0
1477.0
842.0
1211.0
-68.0
127.0
254.0
281.0
1968.0
1193.0
990.0
-858.0
802.0
2346.0
908.0
1072.0
752.0
991.0
642.0
-66.0
-464.0
-761.0
43.0
-259.0
589.0
-1035.0
2676.0
1126.0
-331.0
388.0
-320.0
580.0
927.0
423.0
195.0
798.0
463.0
1853.0
1122.0
933.0
-125.0
1526.0
1161.0
1369.0
1137.0
-708.0
1322.0
271.0
941.0
150.0
1998.0
140.0
1364.0
1400.0
815.0
212.0
76.0
1362.0
135.0
86.0
-646.0
424.0
-436.0
652.0
632.0
789.0
881.0
1041.0
-163.0
1150.0
106.0
-801.0
924.0
-512.0
-142.0
1271.0
296.0
54.0
986.0
-91.0
1091.0
984.0
657.0
1546.0
1051.0
737.0
276.0
-114.0
776.0
463.0
549.0
889.0
1031.0
247.0
424.0
593.0
-1534.0
1179.0
95.0
-321.0
1418.0
749.0
896.0
910.0
-219.0
192.0
176.0
725.0
2072.0
928.0
-672.0
1689.0
367.0
1156.0
-477.0
-733.0
1434.0
249.0
660.0
-477.0
1319.0
-339.0
1667.0
866.0
1424.0
1410.0
84.0
-364.0
292.0
1817.0
832.0
915.0
238.0
-385.0
1537.0
610.0
1265.0
124.0
1544.0
-383.0
1082.0
1055.0
342.0
1540.0
255.0
1101.0
935.0
134.0
-562.0
1910.0
980.0
593.0
722.0
-191.0
-373.0
856.0
698.0
273.0
110.0
1232.0
671.0
1358.0
956.0
853.0
925.0
573.0
1115.0
612.0
523.0
1375.0
391.0
-251.0
1851.0
2652.0
1955.0
145.0
1054.0
589.0
71.0
366.0
-514.0
1930.0
831.0
-446.0
265.0
2485.0
33.0
424.0
-41.0
-495.0
1329.0
-34.0
978.0
170.0
551.0
1707.0
134.0
312.0
1012.0
763.0
1154.0
501.0
1492.0
-479.0
-1172.0
-703.0
32.0
-436.0
1766.0
956.0
825.0
549.0
1106.0
-97.0
-1046.0
2279.0
1038.0
749.0
131.0
-166.0
1603.0
712.0
759.0
878.0
-432.0
-1265.0
469.0
1841.0
1318.0
-143.0
594.0
-520.0
615.0
683.0
-570.0
-544.0
217.0
2633.0
-16.0
333.0
428.0
1401.0
-121.0
1777.0
1220.0
-299.0
61.0
949.0
-195.0
522.0
2171.0
-91.0
-779.0
595.0
1266.0
-579.0
1401.0
-241.0
249.0
122.0
165.0
-36.0
705.0
-233.0
393.0
2171.0
532.0
2480.0
-5.0
363.0
718.0
651.0
339.0
249.0
266.0
107.0
-64.0
1324.0
-294.0
-684.0
507.0
1132.0
446.0
1900.0
-596.0
277.0
1631.0
121.0
-318.0
721.0
1435.0
-197.0
565.0
1359.0
445.0
-65.0
836.0
496.0
1208.0
-189.0
909.0
-93.0
379.0
1138.0
-284.0
539.0
-189.0
379.0
1105.0
1110.0
1495.0
-295.0
1125.0
1148.0
-646.0
570.0
-278.0
-1114.0
589.0
852.0
462.0
1001.0
969.0
908.0
866.0
1158.0
-1168.0
758.0
486.0
320.0
-382.0
38.0
2505.0
-1247.0
525.0
1597.0
615.0
1494.0
1975.0
1986.0
324.0
-1299.0
912.0
829.0
-665.0
1283.0
1474.0
-449.0
315.0
824.0
479.0
2146.0
-592.0
-296.0
387.0
1199.0
-430.0
1257.0
560.0
1319.0
1574.0
654.0
301.0
1322.0
22.0
1641.0
1892.0
676.0
415.0
652.0
795.0
474.0
127.0
761.0
-68.0
534.0
430.0
669.0
757.0
1879.0
209.0
1763.0
461.0
1284.0
1116.0
576.0
674.0
317.0
-294.0
21.0
-37.0
-325.0
1008.0
903.0
1179.0
816.0
938.0
841.0
380.0
1348.0
391.0
663.0
1057.0
1698.0
1265.0
674.0
770.0
547.0
72.0
901.0
1386.0
-297.0
742.0
997.0
971.0
-969.0
904.0
322.0
1004.0
512.0
-394.0
601.0
120.0
850.0
-1127.0
625.0
344.0
-26.0
965.0
412.0
-571.0
-740.0
721.0
769.0
164.0
780.0
676.0
2198.0
1339.0
1159.0
5.0
536.0
1458.0
665.0
225.0
-1478.0
227.0
-144.0
-155.0
1498.0
-454.0
402.0
1875.0
299.0
1084.0
1002.0
837.0
-168.0
-117.0
718.0
1431.0
283.0
615.0
1049.0
86.0
474.0
1113.0
-833.0
-4.0
740.0
1930.0
1095.0
480.0
1345.0
3153.0
237.0
854.0
1234.0
261.0
525.0
-437.0
804.0
-320.0
655.0
743.0
1375.0
-79.0
293.0
324.0
249.0
1291.0
-26.0
1239.0
1649.0
820.0
909.0
528.0
-293.0
1051.0
23.0
-26.0
-802.0
1615.0
-263.0
441.0
1353.0
-761.0
153.0
1546.0
545.0
994.0
186.0
-143.0
950.0
81.0
-177.0
346.0
1672.0
474.0
-964.0
379.0
682.0
221.0
638.0
379.0
609.0
167.0
828.0
46.0
1049.0
397.0
-393.0
66.0
329.0
424.0
153.0
906.0
305.0
-428.0
1109.0
-469.0
486.0
1596.0
584.0
564.0
-157.0
-601.0
592.0
836.0
195.0
1131.0
1355.0
2096.0
59.0
-1189.0
969.0
417.0
1080.0
-763.0
1598.0
463.0
55.0
80.0
733.0
188.0
840.0
851.0
965.0
692.0
-1003.0
309.0
410.0
1130.0
-693.0
1733.0
94.0
2164.0
-219.0
623.0
-296.0
942.0
105.0
750.0
-251.0
595.0
449.0
1122.0
451.0
1045.0
417.0
-796.0
2113.0
-204.0
513.0
359.0
1030.0
273.0
781.0
-50.0
1340.0
88.0
2127.0
315.0
-415.0
142.0
1338.0
409.0
919.0
338.0
1260.0
-540.0
162.0
913.0
-1023.0
553.0
-67.0
1025.0
1201.0
292.0
-325.0
-659.0
564.0
-249.0
634.0
731.0
-68.0
711.0
191.0
676.0
12.0
312.0
-615.0
-4.0
1462.0
-207.0
-211.0
632.0
1358.0
1082.0
-517.0
794.0
668.0
751.0
832.0
-478.0
331.0
1325.0
1302.0
49.0
947.0
960.0
104.0
456.0
1501.0
1923.0
309.0
707.0
679.0
564.0
745.0
1083.0
-543.0
-783.0
248.0
-477.0
230.0
-198.0
983.0
1767.0
252.0
-471.0
-209.0
-139.0
1346.0
936.0
322.0
624.0
792.0
-652.0
690.0
523.0
1886.0
-331.0
525.0
291.0
1288.0
341.0
930.0
402.0
36.0
59.0
-606.0
393.0
696.0
1390.0
239.0
293.0
919.0
-184.0
1035.0
925.0
-729.0
24.0
-346.0
-584.0
2000.0
1015.0
1462.0
-642.0
1091.0
616.0
384.0
-229.0
235.0
-554.0
-7.0
2068.0
650.0
344.0
664.0
852.0
841.0
802.0
875.0
784.0
-482.0
994.0
-223.0
80.0
1175.0
1084.0
293.0
2044.0
1401.0
578.0
1378.0
1310.0
1571.0
1397.0
578.0
113.0
746.0
-847.0
553.0
401.0
883.0
934.0
-746.0
-255.0
736.0
465.0
647.0
1281.0
190.0
57.0
698.0
948.0
-353.0
1890.0
-1048.0
62.0
1016.0
-449.0
962.0
351.0
540.0
1228.0
1016.0
521.0
1801.0
-536.0
-699.0
407.0
664.0
-92.0
641.0
526.0
2196.0
1105.0
643.0
20.0
404.0
1101.0
1513.0
1142.0
1213.0
1077.0
161.0
674.0
1529.0
694.0
489.0
1719.0
-227.0
515.0
60.0
568.0
510.0
-299.0
1292.0
779.0
357.0
1797.0
258.0
1069.0
249.0
-184.0
503.0
2072.0
15.0
506.0
105.0
-483.0
1095.0
1269.0
395.0
359.0
665.0
-688.0
705.0
169.0
1094.0
-55.0
-406.0
-100.0
313.0
299.0
82.0
-734.0
1139.0
232.0
1059.0
978.0
-37.0
-1570.0
1113.0
546.0
1138.0
290.0
-259.0
912.0
822.0
-352.0
75.0
963.0
599.0
1390.0
853.0
657.0
278.0
311.0
578.0
837.0
691.0
-151.0
617.0
1304.0
696.0
452.0
1617.0
15.0
456.0
-444.0
924.0
438.0
401.0
578.0
258.0
1010.0
1817.0
995.0
237.0
-612.0
390.0
1265.0
770.0
183.0
390.0
749.0
1158.0
-639.0
672.0
-433.0
161.0
-332.0
1155.0
-100.0
583.0
997.0
75.0
1493.0
-576.0
-253.0
1871.0
681.0
-905.0
1094.0
607.0
1230.0
23.0
1348.0
1028.0
405.0
505.0
576.0
-268.0
1396.0
1065.0
-252.0
441.0
-945.0
269.0
597.0
-122.0
-175.0
-894.0
326.0
301.0
691.0
58.0
-875.0
1106.0
533.0
1618.0
-337.0
-307.0
696.0
1079.0
1163.0
-967.0
1160.0
1672.0
-484.0
-249.0
646.0
-124.0
618.0
752.0
393.0
-167.0
-127.0
718.0
96.0
535.0
1154.0
-125.0
923.0
324.0
-655.0
1426.0
593.0
74.0
286.0
1335.0
603.0
266.0
406.0
897.0
307.0
-6.0
757.0
1354.0
-457.0
875.0
386.0
1665.0
166.0
568.0
425.0
-286.0
336.0
2306.0
1125.0
1626.0
334.0
44.0
-581.0
849.0
581.0
-1045.0
1083.0
224.0
1835.0
