# Raw Asset Values
1635.0
491.0
3191.0
1811.0
1033.0
244.0
953.0
1513.0
33.0
1082.0
386.0
890.0
-478.0
10.0
-381.0
1038.0
31.0
1163.0
579.0
1807.0
434.0
1158.0
804.0
892.0
1238.0
33.0
1258.0
650.0
281.0
1335.0
2690.0
366.0
1458.0
402.0
881.0
446.0
-358.0
1204.0
654.0
-678.0
591.0
1166.0
558.0
319.0
72.0
-217.0
829.0
139.0
524.0
1642.0
1037.0
1060.0
-730.0
-38.0
1002.0
-1569.0
-132.0
1735.0
-45.0
1446.0
1044.0
914.0
304.0
1257.0
650.0
1672.0
106.0
469.0
70.0
1586.0
-531.0
831.0
1988.0
566.0
938.0
241.0
103.0
2498.0
-224.0
2013.0
618.0
245.0
-412.0
-192.0
-259.0
310.0
883.0
808.0
1530.0
957.0
1226.0
1745.0
722.0
1430.0
212.0
890.0
391.0
434.0
772.0
708.0
7.0
774.0
-450.0
-527.0
1559.0
437.0
795.0
4.0
654.0
1130.0
295.0
1334.0
457.0
-845.0
351.0
876.0
2040.0
415.0
-487.0
2596.0
-973.0
276.0
24.0
-195.0
377.0
217.0
-201.0
-492.0
-727.0
825.0
226.0
492.0
1998.0
-593.0
787.0
-1138.0
1318.0
-104.0
709.0
1336.0
-1414.0
1689.0
1317.0
1147.0
321.0
-267.0
2801.0
1392.0
1003.0
2674.0
550.0
1015.0
77.0
460.0
145.0
644.0
1310.0
465.0
1212.0
-928.0
1954.0
623.0
988.0
1267.0
1333.0
841.0
-615.0
66.0
375.0
81.0
42.0
1143.0
688.0
1185.0
-539.0
-65.0
1584.0
958.0
1408.0
-244.0
45.0
843.0
-1149.0
1445.0
1277.0
1627.0
1009.0
-1041.0
-1063.0
1202.0
184.0
-170.0
1759.0
1108.0
576.0
1846.0
900.0
589.0
522.0
56.0
-184.0
1134.0
1428.0
40.0
1225.0
876.0
1178.0
697.0
1981.0
45.0
1188.0
-415.0
1184.0
685.0
532.0
1151.0
1593.0
1777.0
301.0
206.0
802.0
743.0
-48.0
1961.0
294.0
588.0
543.0
795.0
-131.0
1569.0
1156.0
-513.0
808.0
398.0
-963.0
1048.0
-203.0
652.0
963.0
735.0
258.0
-154.0
948.0
554.0
1986.0
501.0
538.0
-1219.0
-106.0
1025.0
2360.0
323.0
-826.0
198.0
1282.0
1408.0
419.0
-446.0
1101.0
915.0
303.0
172.0
994.0
417.0
155.0
-46.0
717.0
1336.0
1733.0
1159.0
600.0
671.0
-294.0
-523.0
-795.0
918.0
404.0
128.0
1186.0
2312.0
1828.0
-1175.0
241.0
445.0
212.0
674.0
-658.0
862.0
1673.0
540.0
464.0
652.0
824.0
1268.0
760.0
98.0
192.0
1007.0
1926.0
242.0
-1022.0
2153.0
942.0
1414.0
557.0
1655.0
-69.0
735.0
1024.0
-340.0
-715.0
2228.0
768.0
-261.0
576.0
-559.0
-413.0
310.0
-559.0
3004.0
192.0
-62.0
2922.0
2628.0
1276.0
-128.0
852.0
868.0
1050.0
829.0
424.0
1089.0
978.0
153.0
1024.0
1415.0
1517.0
2029.0
1495.0
1657.0
643.0
-414.0
958.0
1213.0
-460.0
171.0
1790.0
1849.0
3354.0
622.0
263.0
936.0
918.0
726.0
173.0
806.0
719.0
671.0
1169.0
2107.0
1177.0
889.0
194.0
506.0
1195.0
-1529.0
827.0
1877.0
-21.0
-71.0
1052.0
2112.0
1055.0
-651.0
1918.0
371.0
986.0
710.0
1229.0
1480.0
743.0
1006.0
621.0
674.0
297.0
705.0
1649.0
-86.0
126.0
231.0
611.0
389.0
-673.0
546.0
-1476.0
418.0
869.0
1230.0
814.0
-183.0
316.0
186.0
468.0
373.0
897.0
906.0
2660.0
2219.0
1085.0
10.0
-74.0
-651.0
1591.0
494.0
1367.0
182.0
335.0
-986.0
-324.0
507.0
1278.0
1463.0
-199.0
986.0
1102.0
741.0
1597.0
-784.0
1543.0
-271.0
-162.0
501.0
500.0
460.0
-369.0
373.0
856.0
1672.0
806.0
651.0
2015.0
542.0
927.0
1674.0
-585.0
1569.0
2010.0
-697.0
-299.0
-429.0
789.0
619.0
-360.0
319.0
-79.0
333.0
1439.0
653.0
-429.0
455.0
1132.0
783.0
2156.0
996.0
-180.0
1435.0
-600.0
885.0
-750.0
244.0
-652.0
2541.0
1547.0
1049.0
1950.0
-624.0
551.0
-501.0
-503.0
589.0
2793.0
592.0
1606.0
399.0
35.0
1251.0
552.0
237.0
559.0
265.0
1478.0
104.0
1072.0
645.0
-1241.0
667.0
1105.0
671.0
920.0
584.0
-620.0
1325.0
-1156.0
-245.0
-885.0
310.0
573.0
583.0
-454.0
571.0
-291.0
1026.0
934.0
1988.0
1533.0
-410.0
2354.0
-191.0
915.0
414.0
1837.0
-528.0
426.0
-1733.0
1535.0
986.0
1482.0
-503.0
855.0
490.0
2157.0
550.0
225.0
340.0
662.0
-523.0
1986.0
-1299.0
-1713.0
70.0
893.0
-302.0
1126.0
745.0
1887.0
438.0
-483.0
1649.0
2706.0
1732.0
-212.0
426.0
726.0
462.0
-19.0
207.0
-62.0
1420.0
104.0
-21.0
786.0
394.0
-25.0
-746.0
811.0
708.0
-555.0
1031.0
2076.0
-359.0
1304.0
-872.0
1966.0
219.0
-718.0
604.0
132.0
605.0
-94.0
1707.0
-146.0
-619.0
-83.0
1310.0
472.0
390.0
1246.0
1829.0
1173.0
-584.0
831.0
1123.0
218.0
468.0
4172.0
435.0
-103.0
-269.0
848.0
1438.0
1043.0
-455.0
-6.0
585.0
891.0
566.0
-338.0
1219.0
263.0
2658.0
1304.0
1653.0
2033.0
1543.0
2068.0
1802.0
-662.0
1078.0
766.0
1142.0
-886.0
628.0
619.0
1661.0
-587.0
231.0
-229.0
650.0
-32.0
-1263.0
910.0
888.0
3.0
1704.0
821.0
2029.0
552.0
645.0
1619.0
-302.0
449.0
2269.0
-202.0
-340.0
825.0
390.0
2082.0
1517.0
-1114.0
-1183.0
-415.0
1111.0
211.0
641.0
2116.0
1816.0
383.0
249.0
1859.0
-11.0
-884.0
454.0
1036.0
687.0
1555.0
-170.0
640.0
1059.0
306.0
2277.0
414.0
799.0
1710.0
980.0
566.0
695.0
739.0
41.0
713.0
173.0
584.0
286.0
707.0
1186.0
817.0
489.0
914.0
1416.0
861.0
1827.0
-632.0
-763.0
1562.0
2447.0
2276.0
1067.0
51.0
918.0
1092.0
1477.0
1883.0
1340.0
-518.0
1157.0
-386.0
376.0
552.0
1793.0
303.0
-129.0
746.0
1372.0
1611.0
554.0
1353.0
-511.0
1068.0
-306.0
254.0
587.0
-104.0
3293.0
-169.0
-757.0
895.0
102.0
301.0
1472.0
1271.0
-317.0
321.0
733.0
2304.0
-229.0
-81.0
-98.0
366.0
1157.0
-236.0
774.0
1797.0
2178.0
2269.0
454.0
1390.0
-618.0
1544.0
-334.0
901.0
399.0
937.0
-941.0
354.0
-200.0
2160.0
-318.0
-193.0
-273.0
510.0
-1188.0
1036.0
819.0
-969.0
693.0
1152.0
1533.0
899.0
-1084.0
904.0
1001.0
757.0
-1014.0
938.0
-102.0
2369.0
-446.0
-706.0
409.0
-442.0
505.0
1473.0
249.0
765.0
2219.0
509.0
1437.0
233.0
1638.0
74.0
116.0
2536.0
380.0
2111.0
-449.0
2006.0
-162.0
571.0
-28.0
-157.0
-730.0
276.0
-772.0
707.0
400.0
1393.0
-169.0
651.0
855.0
-36.0
874.0
1016.0
-61.0
602.0
223.0
2675.0
2104.0
359.0
1014.0
264.0
1717.0
1359.0
167.0
458.0
594.0
969.0
1347.0
1811.0
-776.0
-272.0
1196.0
769.0
-71.0
-22.0
975.0
393.0
1295.0
1296.0
746.0
83.0
143.0
1520.0
1063.0
1662.0
678.0
105.0
-202.0
1454.0
351.0
-366.0
1916.0
115.0
574.0
1040.0
323.0
-499.0
1787.0
645.0
1495.0
1396.0
1705.0
-328.0
1543.0
820.0
1874.0
-992.0
1257.0
-1022.0
-289.0
2567.0
413.0
-757.0
514.0
186.0
927.0
817.0
-804.0
1168.0
1382.0
-260.0
595.0
1093.0
528.0
1001.0
1359.0
881.0
1752.0
1055.0
1393.0
1.0
-1419.0
-40.0
2353.0
1234.0
527.0
212.0
360.0
1549.0
-20.0
871.0
-1060.0
-604.0
887.0
1036.0
585.0
1331.0
690.0
-30.0
-665.0
-836.0
-104.0
970.0
-60.0
1201.0
2308.0
221.0
591.0
2591.0
2165.0
384.0
1338.0
103.0
370.0
-213.0
83.0
1003.0
523.0
1489.0
163.0
1616.0
756.0
487.0
-26.0
-640.0
987.0
1076.0
1513.0
801.0
373.0
1231.0
-35.0
711.0
-1524.0
222.0
2132.0
-482.0
1674.0
264.0
1034.0
801.0
1.0
52.0
447.0
786.0
-436.0
662.0
478.0
514.0
-863.0
742.0
659.0
2135.0
785.0
790.0
1592.0
132.0
1565.0
705.0
135.0
158.0
-866.0
13.0
2016.0
902.0
1022.0
1748.0
425.0
1881.0
1655.0
276.0
712.0
50.0
-162.0
229.0
891.0
1714.0
576.0
-87.0
483.0
698.0
-1328.0
120.0
-147.0
876.0
935.0
-447.0
1105.0
337.0
1095.0
73.0
645.0
