# ML Assets
2362.0
242.0
-331.0
-230.0
-424.0
2843.0
-1123.0
3320.0
1933.0
1851.0
948.0
962.0
2440.0
-288.0
1768.0
416.0
829.0
-1277.0
2064.0
1359.0
1267.0
-636.0
-122.0
750.0
1076.0
669.0
279.0
1312.0
891.0
966.0
2738.0
715.0
-56.0
121.0
998.0
1923.0
1184.0
2832.0
-1205.0
1990.0
1153.0
-562.0
882.0
1128.0
-102.0
486.0
1020.0
1529.0
57.0
-633.0
874.0
602.0
1875.0
46.0
9.0
1812.0
296.0
-151.0
590.0
838.0
-172.0
-287.0
-48.0
1665.0
709.0
1002.0
1734.0
832.0
614.0
349.0
557.0
1271.0
2374.0
1726.0
1218.0
2195.0
271.0
-237.0
1447.0
244.0
1380.0
423.0
-15.0
734.0
1723.0
1438.0
956.0
782.0
727.0
-285.0
285.0
-153.0
1445.0
1245.0
2062.0
1484.0
-756.0
-792.0
-293.0
1267.0
1171.0
487.0
2098.0
-593.0
1197.0
1363.0
919.0
388.0
1943.0
357.0
-1019.0
2174.0
1174.0
1655.0
1206.0
1127.0
1475.0
1846.0
-625.0
2181.0
155.0
1936.0
661.0
-996.0
-509.0
282.0
186.0
1694.0
1212.0
1778.0
1065.0
1431.0
2364.0
73.0
940.0
408.0
-11.0
121.0
713.0
681.0
-259.0
1528.0
1358.0
2918.0
808.0
-478.0
-736.0
1378.0
1462.0
-637.0
1942.0
1074.0
-1121.0
706.0
1987.0
629.0
1186.0
184.0
755.0
1329.0
1262.0
1245.0
1263.0
975.0
1155.0
2086.0
688.0
-149.0
874.0
260.0
885.0
1424.0
1385.0
1181.0
616.0
991.0
-194.0
-461.0
2186.0
1490.0
3134.0
1807.0
-426.0
-1196.0
2267.0
1843.0
-404.0
591.0
464.0
530.0
488.0
-156.0
493.0
-747.0
872.0
848.0
2459.0
769.0
466.0
234.0
1795.0
460.0
2998.0
343.0
11.0
2233.0
799.0
-344.0
1099.0
2317.0
562.0
2140.0
1953.0
2228.0
702.0
1688.0
644.0
929.0
-61.0
1701.0
-44.0
1475.0
1665.0
353.0
569.0
1104.0
737.0
2338.0
1297.0
832.0
1065.0
645.0
612.0
1631.0
573.0
1184.0
1.0
-110.0
-634.0
1172.0
1524.0
-110.0
-291.0
1306.0
669.0
297.0
1839.0
-2019.0
626.0
352.0
1873.0
-241.0
1046.0
1493.0
-261.0
1496.0
379.0
-812.0
393.0
451.0
230.0
925.0
139.0
-127.0
942.0
288.0
384.0
-683.0
528.0
1932.0
1194.0
1194.0
-896.0
636.0
-172.0
-504.0
972.0
734.0
2215.0
656.0
1007.0
1764.0
198.0
-315.0
-283.0
2139.0
1169.0
-35.0
444.0
-757.0
87.0
610.0
1027.0
1761.0
947.0
933.0
699.0
1932.0
2366.0
736.0
1553.0
-158.0
1571.0
3139.0
2619.0
2052.0
2978.0
2236.0
41.0
1527.0
731.0
-796.0
-164.0
1419.0
2406.0
1517.0
1712.0
368.0
180.0
2058.0
446.0
3078.0
-209.0
1430.0
835.0
517.0
-198.0
1000.0
731.0
820.0
567.0
1480.0
129.0
-1344.0
350.0
144.0
-62.0
1327.0
1003.0
-63.0
1287.0
860.0
1528.0
-170.0
2257.0
-198.0
523.0
177.0
994.0
1027.0
2094.0
1920.0
1179.0
2087.0
366.0
1154.0
2149.0
2084.0
448.0
-178.0
1533.0
867.0
894.0
1959.0
1337.0
2422.0
2101.0
1254.0
1357.0
268.0
2695.0
3239.0
2449.0
1254.0
1807.0
398.0
-409.0
2440.0
388.0
67.0
-263.0
657.0
2573.0
-1687.0
482.0
-144.0
918.0
2303.0
2107.0
900.0
2434.0
1146.0
1364.0
1044.0
1089.0
1928.0
2932.0
656.0
1631.0
581.0
521.0
544.0
217.0
444.0
60.0
1499.0
-675.0
1372.0
947.0
679.0
3359.0
886.0
130.0
1554.0
-36.0
979.0
-625.0
773.0
1926.0
307.0
1090.0
2171.0
-670.0
725.0
1976.0
1436.0
-131.0
615.0
-1004.0
-430.0
812.0
1387.0
653.0
-44.0
1135.0
575.0
779.0
924.0
1349.0
2315.0
1419.0
1319.0
956.0
1268.0
136.0
84.0
1748.0
473.0
1131.0
2441.0
1295.0
2022.0
-112.0
-427.0
2771.0
-924.0
2003.0
618.0
256.0
1132.0
1256.0
671.0
654.0
-744.0
1185.0
321.0
2123.0
252.0
2807.0
819.0
983.0
998.0
1327.0
1591.0
1036.0
-1442.0
1665.0
426.0
1913.0
813.0
1446.0
13.0
598.0
-110.0
1478.0
1298.0
82.0
951.0
575.0
793.0
1217.0
1533.0
488.0
1642.0
1654.0
1831.0
1024.0
2127.0
880.0
-108.0
-106.0
694.0
-402.0
1811.0
590.0
1944.0
2539.0
940.0
-128.0
665.0
1331.0
2008.0
-847.0
996.0
1399.0
1943.0
1286.0
1776.0
538.0
195.0
1493.0
491.0
1552.0
1418.0
1792.0
1029.0
411.0
798.0
1824.0
1098.0
427.0
1081.0
1198.0
2513.0
-744.0
126.0
204.0
2305.0
778.0
1852.0
-605.0
1468.0
-567.0
367.0
-377.0
-1290.0
-861.0
606.0
1412.0
374.0
1396.0
1895.0
423.0
194.0
1002.0
531.0
1680.0
238.0
1607.0
-138.0
1646.0
349.0
658.0
465.0
2149.0
1230.0
1322.0
28.0
1631.0
1226.0
299.0
-1748.0
791.0
1392.0
1367.0
1327.0
126.0
1361.0
2050.0
2261.0
644.0
900.0
1803.0
732.0
-288.0
1146.0
151.0
414.0
94.0
-1421.0
-410.0
773.0
174.0
3371.0
446.0
1143.0
1777.0
792.0
1717.0
54.0
1604.0
1362.0
1921.0
1184.0
38.0
1163.0
856.0
-299.0
1429.0
1926.0
1151.0
300.0
-611.0
83.0
741.0
1007.0
730.0
1481.0
1532.0
1846.0
61.0
650.0
2620.0
939.0
-76.0
-160.0
-331.0
432.0
719.0
2204.0
-370.0
-2238.0
512.0
58.0
613.0
1001.0
338.0
104.0
803.0
-1479.0
995.0
270.0
183.0
1159.0
139.0
2479.0
1139.0
1451.0
624.0
327.0
-1303.0
3185.0
636.0
101.0
231.0
207.0
927.0
1275.0
203.0
393.0
-838.0
-201.0
839.0
2297.0
-106.0
-617.0
-265.0
170.0
-300.0
472.0
340.0
1081.0
647.0
587.0
-159.0
779.0
1191.0
1506.0
2111.0
192.0
1564.0
-306.0
981.0
1497.0
1472.0
329.0
530.0
914.0
-179.0
1596.0
-16.0
-346.0
845.0
296.0
830.0
983.0
190.0
681.0
1251.0
778.0
1560.0
1343.0
1150.0
1855.0
468.0
2626.0
2570.0
-1068.0
475.0
1490.0
335.0
1753.0
-190.0
-723.0
691.0
1352.0
818.0
-985.0
366.0
2254.0
645.0
-346.0
720.0
120.0
775.0
507.0
850.0
377.0
399.0
635.0
692.0
1466.0
1676.0
713.0
170.0
226.0
-2455.0
2359.0
179.0
-270.0
1630.0
607.0
954.0
-1.0
1052.0
453.0
605.0
2106.0
1291.0
-450.0
2058.0
410.0
2043.0
-381.0
-1174.0
523.0
2738.0
1483.0
-1645.0
992.0
-33.0
495.0
1802.0
976.0
685.0
1068.0
2559.0
1139.0
1234.0
1805.0
663.0
244.0
-247.0
2102.0
1202.0
160.0
-399.0
1175.0
-1080.0
2043.0
-314.0
-586.0
312.0
839.0
802.0
1384.0
1398.0
220.0
-49.0
553.0
2140.0
2135.0
1030.0
1189.0
748.0
1291.0
1806.0
24.0
1291.0
2548.0
2190.0
296.0
-131.0
-301.0
279.0
-305.0
509.0
1683.0
362.0
-648.0
556.0
6.0
1332.0
291.0
1331.0
1542.0
807.0
608.0
1150.0
1529.0
1671.0
1361.0
-502.0
226.0
642.0
587.0
-428.0
-1278.0
-72.0
1617.0
684.0
3811.0
1477.0
381.0
671.0
1260.0
299.0
498.0
1524.0
24.0
706.0
1637.0
1713.0
565.0
240.0
-799.0
4067.0
1360.0
-876.0
1842.0
1959.0
442.0
2264.0
869.0
1784.0
-204.0
1641.0
675.0
-560.0
474.0
1869.0
2156.0
3333.0
995.0
1725.0
1458.0
1235.0
-471.0
774.0
-1014.0
-140.0
-421.0
760.0
1885.0
157.0
1819.0
658.0
665.0
86.0
1725.0
2531.0
1185.0
835.0
1170.0
1352.0
643.0
-593.0
-255.0
1508.0
425.0
-30.0
167.0
2791.0
-584.0
1923.0
2748.0
1248.0
836.0
-1688.0
-858.0
-542.0
-150.0
877.0
187.0
234.0
1182.0
-579.0
759.0
1161.0
897.0
1001.0
-7.0
352.0
-350.0
1762.0
2298.0
1010.0
2115.0
539.0
578.0
1421.0
536.0
17.0
96.0
1238.0
781.0
2087.0
228.0
1306.0
1576.0
-35.0
1494.0
1608.0
1564.0
-317.0
557.0
1478.0
310.0
1272.0
1209.0
1492.0
319.0
177.0
-457.0
377.0
722.0
-240.0
970.0
496.0
677.0
1854.0
799.0
2656.0
1457.0
200.0
1361.0
2052.0
3486.0
1073.0
1577.0
-29.0
2327.0
-263.0
-200.0
497.0
2310.0
2243.0
1262.0
426.0
1696.0
215.0
2067.0
294.0
-801.0
1735.0
457.0
993.0
1392.0
-1233.0
-448.0
1122.0
541.0
2309.0
527.0
1807.0
2141.0
-719.0
-564.0
2049.0
1074.0
998.0
1608.0
161.0
425.0
1186.0
315.0
2079.0
914.0
1009.0
1123.0
