# Raw Asset Values
1098.0
1795.0
1248.0
-98.0
-504.0
390.0
821.0
2560.0
1648.0
-564.0
785.0
205.0
-367.0
12.0
891.0
-116.0
989.0
-735.0
-261.0
118.0
1489.0
618.0
24.0
983.0
207.0
2113.0
130.0
1111.0
386.0
-320.0
466.0
-1038.0
436.0
1990.0
1251.0
2326.0
788.0
-1274.0
-138.0
-182.0
906.0
3636.0
2445.0
-567.0
-530.0
-178.0
-1082.0
1759.0
-33.0
1168.0
3383.0
-427.0
-94.0
-454.0
88.0
612.0
-931.0
137.0
-1499.0
311.0
-878.0
-7.0
612.0
-535.0
-309.0
76.0
-632.0
1349.0
-558.0
1501.0
810.0
800.0
-38.0
713.0
-998.0
-1884.0
854.0
1566.0
-149.0
274.0
2103.0
2453.0
782.0
60.0
-215.0
2244.0
1276.0
-392.0
-1035.0
974.0
-365.0
1693.0
1138.0
2055.0
990.0
933.0
421.0
1247.0
474.0
300.0
-775.0
602.0
827.0
137.0
261.0
-588.0
-226.0
-1039.0
1933.0
20.0
-758.0
1214.0
205.0
-647.0
178.0
592.0
894.0
747.0
2993.0
-456.0
-788.0
1984.0
-211.0
1816.0
-493.0
-150.0
186.0
-432.0
-595.0
-397.0
1696.0
745.0
-1150.0
1798.0
1750.0
512.0
-847.0
871.0
665.0
-1153.0
136.0
1134.0
2381.0
588.0
-2742.0
559.0
638.0
1629.0
-345.0
1078.0
1440.0
1440.0
-610.0
884.0
616.0
-120.0
1562.0
-1725.0
767.0
1177.0
733.0
-137.0
533.0
-1121.0
603.0
935.0
1468.0
121.0
1730.0
74.0
-102.0
29.0
-776.0
1786.0
-1488.0
348.0
706.0
263.0
1321.0
1947.0
612.0
-346.0
-139.0
608.0
2090.0
-925.0
2854.0
1509.0
1459.0
-201.0
952.0
-145.0
1177.0
554.0
122.0
2071.0
-590.0
1707.0
-241.0
2371.0
2035.0
160.0
899.0
262.0
-1115.0
472.0
1388.0
502.0
1305.0
-948.0
1032.0
1634.0
550.0
-1132.0
811.0
1029.0
-270.0
106.0
-1634.0
-416.0
1048.0
-973.0
-391.0
-366.0
-679.0
-1326.0
2702.0
-1020.0
1089.0
198.0
1204.0
864.0
975.0
787.0
1962.0
1248.0
-1077.0
939.0
408.0
1991.0
74.0
42.0
-333.0
-1040.0
-1432.0
1613.0
-1747.0
286.0
1081.0
1781.0
168.0
133.0
-858.0
-2436.0
-570.0
69.0
-624.0
-260.0
6.0
647.0
613.0
-697.0
1192.0
-323.0
-98.0
727.0
470.0
14.0
1001.0
317.0
1035.0
435.0
523.0
-731.0
-31.0
691.0
-590.0
794.0
1265.0
-1339.0
-712.0
1583.0
2144.0
-1249.0
-215.0
-1649.0
2430.0
2336.0
1074.0
950.0
-1053.0
-298.0
556.0
51.0
771.0
-716.0
-146.0
-569.0
-337.0
1197.0
1080.0
89.0
-385.0
563.0
44.0
-440.0
726.0
517.0
1069.0
2411.0
1698.0
2768.0
1256.0
968.0
-760.0
-217.0
2256.0
221.0
640.0
1273.0
3129.0
1566.0
2071.0
432.0
3711.0
-2608.0
618.0
587.0
-134.0
154.0
1247.0
217.0
326.0
-161.0
-259.0
-82.0
1474.0
615.0
-18.0
1749.0
-1418.0
244.0
-1229.0
73.0
2050.0
107.0
-118.0
-429.0
1323.0
366.0
2520.0
382.0
-595.0
-1268.0
179.0
341.0
1941.0
-1726.0
-1092.0
189.0
479.0
1474.0
-641.0
1767.0
-1311.0
-796.0
1035.0
258.0
-394.0
1027.0
1009.0
-178.0
2158.0
1087.0
-888.0
508.0
1987.0
624.0
-239.0
837.0
1062.0
21.0
2866.0
364.0
-1820.0
-1811.0
-917.0
1208.0
-204.0
2596.0
243.0
399.0
-1159.0
768.0
1423.0
-431.0
1028.0
-721.0
278.0
-180.0
-378.0
1066.0
-309.0
990.0
281.0
1064.0
-234.0
-401.0
661.0
-623.0
1201.0
562.0
-1370.0
497.0
947.0
1440.0
-259.0
132.0
1804.0
-327.0
175.0
1898.0
1659.0
-110.0
647.0
2205.0
271.0
816.0
659.0
1843.0
936.0
403.0
1407.0
-232.0
260.0
-309.0
1811.0
-577.0
-54.0
-1464.0
539.0
1730.0
760.0
953.0
-885.0
1920.0
491.0
607.0
-693.0
1284.0
279.0
516.0
-494.0
-156.0
-67.0
4432.0
1226.0
2092.0
1265.0
168.0
-858.0
1472.0
2091.0
-47.0
734.0
598.0
-607.0
823.0
201.0
263.0
923.0
1663.0
-1007.0
1547.0
-630.0
1525.0
1217.0
208.0
31.0
1452.0
778.0
1142.0
138.0
-80.0
2439.0
1080.0
-235.0
-476.0
-671.0
-9.0
-2069.0
-2137.0
1918.0
1191.0
1825.0
-393.0
289.0
1377.0
2154.0
-641.0
994.0
3072.0
2051.0
-247.0
623.0
-1598.0
-296.0
-1793.0
364.0
1890.0
2610.0
576.0
-568.0
-944.0
-973.0
593.0
149.0
213.0
86.0
2676.0
723.0
175.0
-1141.0
-473.0
967.0
-230.0
407.0
-725.0
1325.0
942.0
-35.0
2281.0
1684.0
-1078.0
1607.0
556.0
587.0
1796.0
-1230.0
-1170.0
716.0
2118.0
-556.0
866.0
811.0
530.0
-595.0
-2170.0
713.0
1236.0
-1954.0
-1045.0
245.0
582.0
-462.0
-47.0
2498.0
-722.0
989.0
-1740.0
-812.0
-443.0
2216.0
77.0
436.0
-17.0
-521.0
-738.0
2341.0
1571.0
-884.0
1034.0
-239.0
-777.0
753.0
187.0
667.0
1370.0
-396.0
2132.0
1144.0
1805.0
460.0
-150.0
-1459.0
-2238.0
499.0
-270.0
1608.0
-1142.0
-688.0
2069.0
1065.0
-587.0
-1362.0
309.0
-660.0
933.0
-402.0
-892.0
