# ZIT Assets
684.0
-657.0
-795.0
67.0
-552.0
-160.0
-342.0
-139.0
-169.0
302.0
713.0
-197.0
26.0
711.0
358.0
78.0
317.0
82.0
292.0
1155.0
-13.0
-1225.0
15.0
432.0
-419.0
-1199.0
-534.0
159.0
726.0
-465.0
232.0
1068.0
-259.0
1343.0
374.0
222.0
1418.0
-438.0
112.0
-889.0
1077.0
-781.0
-22.0
262.0
1770.0
-322.0
745.0
1276.0
1073.0
318.0
1037.0
1580.0
244.0
736.0
645.0
-608.0
827.0
689.0
-42.0
688.0
3.0
269.0
795.0
1046.0
1093.0
-2281.0
-85.0
-501.0
-20.0
262.0
-316.0
1212.0
722.0
785.0
-31.0
737.0
348.0
269.0
476.0
248.0
-252.0
709.0
1551.0
821.0
798.0
-761.0
420.0
-1261.0
542.0
1198.0
70.0
-419.0
627.0
-1093.0
484.0
1288.0
1342.0
-25.0
1542.0
-622.0
813.0
35.0
277.0
282.0
1136.0
798.0
-833.0
-194.0
1791.0
141.0
444.0
69.0
-81.0
-155.0
61.0
687.0
-1217.0
114.0
-129.0
58.0
-779.0
173.0
169.0
-584.0
-774.0
-594.0
-76.0
-132.0
-657.0
-733.0
437.0
428.0
1497.0
407.0
76.0
900.0
999.0
-514.0
-238.0
194.0
565.0
-67.0
504.0
286.0
-836.0
897.0
-35.0
1186.0
1206.0
23.0
-356.0
1115.0
898.0
649.0
108.0
434.0
2365.0
807.0
-113.0
1063.0
-573.0
237.0
-184.0
881.0
224.0
428.0
-1257.0
873.0
726.0
-228.0
230.0
-168.0
85.0
1139.0
-836.0
-67.0
749.0
-110.0
295.0
278.0
-524.0
1648.0
-1335.0
1345.0
727.0
1249.0
855.0
417.0
713.0
1560.0
321.0
-689.0
635.0
-898.0
-943.0
1760.0
-454.0
-61.0
916.0
130.0
746.0
1240.0
372.0
-759.0
-728.0
-735.0
599.0
-197.0
-56.0
-615.0
1280.0
-570.0
55.0
332.0
-714.0
513.0
180.0
-91.0
640.0
503.0
-661.0
1839.0
510.0
1186.0
-444.0
98.0
384.0
640.0
661.0
467.0
859.0
15.0
865.0
875.0
975.0
-82.0
90.0
445.0
-63.0
362.0
550.0
10.0
455.0
876.0
1541.0
798.0
688.0
-716.0
276.0
-310.0
62.0
607.0
-595.0
-793.0
-65.0
-525.0
1480.0
496.0
-124.0
582.0
239.0
25.0
922.0
1263.0
921.0
961.0
1005.0
698.0
-12.0
139.0
1521.0
-491.0
703.0
1032.0
1511.0
-22.0
-351.0
469.0
17.0
239.0
563.0
909.0
781.0
-864.0
1214.0
809.0
-1408.0
10.0
258.0
-1623.0
874.0
550.0
263.0
1646.0
143.0
206.0
-1221.0
424.0
1659.0
1478.0
985.0
855.0
332.0
295.0
628.0
-22.0
-251.0
-86.0
395.0
-658.0
748.0
619.0
2571.0
-269.0
-480.0
-469.0
1483.0
724.0
853.0
-191.0
1150.0
381.0
1235.0
609.0
358.0
1063.0
-549.0
2001.0
484.0
-554.0
306.0
-1733.0
1270.0
755.0
81.0
44.0
-383.0
72.0
1623.0
1190.0
-173.0
579.0
-501.0
-162.0
1060.0
129.0
-663.0
1457.0
1692.0
-303.0
195.0
1114.0
-561.0
1009.0
1739.0
1585.0
704.0
1020.0
713.0
-97.0
1646.0
1126.0
1735.0
1356.0
641.0
374.0
518.0
312.0
69.0
-595.0
906.0
620.0
713.0
629.0
-324.0
-1315.0
610.0
-703.0
592.0
603.0
441.0
633.0
177.0
620.0
1595.0
6.0
951.0
610.0
71.0
1034.0
22.0
677.0
280.0
-984.0
50.0
452.0
837.0
-562.0
856.0
-504.0
2089.0
1033.0
290.0
-148.0
745.0
-301.0
-452.0
870.0
114.0
259.0
184.0
319.0
1419.0
377.0
89.0
1162.0
862.0
184.0
535.0
590.0
-92.0
1782.0
-74.0
333.0
1210.0
-1617.0
501.0
-103.0
-1029.0
1446.0
616.0
846.0
-420.0
317.0
229.0
560.0
-213.0
-98.0
544.0
1820.0
172.0
351.0
1020.0
1423.0
1167.0
401.0
1534.0
-478.0
276.0
106.0
793.0
125.0
532.0
-112.0
11.0
366.0
838.0
-30.0
618.0
686.0
-49.0
315.0
-55.0
753.0
255.0
-636.0
-648.0
-704.0
-54.0
202.0
-133.0
288.0
-633.0
685.0
-1594.0
759.0
1584.0
-411.0
488.0
-716.0
-1569.0
-437.0
29.0
-789.0
564.0
70.0
856.0
157.0
-710.0
223.0
631.0
-199.0
-339.0
650.0
267.0
1412.0
484.0
303.0
-808.0
396.0
150.0
-443.0
1536.0
760.0
636.0
-279.0
1103.0
1350.0
1313.0
2101.0
-1757.0
-603.0
-1157.0
336.0
258.0
862.0
1163.0
1865.0
580.0
-527.0
-511.0
1552.0
575.0
1690.0
2292.0
822.0
712.0
-534.0
473.0
-173.0
622.0
778.0
428.0
1408.0
2214.0
1281.0
-977.0
1028.0
455.0
869.0
-410.0
1093.0
528.0
-343.0
496.0
285.0
355.0
764.0
-518.0
591.0
1026.0
-691.0
293.0
809.0
367.0
24.0
1216.0
-353.0
1626.0
-4.0
409.0
1033.0
302.0
-179.0
-62.0
602.0
-484.0
403.0
-117.0
519.0
772.0
-157.0
255.0
1160.0
-730.0
1390.0
1061.0
562.0
540.0
1330.0
-1164.0
645.0
300.0
139.0
689.0
-454.0
-1099.0
383.0
-49.0
-225.0
-643.0
-844.0
217.0
972.0
-314.0
-390.0
1424.0
555.0
-530.0
-543.0
1288.0
790.0
-622.0
1072.0
423.0
-185.0
-133.0
-468.0
-935.0
702.0
1128.0
166.0
-1506.0
210.0
1671.0
527.0
1602.0
312.0
333.0
-537.0
78.0
1143.0
1899.0
975.0
1852.0
-232.0
287.0
1035.0
298.0
-55.0
1829.0
2315.0
191.0
-118.0
1193.0
174.0
979.0
2354.0
858.0
1591.0
34.0
743.0
55.0
97.0
494.0
227.0
1091.0
200.0
1581.0
-117.0
1022.0
-82.0
-130.0
926.0
1358.0
403.0
324.0
264.0
-176.0
898.0
1405.0
192.0
653.0
-331.0
2683.0
-351.0
673.0
-550.0
1123.0
397.0
948.0
205.0
-1465.0
-468.0
560.0
-387.0
1849.0
1672.0
-713.0
261.0
464.0
428.0
901.0
686.0
118.0
887.0
-323.0
-80.0
2124.0
108.0
1799.0
-564.0
899.0
2363.0
1230.0
1820.0
768.0
247.0
-1121.0
221.0
141.0
1141.0
1858.0
-74.0
1665.0
-208.0
-727.0
208.0
1428.0
-874.0
976.0
754.0
7.0
-1451.0
-1125.0
-261.0
-616.0
156.0
234.0
779.0
-311.0
-586.0
1287.0
-790.0
-1650.0
-240.0
-72.0
713.0
161.0
209.0
628.0
380.0
150.0
176.0
506.0
-148.0
-610.0
-202.0
736.0
-578.0
426.0
766.0
265.0
-166.0
1849.0
336.0
163.0
388.0
342.0
-48.0
575.0
439.0
-257.0
268.0
1396.0
1154.0
2533.0
540.0
1226.0
710.0
100.0
-361.0
1106.0
786.0
-315.0
275.0
667.0
972.0
1174.0
543.0
-949.0
196.0
-610.0
852.0
-567.0
839.0
812.0
896.0
-1286.0
-1295.0
-68.0
-121.0
151.0
1384.0
194.0
1056.0
2076.0
446.0
-571.0
860.0
-387.0
424.0
-183.0
-497.0
463.0
-77.0
227.0
-290.0
-1086.0
-1646.0
-612.0
961.0
515.0
1338.0
-1314.0
234.0
920.0
-729.0
625.0
323.0
-1055.0
2245.0
2075.0
-558.0
2377.0
1684.0
732.0
-501.0
368.0
1428.0
-453.0
1543.0
-551.0
1020.0
344.0
953.0
319.0
1569.0
-691.0
2331.0
-783.0
-84.0
2144.0
-140.0
1309.0
551.0
459.0
843.0
1112.0
733.0
7.0
1353.0
1728.0
-713.0
1420.0
490.0
441.0
65.0
629.0
1090.0
1145.0
-57.0
658.0
497.0
742.0
79.0
503.0
653.0
-760.0
2650.0
834.0
-612.0
396.0
1627.0
116.0
429.0
-578.0
-717.0
259.0
299.0
1577.0
571.0
1148.0
-281.0
118.0
468.0
-173.0
370.0
145.0
-398.0
-59.0
-1480.0
1345.0
-23.0
762.0
331.0
77.0
971.0
242.0
1178.0
468.0
-917.0
-1241.0
1006.0
653.0
894.0
751.0
243.0
260.0
2177.0
-420.0
1060.0
663.0
-795.0
-19.0
296.0
360.0
-999.0
-193.0
151.0
580.0
421.0
55.0
-477.0
1107.0
-9.0
-171.0
512.0
374.0
-353.0
-428.0
2518.0
115.0
2067.0
859.0
5.0
-45.0
1447.0
-179.0
-678.0
-1199.0
-238.0
-346.0
1261.0
507.0
73.0
-584.0
639.0
430.0
507.0
-406.0
-136.0
2504.0
238.0
-91.0
664.0
781.0
139.0
101.0
-318.0
1843.0
31.0
987.0
-227.0
969.0
415.0
2341.0
757.0
636.0
134.0
-185.0
-99.0
727.0
-388.0
527.0
1345.0
1142.0
-186.0
236.0
1080.0
702.0
-1612.0
-396.0
1870.0
11.0
-594.0
856.0
-231.0
1735.0
476.0
1482.0
561.0
288.0
-542.0
1474.0
1370.0
170.0
202.0
507.0
1247.0
-123.0
698.0
1048.0
-391.0
-521.0
895.0
-175.0
-694.0
922.0
-241.0
-930.0
1509.0
569.0
205.0
-1073.0
191.0
669.0
20.0
1275.0
337.0
1444.0
-1112.0
-84.0
212.0
-1558.0
997.0
1466.0
68.0
-451.0
1859.0
448.0
885.0
-39.0
1488.0
-1.0
50.0
872.0
394.0
-647.0
1901.0
540.0
1297.0
713.0
-678.0
502.0
468.0
-893.0
152.0
-19.0
1743.0
542.0
-383.0
719.0
-446.0
-139.0
-171.0
446.0
386.0
1610.0
-7.0
-1108.0
-53.0
-1116.0
1179.0
-121.0
228.0
-296.0
2011.0
688.0
-527.0
970.0
912.0
67.0
-212.0
269.0
408.0
1370.0
637.0
850.0
900.0
1701.0
253.0
279.0
641.0
29.0
882.0
348.0
-1180.0
1090.0
609.0
751.0
1650.0
346.0
-693.0
878.0
932.0
322.0
784.0
-46.0
187.0
-370.0
1082.0
771.0
565.0
1555.0
-509.0
1071.0
751.0
95.0
996.0
929.0
889.0
539.0
764.0
2255.0
38.0
630.0
648.0
1051.0
-434.0
-176.0
-381.0
-517.0
1217.0
-590.0
1102.0
941.0
-475.0
-967.0
1021.0
46.0
703.0
-147.0
431.0
-246.0
-970.0
444.0
-135.0
592.0
-562.0
1119.0
-557.0
719.0
199.0
-420.0
759.0
438.0
1180.0
570.0
1173.0
613.0
379.0
-826.0
1716.0
515.0
-701.0
-165.0
-337.0
811.0
805.0
1858.0
402.0
1470.0
123.0
644.0
1261.0
-573.0
525.0
-1718.0
1045.0
-1201.0
794.0
152.0
317.0
1081.0
1461.0
-1206.0
1871.0
498.0
661.0
-828.0
-1194.0
1287.0
267.0
1346.0
1902.0
207.0
-65.0
415.0
76.0
-348.0
1029.0
-996.0
663.0
941.0
534.0
-415.0
-95.0
-102.0
-155.0
-74.0
-122.0
-364.0
953.0
-1183.0
608.0
409.0
-44.0
1418.0
517.0
1195.0
-925.0
-1019.0
856.0
405.0
42.0
327.0
1627.0
1321.0
490.0
1093.0
541.0
676.0
-576.0
727.0
280.0
137.0
-680.0
1237.0
-1049.0
322.0
2038.0
1011.0
-276.0
-136.0
1093.0
-569.0
738.0
336.0
233.0
-642.0
1561.0
-676.0
833.0
-218.0
-208.0
851.0
-351.0
931.0
901.0
382.0
-6.0
487.0
60.0
676.0
1041.0
762.0
306.0
670.0
919.0
1113.0
1263.0
960.0
331.0
-1.0
-553.0
982.0
-258.0
204.0
-1163.0
-1557.0
-178.0
525.0
906.0
169.0
-144.0
-435.0
616.0
-17.0
-467.0
-635.0
185.0
710.0
1138.0
606.0
-421.0
-724.0
990.0
-759.0
-68.0
-61.0
-1374.0
1225.0
-238.0
271.0
310.0
-161.0
709.0
337.0
-157.0
-240.0
625.0
1089.0
-182.0
755.0
128.0
1772.0
1662.0
1260.0
2061.0
-363.0
46.0
760.0
720.0
1359.0
-1258.0
-1087.0
986.0
1215.0
245.0
-1411.0
633.0
1634.0
237.0
681.0
-333.0
-270.0
1040.0
-309.0
270.0
1610.0
-460.0
-387.0
-569.0
555.0
40.0
22.0
-291.0
1388.0
-501.0
289.0
-256.0
137.0
-214.0
-220.0
-620.0
-188.0
-93.0
-102.0
934.0
191.0
546.0
-833.0
-1377.0
1434.0
474.0
570.0
-1113.0
-519.0
-36.0
1169.0
1888.0
-230.0
901.0
1905.0
1258.0
-143.0
1173.0
1950.0
2038.0
-295.0
-740.0
538.0
-1342.0
881.0
151.0
485.0
1344.0
-7.0
702.0
-395.0
-902.0
-378.0
403.0
-977.0
386.0
262.0
537.0
120.0
494.0
-628.0
-540.0
816.0
66.0
523.0
1377.0
411.0
320.0
275.0
-39.0
581.0
343.0
103.0
-237.0
789.0
-110.0
2575.0
-289.0
147.0
-358.0
