# Raw Asset Values
-267.0
980.0
2072.0
1399.0
110.0
-1124.0
-1144.0
617.0
33.0
601.0
609.0
1685.0
2413.0
-245.0
1346.0
-341.0
3153.0
1029.0
558.0
655.0
-80.0
499.0
-535.0
-488.0
492.0
-575.0
1948.0
2116.0
620.0
545.0
-1547.0
-677.0
336.0
891.0
1656.0
-132.0
-313.0
-970.0
753.0
-208.0
-3164.0
470.0
656.0
767.0
-1210.0
1300.0
678.0
-1904.0
-1043.0
-1646.0
-678.0
288.0
41.0
955.0
860.0
2066.0
69.0
55.0
-319.0
-2690.0
1696.0
1218.0
1166.0
393.0
684.0
-289.0
41.0
1310.0
2193.0
157.0
-364.0
677.0
1396.0
-533.0
3319.0
1981.0
-1844.0
-998.0
1539.0
1485.0
86.0
-24.0
-44.0
-400.0
-274.0
716.0
1364.0
-14.0
-534.0
-1545.0
1081.0
2510.0
818.0
1637.0
-1365.0
968.0
575.0
-613.0
750.0
-237.0
360.0
521.0
53.0
-8.0
1437.0
-1036.0
1406.0
245.0
199.0
399.0
1383.0
-545.0
791.0
1189.0
785.0
2051.0
-286.0
-676.0
-1130.0
-2017.0
396.0
-1373.0
-353.0
1170.0
-352.0
2373.0
-831.0
1700.0
50.0
1058.0
-1093.0
-39.0
1543.0
-1208.0
-475.0
356.0
1449.0
415.0
1062.0
2251.0
799.0
-135.0
1145.0
-274.0
-3480.0
1012.0
-482.0
-287.0
1961.0
-956.0
464.0
387.0
368.0
1186.0
1180.0
1016.0
163.0
789.0
31.0
161.0
1000.0
1298.0
1530.0
1157.0
1365.0
-1228.0
729.0
134.0
700.0
301.0
895.0
-997.0
606.0
263.0
-1750.0
203.0
826.0
362.0
2592.0
715.0
-2174.0
386.0
-702.0
1403.0
1178.0
-154.0
-325.0
643.0
-156.0
1650.0
-283.0
902.0
1044.0
374.0
866.0
1382.0
-1735.0
829.0
1329.0
1471.0
1488.0
-823.0
-1024.0
-188.0
-1470.0
-1294.0
-1030.0
1400.0
1542.0
-169.0
160.0
793.0
-1062.0
1116.0
257.0
-504.0
390.0
-1066.0
2721.0
116.0
452.0
2037.0
-314.0
-444.0
271.0
428.0
1836.0
-361.0
1033.0
408.0
-226.0
1177.0
-466.0
374.0
390.0
-1949.0
512.0
-1440.0
-353.0
-706.0
296.0
1177.0
-601.0
1640.0
-969.0
276.0
1107.0
385.0
-365.0
239.0
2526.0
2570.0
372.0
1295.0
-920.0
847.0
315.0
1428.0
1176.0
561.0
-1799.0
-668.0
-364.0
688.0
651.0
59.0
-329.0
-23.0
1324.0
-909.0
-272.0
876.0
674.0
-371.0
-671.0
-1346.0
588.0
2066.0
237.0
-576.0
-365.0
1435.0
-495.0
195.0
1542.0
-1262.0
172.0
620.0
230.0
1263.0
1189.0
1601.0
-134.0
-985.0
-813.0
1420.0
1488.0
-46.0
-2235.0
-572.0
-1109.0
-364.0
1764.0
86.0
908.0
-141.0
673.0
557.0
274.0
1629.0
1713.0
-950.0
225.0
-1291.0
234.0
-800.0
-696.0
-23.0
586.0
1558.0
1710.0
75.0
-1393.0
760.0
-429.0
808.0
474.0
-597.0
672.0
1287.0
1287.0
547.0
433.0
-2065.0
1017.0
-1054.0
-492.0
204.0
1043.0
1569.0
485.0
-875.0
1062.0
1095.0
-11.0
736.0
-736.0
-37.0
-554.0
346.0
1325.0
-764.0
437.0
2886.0
1063.0
237.0
-162.0
366.0
1786.0
1642.0
-512.0
-436.0
-41.0
-115.0
592.0
877.0
1879.0
1407.0
873.0
1421.0
1226.0
60.0
2998.0
1655.0
1240.0
198.0
1288.0
1699.0
929.0
-1566.0
468.0
-522.0
58.0
-81.0
-213.0
2588.0
455.0
3340.0
-1378.0
-6.0
-511.0
433.0
-184.0
648.0
-515.0
-515.0
-823.0
1017.0
525.0
2460.0
397.0
366.0
1520.0
811.0
-203.0
153.0
-1867.0
-74.0
-1269.0
-33.0
1301.0
1824.0
-1235.0
2029.0
-387.0
-1315.0
1876.0
234.0
621.0
2518.0
-841.0
-389.0
-552.0
-574.0
514.0
156.0
883.0
-316.0
6.0
962.0
-241.0
739.0
-765.0
1001.0
1052.0
727.0
1051.0
-91.0
-732.0
557.0
740.0
-835.0
812.0
-120.0
213.0
285.0
1022.0
-277.0
-346.0
-651.0
1706.0
-68.0
-2369.0
1167.0
250.0
988.0
-498.0
354.0
-344.0
-363.0
-416.0
1934.0
190.0
-583.0
1221.0
-937.0
-666.0
65.0
568.0
-1298.0
2091.0
-141.0
120.0
550.0
647.0
-1500.0
906.0
-189.0
-545.0
-292.0
2049.0
85.0
1132.0
-185.0
961.0
1395.0
-1266.0
1556.0
417.0
334.0
1573.0
35.0
351.0
288.0
1088.0
-1726.0
-501.0
3340.0
-519.0
220.0
1044.0
1333.0
1779.0
1613.0
925.0
2249.0
1149.0
-475.0
4172.0
-1579.0
826.0
-254.0
1675.0
1131.0
23.0
1132.0
2226.0
772.0
378.0
-1820.0
-840.0
-1840.0
-383.0
1606.0
190.0
941.0
380.0
-400.0
-248.0
321.0
-613.0
2487.0
675.0
1955.0
-235.0
-1403.0
443.0
-35.0
898.0
216.0
759.0
1298.0
1793.0
-688.0
-1334.0
145.0
221.0
-630.0
18.0
-618.0
-689.0
999.0
-135.0
-1154.0
958.0
-1148.0
1495.0
436.0
-1491.0
1027.0
-418.0
-610.0
2083.0
236.0
2746.0
-562.0
531.0
571.0
749.0
-962.0
1595.0
1260.0
213.0
993.0
-628.0
-83.0
670.0
-1339.0
-938.0
-651.0
1255.0
31.0
-1557.0
-1044.0
-160.0
221.0
1215.0
1306.0
2369.0
197.0
637.0
657.0
-278.0
1615.0
576.0
2057.0
1320.0
-437.0
-683.0
1519.0
1694.0
-318.0
-2389.0
2567.0
1016.0
-548.0
658.0
-139.0
-1001.0
-1164.0
941.0
3011.0
1124.0
-1224.0
1335.0
-742.0
449.0
118.0
818.0
1392.0
-833.0
-1057.0
1476.0
1198.0
2315.0
917.0
49.0
375.0
-1913.0
975.0
-620.0
471.0
391.0
-392.0
-1681.0
635.0
2522.0
2489.0
-1887.0
1442.0
431.0
60.0
-1634.0
-573.0
-1.0
526.0
-78.0
2255.0
1461.0
-1384.0
961.0
2044.0
535.0
-1278.0
457.0
2794.0
882.0
-1922.0
1031.0
-1200.0
2393.0
871.0
2218.0
-720.0
-224.0
2626.0
-1203.0
-759.0
1730.0
116.0
507.0
1161.0
147.0
-389.0
1422.0
30.0
1343.0
9.0
-974.0
1003.0
-170.0
-549.0
-503.0
1069.0
-212.0
378.0
525.0
-1349.0
-155.0
64.0
-615.0
-2043.0
10.0
858.0
2589.0
637.0
2438.0
-342.0
-107.0
1442.0
877.0
587.0
1763.0
1100.0
-1782.0
-959.0
2781.0
264.0
-228.0
1336.0
1878.0
140.0
315.0
915.0
891.0
387.0
344.0
-286.0
58.0
381.0
777.0
-633.0
604.0
2090.0
1870.0
1085.0
641.0
219.0
1435.0
1050.0
-872.0
1069.0
636.0
-558.0
-546.0
1084.0
89.0
1348.0
1312.0
-331.0
-39.0
2316.0
1272.0
1983.0
-420.0
807.0
-1107.0
1457.0
1117.0
275.0
1397.0
-226.0
-1330.0
-601.0
-1122.0
328.0
1352.0
-571.0
-1015.0
2203.0
-1771.0
292.0
-405.0
1065.0
1448.0
199.0
418.0
1247.0
325.0
483.0
-1433.0
2310.0
-71.0
659.0
1607.0
1534.0
-174.0
679.0
-2504.0
-1005.0
436.0
2254.0
582.0
-879.0
-211.0
518.0
1402.0
-1347.0
2424.0
774.0
203.0
-423.0
590.0
-157.0
213.0
668.0
-640.0
306.0
390.0
-384.0
