# NormalizedAsset CCDF
0.0010594101406418324 1.0
0.0021188202812836648 0.9995
0.003178230421925497 0.999
0.003178230421925497 0.9985
0.0042376405625673295 0.998
0.0042376405625673295 0.9975
0.0042376405625673295 0.997
0.005297050703209161 0.9965
0.005297050703209161 0.996
0.006356460843850994 0.9955
0.006356460843850994 0.995
0.006356460843850994 0.9945
0.007415870984492826 0.994
0.007415870984492826 0.9935
0.007415870984492826 0.993
0.008475281125134659 0.9925
0.008475281125134659 0.992
0.00953469126577649 0.9915
0.00953469126577649 0.991
0.00953469126577649 0.9905
0.010594101406418322 0.99
0.012712921687701988 0.9895
0.012712921687701988 0.989
0.012712921687701988 0.9885
0.012712921687701988 0.988
0.01377233182834382 0.9875
0.01377233182834382 0.987
0.014831741968985653 0.9865
0.015891152109627486 0.986
0.016950562250269318 0.9855
0.01800997239091115 0.985
0.01800997239091115 0.9845
0.01800997239091115 0.984
0.01800997239091115 0.9835
0.01906938253155298 0.983
0.01906938253155298 0.9825
0.01906938253155298 0.982
0.01906938253155298 0.9815
0.02224761295347848 0.981
0.023307023094120312 0.9805
0.023307023094120312 0.98
0.024366433234762144 0.9795
0.024366433234762144 0.979
0.024366433234762144 0.9785
0.024366433234762144 0.978
0.025425843375403975 0.9775
0.026485253516045807 0.977
0.026485253516045807 0.9765
0.02754466365668764 0.976
0.028604073797329474 0.9755
0.028604073797329474 0.975
0.028604073797329474 0.9745
0.028604073797329474 0.974
0.029663483937971306 0.9735
0.029663483937971306 0.973
0.029663483937971306 0.9725
0.029663483937971306 0.972
0.029663483937971306 0.9715
0.030722894078613137 0.971
0.03178230421925497 0.9705
0.03178230421925497 0.97
0.0328417143598968 0.9695
0.0328417143598968 0.969
0.033901124500538636 0.9685
0.0360199447818223 0.968
0.03707935492246413 0.9675
0.03707935492246413 0.967
0.03707935492246413 0.9665
0.03707935492246413 0.966
0.03813876506310596 0.9655
0.03813876506310596 0.965
0.03813876506310596 0.9645
0.0391981752037478 0.964
0.040257585344389626 0.9635
0.040257585344389626 0.963
0.04131699548503146 0.9625
0.04131699548503146 0.962
0.04131699548503146 0.9615
0.04237640562567329 0.961
0.04237640562567329 0.9605
0.04237640562567329 0.96
0.043435815766315125 0.9595
0.043435815766315125 0.959
0.04555463604759879 0.9585
0.04555463604759879 0.958
0.046614046188240624 0.9575
0.046614046188240624 0.957
0.04767345632888245 0.9565
0.04767345632888245 0.956
0.04979227661016612 0.9555
0.04979227661016612 0.955
0.04979227661016612 0.9545
0.05085168675080795 0.954
0.05085168675080795 0.9535
0.051911096891449786 0.953
0.052970507032091614 0.9525
0.05508932731337528 0.952
0.05508932731337528 0.9515
0.05508932731337528 0.951
0.05614873745401711 0.9505
0.05720814759465895 0.95
0.05720814759465895 0.9495
0.05720814759465895 0.949
0.058267557735300776 0.9485
0.058267557735300776 0.948
0.058267557735300776 0.9475
0.05932696787594261 0.947
0.05932696787594261 0.9465
0.05932696787594261 0.946
0.06038637801658444 0.9455
0.06038637801658444 0.945
0.061445788157226275 0.9445
0.0625051982978681 0.944
0.0656834287197936 0.9435
0.06674283886043543 0.943
0.06780224900107727 0.9425
0.06780224900107727 0.942
0.0688616591417191 0.9415
0.06992106928236093 0.9410000000000001
0.06992106928236093 0.9405
0.07098047942300277 0.94
0.0720398895636446 0.9395
0.0720398895636446 0.9390000000000001
0.07309929970428643 0.9385
0.07627753012621193 0.938
0.07733694026685375 0.9375
0.07733694026685375 0.937
0.07733694026685375 0.9365
0.0783963504074956 0.9359999999999999
0.0783963504074956 0.9355
0.07945576054813742 0.935
0.07945576054813742 0.9345
0.07945576054813742 0.9339999999999999
0.07945576054813742 0.9335
0.08051517068877925 0.933
0.08051517068877925 0.9325
0.08051517068877925 0.9319999999999999
0.0815745808294211 0.9315
0.0815745808294211 0.931
0.08263399097006292 0.9305
0.08263399097006292 0.9299999999999999
0.08475281125134658 0.9295
0.08581222139198842 0.929
0.08581222139198842 0.9285
0.08581222139198842 0.928
0.08687163153263025 0.9275
0.08899045181391392 0.927
0.08899045181391392 0.9265
0.08899045181391392 0.926
0.09004986195455575 0.9255
0.09004986195455575 0.925
0.09004986195455575 0.9245
0.09110927209519758 0.924
0.09110927209519758 0.9235
0.0921686822358394 0.923
0.0921686822358394 0.9225
0.09322809237648125 0.922
0.09322809237648125 0.9215
0.09428750251712308 0.921
0.09428750251712308 0.9205
0.0953469126577649 0.92
0.0953469126577649 0.9195
0.0953469126577649 0.919
0.0953469126577649 0.9185
0.0953469126577649 0.918
0.09640632279840675 0.9175
0.09746573293904857 0.917
0.0985251430796904 0.9165
0.0985251430796904 0.916
0.10064396336097407 0.9155
0.10064396336097407 0.915
0.10064396336097407 0.9145
0.10064396336097407 0.914
0.10064396336097407 0.9135
0.1017033735016159 0.913
0.1017033735016159 0.9125
0.10382219378289957 0.912
0.10382219378289957 0.9115
0.10594101406418323 0.911
0.10700042420482507 0.9105
0.10700042420482507 0.91
0.10700042420482507 0.9095
0.1080598343454669 0.909
0.1080598343454669 0.9085
0.11017865462675056 0.908
0.1112380647673924 0.9075
0.1112380647673924 0.907
0.1112380647673924 0.9065
0.11229747490803423 0.906
0.11229747490803423 0.9055
0.11335688504867605 0.905
0.11335688504867605 0.9045
0.11335688504867605 0.904
0.11335688504867605 0.9035
0.1144162951893179 0.903
0.11547570532995972 0.9025
0.11547570532995972 0.902
0.11653511547060155 0.9015
0.11759452561124338 0.901
0.11759452561124338 0.9005
0.11865393575188522 0.9
0.11865393575188522 0.8995
0.11865393575188522 0.899
0.11971334589252705 0.8985
0.11971334589252705 0.898
0.12077275603316888 0.8975
0.12077275603316888 0.897
0.12077275603316888 0.8965
0.12183216617381072 0.896
0.12289157631445255 0.8955
0.12289157631445255 0.895
0.12395098645509438 0.8945
0.1250103965957362 0.894
0.12606980673637805 0.8935
0.12606980673637805 0.893
0.1281886270176617 0.8925
0.12924803715830355 0.892
0.1303074472989454 0.8915
0.1303074472989454 0.891
0.1313668574395872 0.8905
0.13242626758022905 0.89
0.13348567772087086 0.8895
0.13348567772087086 0.889
0.13348567772087086 0.8885
0.13348567772087086 0.888
0.1345450878615127 0.8875
0.1345450878615127 0.887
0.13666390814279636 0.8865
0.13666390814279636 0.886
0.1377233182834382 0.8855
0.13878272842408004 0.885
0.13878272842408004 0.8845
0.13984213856472186 0.884
0.1409015487053637 0.8835
0.14196095884600554 0.883
0.14196095884600554 0.8825000000000001
0.14196095884600554 0.882
0.14196095884600554 0.8815
0.14302036898664736 0.881
0.14302036898664736 0.8805000000000001
0.14302036898664736 0.88
0.1440797791272892 0.8795
0.1440797791272892 0.879
0.1440797791272892 0.8785000000000001
0.1440797791272892 0.878
0.1440797791272892 0.8775
0.14619859940857285 0.877
0.14619859940857285 0.8765000000000001
0.1472580095492147 0.876
0.1504362399711402 0.8755
0.151495650111782 0.875
0.151495650111782 0.8745
0.151495650111782 0.874
0.151495650111782 0.8734999999999999
0.15255506025242385 0.873
0.15255506025242385 0.8725
0.15255506025242385 0.872
0.1536144703930657 0.8714999999999999
0.1536144703930657 0.871
0.1536144703930657 0.8705
0.1536144703930657 0.87
0.1536144703930657 0.8694999999999999
0.1546738805337075 0.869
0.15573329067434935 0.8685
0.15573329067434935 0.868
0.15573329067434935 0.8674999999999999
0.1567927008149912 0.867
0.1567927008149912 0.8665
0.15891152109627485 0.866
0.15891152109627485 0.8654999999999999
0.15891152109627485 0.865
0.15891152109627485 0.8645
0.1599709312369167 0.864
0.1599709312369167 0.8634999999999999
0.1599709312369167 0.863
0.16208975151820035 0.8625
0.1631491616588422 0.862
0.1631491616588422 0.8614999999999999
0.16526798194012585 0.861
0.16526798194012585 0.8605
0.16526798194012585 0.86
0.16632739208076766 0.8594999999999999
0.16632739208076766 0.859
0.16632739208076766 0.8585
0.16632739208076766 0.858
0.1673868022214095 0.8575
0.1673868022214095 0.857
0.16844621236205135 0.8565
0.16844621236205135 0.856
0.16844621236205135 0.8555
0.16950562250269316 0.855
0.170565032643335 0.8545
0.170565032643335 0.854
0.17162444278397684 0.8535
0.17268385292461866 0.853
0.17268385292461866 0.8525
0.17480267320590234 0.852
0.17480267320590234 0.8515
0.17480267320590234 0.851
0.17480267320590234 0.8505
0.17480267320590234 0.85
0.176921493487186 0.8495
0.176921493487186 0.849
0.17798090362782784 0.8485
0.17904031376846966 0.848
0.17904031376846966 0.8475
0.17904031376846966 0.847
0.17904031376846966 0.8465
0.17904031376846966 0.846
0.18115913404975334 0.8455
0.18115913404975334 0.845
0.18115913404975334 0.8445
0.18115913404975334 0.844
0.183277954331037 0.8435
0.183277954331037 0.843
0.18539677461232065 0.8425
0.1864561847529625 0.842
0.1875155948936043 0.8415
0.18857500503424615 0.841
0.189634415174888 0.8405
0.189634415174888 0.84
0.19175323545617165 0.8395
0.19175323545617165 0.839
0.19175323545617165 0.8385
0.1928126455968135 0.838
0.1938720557374553 0.8375
0.19493146587809715 0.837
0.19493146587809715 0.8365
0.195990876018739 0.836
0.195990876018739 0.8355
0.195990876018739 0.835
0.195990876018739 0.8345
0.19810969630002265 0.834
0.1991691064406645 0.8335
0.1991691064406645 0.833
0.2002285165813063 0.8325
0.20128792672194815 0.832
0.20128792672194815 0.8315
0.20234733686258996 0.831
0.20234733686258996 0.8305
0.2034067470032318 0.83
0.20446615714387364 0.8295
0.20552556728451546 0.829
0.20552556728451546 0.8285
0.20552556728451546 0.8280000000000001
0.2065849774251573 0.8275
0.20764438756579914 0.827
0.20870379770644096 0.8265
0.20870379770644096 0.8260000000000001
0.2097632078470828 0.8255
0.2097632078470828 0.825
0.21082261798772464 0.8245
0.21082261798772464 0.8240000000000001
0.21188202812836646 0.8235
0.21188202812836646 0.823
0.2129414382690083 0.8225
0.2129414382690083 0.8220000000000001
0.2129414382690083 0.8215
0.2129414382690083 0.821
0.21400084840965014 0.8205
0.21400084840965014 0.8200000000000001
0.21506025855029196 0.8195
0.21506025855029196 0.819
0.21506025855029196 0.8185
0.21506025855029196 0.8180000000000001
0.2161196686909338 0.8175
0.2161196686909338 0.817
0.2161196686909338 0.8165
0.21823848897221745 0.8160000000000001
0.21823848897221745 0.8155
0.21823848897221745 0.815
0.21823848897221745 0.8145
0.2203573092535011 0.8140000000000001
0.2203573092535011 0.8135
0.2203573092535011 0.813
0.22141671939414295 0.8125
0.22141671939414295 0.812
0.22141671939414295 0.8115
0.2235355396754266 0.8109999999999999
0.2235355396754266 0.8105
0.22459494981606845 0.81
0.2256543599567103 0.8095
0.2256543599567103 0.8089999999999999
0.2256543599567103 0.8085
0.22777318023799395 0.808
0.22777318023799395 0.8075
0.22777318023799395 0.8069999999999999
0.2298920005192776 0.8065
0.23095141065991945 0.806
0.2320108208005613 0.8055
0.2330702309412031 0.8049999999999999
0.2330702309412031 0.8045
0.2330702309412031 0.804
0.23412964108184495 0.8035
0.23412964108184495 0.8029999999999999
0.23412964108184495 0.8025
0.23518905122248676 0.802
0.2362484613631286 0.8015
0.23730787150377045 0.8009999999999999
0.23836728164441226 0.8005
0.23836728164441226 0.8
0.2394266917850541 0.7995
0.24048610192569594 0.7989999999999999
0.24154551206633776 0.7985
0.2426049222069796 0.798
0.24366433234762144 0.7975
0.24366433234762144 0.7969999999999999
0.24472374248826326 0.7965
0.24472374248826326 0.796
0.2457831526289051 0.7955
0.2457831526289051 0.795
0.24790197291018876 0.7945
0.24790197291018876 0.794
0.2500207931914724 0.7935
0.2510802033321143 0.793
0.2510802033321143 0.7925
0.2542584337540398 0.792
0.2542584337540398 0.7915
0.2542584337540398 0.791
0.2553178438946816 0.7905
0.2553178438946816 0.79
0.2574366641759653 0.7895
0.2584960743166071 0.789
0.2606148945978908 0.7885
0.2606148945978908 0.788
0.2616743047385326 0.7875
0.2616743047385326 0.787
0.2627337148791744 0.7865
0.2627337148791744 0.786
0.2637931250198162 0.7855
0.2648525351604581 0.785
0.2669713554417417 0.7845
0.2701495858636672 0.784
0.2712089960043091 0.7835
0.2712089960043091 0.783
0.2712089960043091 0.7825
0.2712089960043091 0.782
0.2712089960043091 0.7815
0.2733278162855927 0.781
0.2743872264262346 0.7805
0.2754466365668764 0.78
0.2754466365668764 0.7795
0.2765060467075182 0.779
0.2765060467075182 0.7785
0.2775654568481601 0.778
0.2796842771294437 0.7775
0.2818030974107274 0.777
0.2818030974107274 0.7765
0.2828625075513692 0.776
0.2828625075513692 0.7755
0.2839219176920111 0.775
0.2849813278326529 0.7745
0.2849813278326529 0.774
0.2860407379732947 0.7735
0.2860407379732947 0.773
0.2881595582545784 0.7725
0.2881595582545784 0.772
0.2892189683952202 0.7715
0.2892189683952202 0.771
0.2902783785358621 0.7705
0.2902783785358621 0.77
0.2902783785358621 0.7695
0.2902783785358621 0.769
0.2913377886765039 0.7685
0.2913377886765039 0.768
0.2923971988171457 0.7675
0.2923971988171457 0.767
0.2945160190984294 0.7665
0.2945160190984294 0.766
0.2955754292390712 0.7655000000000001
0.2955754292390712 0.765
0.2955754292390712 0.7645
0.296634839379713 0.764
0.296634839379713 0.7635000000000001
0.2976942495203549 0.763
0.2976942495203549 0.7625
0.2976942495203549 0.762
0.2976942495203549 0.7615000000000001
0.2987536596609967 0.761
0.2987536596609967 0.7605
0.2998130698016385 0.76
0.3008724799422804 0.7595000000000001
0.3019318900829222 0.759
0.3019318900829222 0.7585
0.3019318900829222 0.758
0.302991300223564 0.7575000000000001
0.302991300223564 0.757
0.302991300223564 0.7565
0.3040507103642059 0.756
0.3040507103642059 0.7555000000000001
0.3040507103642059 0.755
0.3061695306454895 0.7545
0.3072289407861314 0.754
0.3082883509267732 0.7535000000000001
0.3082883509267732 0.753
0.3082883509267732 0.7525
0.309347761067415 0.752
0.3104071712080569 0.7515000000000001
0.3104071712080569 0.751
0.3114665813486987 0.7505
0.3114665813486987 0.75
0.3125259914893405 0.7495
0.3135854016299824 0.749
0.3135854016299824 0.7484999999999999
0.3135854016299824 0.748
0.3146448117706242 0.7475
0.3146448117706242 0.747
0.3146448117706242 0.7464999999999999
0.315704221911266 0.746
0.3167636320519079 0.7455
0.3167636320519079 0.745
0.3167636320519079 0.7444999999999999
0.3178230421925497 0.744
0.3178230421925497 0.7435
0.3178230421925497 0.743
0.3199418624738334 0.7424999999999999
0.3199418624738334 0.742
0.3210012726144752 0.7415
0.3231200928957589 0.741
0.3241795030364007 0.7404999999999999
0.3252389131770425 0.74
0.3262983233176844 0.7395
0.3262983233176844 0.739
0.3273577334583262 0.7384999999999999
0.3273577334583262 0.738
0.328417143598968 0.7375
0.3294765537396099 0.737
0.3294765537396099 0.7364999999999999
0.3305359638802517 0.736
0.3305359638802517 0.7355
0.3305359638802517 0.735
0.3315953740208935 0.7344999999999999
0.3315953740208935 0.734
0.3315953740208935 0.7335
0.3326547841615353 0.733
0.3326547841615353 0.7324999999999999
0.3326547841615353 0.732
0.3326547841615353 0.7315
0.3337141943021772 0.731
0.334773604442819 0.7304999999999999
0.334773604442819 0.73
0.334773604442819 0.7295
0.3358330145834608 0.729
0.3368924247241027 0.7284999999999999
0.3368924247241027 0.728
0.3379518348647445 0.7275
0.3390112450053863 0.727
0.3390112450053863 0.7264999999999999
0.3390112450053863 0.726
0.3400706551460282 0.7255
0.3421894754273118 0.725
0.3421894754273118 0.7244999999999999
0.3421894754273118 0.724
0.3421894754273118 0.7235
0.3432488855679537 0.723
0.3443082957085955 0.7224999999999999
0.3443082957085955 0.722
0.3453677058492373 0.7215
0.3453677058492373 0.721
0.3464271159898792 0.7204999999999999
0.3485459362711628 0.72
0.3496053464118047 0.7195
0.3496053464118047 0.719
0.3496053464118047 0.7185
0.3506647565524465 0.718
0.3506647565524465 0.7175
0.3517241666930883 0.7170000000000001
0.3517241666930883 0.7165
0.3517241666930883 0.716
0.3527835768337302 0.7155
0.353842986974372 0.7150000000000001
0.353842986974372 0.7145
0.3549023971150138 0.714
0.3549023971150138 0.7135
0.3549023971150138 0.7130000000000001
0.3549023971150138 0.7125
0.3559618072556557 0.712
0.3580806275369393 0.7115
0.3580806275369393 0.7110000000000001
0.3591400376775812 0.7105
0.3591400376775812 0.71
0.3591400376775812 0.7095
0.360199447818223 0.7090000000000001
0.360199447818223 0.7085
0.360199447818223 0.708
0.3633776782401485 0.7075
0.3644370883807903 0.7070000000000001
0.3644370883807903 0.7065
0.3654964985214322 0.706
0.3654964985214322 0.7055
0.366555908662074 0.7050000000000001
0.3686747289433576 0.7045
0.3697341390839995 0.704
0.3707935492246413 0.7035
0.3718529593652831 0.7030000000000001
0.3718529593652831 0.7025
0.3739717796465668 0.702
0.3750311897872086 0.7015
0.3760905999278505 0.7010000000000001
0.3771500100684923 0.7005
0.3771500100684923 0.7
0.3782094202091341 0.6995
0.3782094202091341 0.6990000000000001
0.3782094202091341 0.6985
0.379268830349776 0.698
0.379268830349776 0.6975
0.3803282404904178 0.6970000000000001
0.3803282404904178 0.6965
0.3813876506310596 0.696
0.3824470607717015 0.6955
0.3824470607717015 0.6950000000000001
0.3845658810529851 0.6945
0.385625291193627 0.694
0.385625291193627 0.6935
0.385625291193627 0.6930000000000001
0.3877441114749106 0.6925
0.3877441114749106 0.692
0.3888035216155525 0.6915
0.3888035216155525 0.6910000000000001
0.3888035216155525 0.6905
0.3888035216155525 0.69
0.3898629317561943 0.6895
0.3898629317561943 0.6890000000000001
0.3909223418968361 0.6885
0.391981752037478 0.688
0.391981752037478 0.6875
0.3930411621781198 0.687
0.3930411621781198 0.6865
0.3941005723187616 0.6859999999999999
0.3951599824594035 0.6855
0.3951599824594035 0.685
0.3962193926000453 0.6845
0.3962193926000453 0.6839999999999999
0.3962193926000453 0.6835
0.3962193926000453 0.683
0.398338212881329 0.6825
0.3993976230219708 0.6819999999999999
0.4004570331626126 0.6815
0.4015164433032544 0.681
0.4015164433032544 0.6805
0.4015164433032544 0.6799999999999999
0.4025758534438963 0.6795
0.4025758534438963 0.679
0.4025758534438963 0.6785
0.4046946737251799 0.6779999999999999
0.4046946737251799 0.6775
0.4046946737251799 0.677
0.4068134940064636 0.6765
0.4078729041471054 0.6759999999999999
0.4078729041471054 0.6755
0.4089323142877473 0.675
0.4089323142877473 0.6745
0.4099917244283891 0.6739999999999999
0.4110511345690309 0.6735
0.4110511345690309 0.673
0.4142293649909564 0.6725
0.4142293649909564 0.6719999999999999
0.4142293649909564 0.6715
0.4174075954128819 0.671
0.4174075954128819 0.6705
0.4195264156941656 0.6699999999999999
0.4195264156941656 0.6695
0.4205858258348074 0.669
0.4205858258348074 0.6685
0.4216452359754493 0.6679999999999999
0.4216452359754493 0.6675
0.4227046461160911 0.667
0.4237640562567329 0.6665
0.4237640562567329 0.6659999999999999
0.4237640562567329 0.6655
0.4237640562567329 0.665
0.4258828765380166 0.6645
0.4280016968193003 0.6639999999999999
0.4290611069599421 0.6635
0.4290611069599421 0.663
0.4301205171005839 0.6625
0.4322393373818676 0.6619999999999999
0.4332987475225094 0.6615
0.4343581576631513 0.661
0.4354175678037931 0.6605
0.4375363880850767 0.6599999999999999
0.4385957982257186 0.6595
0.4385957982257186 0.659
0.4385957982257186 0.6585
0.4396552083663604 0.6579999999999999
0.4396552083663604 0.6575
0.4407146185070022 0.657
0.4407146185070022 0.6565
0.4417740286476441 0.656
0.4428334387882859 0.6555
0.4428334387882859 0.655
0.4438928489289277 0.6545000000000001
0.4460116692102114 0.654
0.4491898996321369 0.6535
0.4491898996321369 0.653
0.4502493097727787 0.6525000000000001
0.4502493097727787 0.652
0.4502493097727787 0.6515
0.4502493097727787 0.651
0.4513087199134206 0.6505000000000001
0.4513087199134206 0.65
0.4523681300540624 0.6495
0.4523681300540624 0.649
0.4544869503353461 0.6485000000000001
0.4544869503353461 0.648
0.4566057706166297 0.6475
0.4576651807572716 0.647
0.4587245908979134 0.6465000000000001
0.4587245908979134 0.646
0.4587245908979134 0.6455
0.4608434111791971 0.645
0.4619028213198389 0.6445000000000001
0.4629622314604807 0.644
0.4629622314604807 0.6435
0.4640216416011226 0.643
0.4650810517417644 0.6425000000000001
0.4650810517417644 0.642
0.4661404618824062 0.6415
0.4661404618824062 0.641
0.4661404618824062 0.6405000000000001
0.4661404618824062 0.64
0.4671998720230481 0.6395
0.4671998720230481 0.639
0.4671998720230481 0.6385000000000001
0.4682592821636899 0.638
0.4682592821636899 0.6375
0.4682592821636899 0.637
0.4693186923043317 0.6365000000000001
0.4693186923043317 0.636
0.4714375125856154 0.6355
0.4724969227262572 0.635
0.473556332866899 0.6345000000000001
0.473556332866899 0.634
0.473556332866899 0.6335
0.4746157430075409 0.633
0.4746157430075409 0.6325000000000001
0.4777939734294664 0.632
0.47991279371075 0.6315
0.4809722038513919 0.631
0.4809722038513919 0.6305000000000001
0.4809722038513919 0.63
0.4830910241326755 0.6295
0.4830910241326755 0.629
0.4841504342733174 0.6285000000000001
0.4852098444139592 0.628
0.486269254554601 0.6275
0.486269254554601 0.627
0.486269254554601 0.6265000000000001
0.4873286646952429 0.626
0.4894474849765265 0.6255
0.4894474849765265 0.625
0.4894474849765265 0.6245
0.4915663052578102 0.624
0.4936851255390939 0.6234999999999999
0.4958039458203775 0.623
0.4958039458203775 0.6225
0.4958039458203775 0.622
0.4979227661016612 0.6214999999999999
0.5000415863829448 0.621
0.5000415863829448 0.6205
0.5000415863829448 0.62
0.5032198168048704 0.6194999999999999
0.5032198168048704 0.619
0.5032198168048704 0.6185
0.5042792269455122 0.618
0.5042792269455122 0.6174999999999999
0.5042792269455122 0.617
0.5042792269455122 0.6165
0.5042792269455122 0.616
0.5074574573674376 0.6154999999999999
0.5074574573674376 0.615
0.5095762776487214 0.6145
0.5095762776487214 0.614
0.511695097930005 0.6134999999999999
0.511695097930005 0.613
0.511695097930005 0.6125
0.5138139182112886 0.612
0.5148733283519306 0.6114999999999999
0.5159327384925724 0.611
0.5159327384925724 0.6105
0.518051558773856 0.61
0.5191109689144978 0.6094999999999999
0.5191109689144978 0.609
0.5201703790551396 0.6085
0.5201703790551396 0.608
0.5201703790551396 0.6074999999999999
0.5212297891957816 0.607
0.5212297891957816 0.6065
0.5222891993364234 0.606
0.5233486094770652 0.6054999999999999
0.5233486094770652 0.605
0.5233486094770652 0.6045
0.524408019617707 0.604
0.524408019617707 0.6034999999999999
0.524408019617707 0.603
0.524408019617707 0.6025
0.5254674297583488 0.602
0.5275862500396324 0.6014999999999999
0.5275862500396324 0.601
0.5275862500396324 0.6005
0.5286456601802744 0.6
0.5297050703209162 0.5994999999999999
0.5297050703209162 0.599
0.530764480461558 0.5985
0.530764480461558 0.598
0.530764480461558 0.5974999999999999
0.5318238906021998 0.597
0.5318238906021998 0.5965
0.5328833007428416 0.596
0.5339427108834834 0.5954999999999999
0.5360615311647672 0.595
0.537120941305409 0.5945
0.537120941305409 0.594
0.537120941305409 0.5935
0.537120941305409 0.593
0.5381803514460508 0.5925
0.5381803514460508 0.5920000000000001
0.5392397615866926 0.5915
0.5402991717273344 0.591
0.5402991717273344 0.5905
0.5413585818679764 0.5900000000000001
0.5445368122899018 0.5895
0.5455962224305436 0.589
0.5466556325711854 0.5885
0.5466556325711854 0.5880000000000001
0.5487744528524692 0.5875
0.5487744528524692 0.587
0.549833862993111 0.5865
0.5508932731337528 0.5860000000000001
0.5508932731337528 0.5855
0.5508932731337528 0.585
0.5540715035556784 0.5845
0.5551309136963202 0.5840000000000001
0.5551309136963202 0.5835
0.556190323836962 0.583
0.5583091441182456 0.5825
0.5583091441182456 0.5820000000000001
0.5593685542588874 0.5815
0.5604279643995292 0.581
0.5604279643995292 0.5805
0.5604279643995292 0.5800000000000001
0.5604279643995292 0.5795
0.5614873745401712 0.579
0.5614873745401712 0.5785
0.5646656049620966 0.5780000000000001
0.5657250151027384 0.5775
0.5667844252433802 0.577
0.5667844252433802 0.5765
0.5667844252433802 0.5760000000000001
0.5678438353840222 0.5755
0.5678438353840222 0.575
0.568903245524664 0.5745
0.5699626556653058 0.5740000000000001
0.5710220658059476 0.5735
0.5720814759465894 0.573
0.5720814759465894 0.5725
0.5763191165091568 0.5720000000000001
0.5763191165091568 0.5715
0.5763191165091568 0.571
0.5763191165091568 0.5705
0.5763191165091568 0.5700000000000001
0.5784379367904404 0.5695
0.5794973469310822 0.569
0.5805567570717242 0.5685
0.5805567570717242 0.5680000000000001
0.581616167212366 0.5675
0.581616167212366 0.567
0.5837349874936496 0.5665
0.5847943976342914 0.5660000000000001
0.5869132179155752 0.5655
0.5890320381968588 0.565
0.5890320381968588 0.5645
0.5900914483375006 0.5640000000000001
0.5900914483375006 0.5635
0.5911508584781424 0.563
0.5911508584781424 0.5625
0.5922102686187842 0.562
0.594329088900068 0.5615
0.594329088900068 0.5609999999999999
0.594329088900068 0.5605
0.5953884990407098 0.56
0.5953884990407098 0.5595
0.5964479091813516 0.5589999999999999
0.5975073193219934 0.5585
0.5975073193219934 0.558
0.5975073193219934 0.5575
0.5985667294626352 0.5569999999999999
0.5985667294626352 0.5565
0.599626139603277 0.556
0.599626139603277 0.5555
0.6017449598845608 0.5549999999999999
0.6017449598845608 0.5545
0.6049231903064862 0.554
0.605982600447128 0.5535
0.605982600447128 0.5529999999999999
0.60704201058777 0.5525
0.6081014207284118 0.552
0.6081014207284118 0.5515
0.6081014207284118 0.5509999999999999
0.6091608308690536 0.5505
0.6102202410096954 0.55
0.6102202410096954 0.5495
0.6102202410096954 0.5489999999999999
0.6102202410096954 0.5485
0.6112796511503372 0.548
0.6112796511503372 0.5475
0.612339061290979 0.5469999999999999
0.6144578815722628 0.5465
0.6144578815722628 0.546
0.6144578815722628 0.5455
0.6155172917129046 0.5449999999999999
0.6155172917129046 0.5445
0.6165767018535464 0.544
0.6176361119941882 0.5435
0.6176361119941882 0.5429999999999999
0.619754932275472 0.5425
0.619754932275472 0.542
0.619754932275472 0.5415
0.6218737525567556 0.5409999999999999
0.6229331626973974 0.5405
0.6239925728380392 0.54
0.625051982978681 0.5395
0.625051982978681 0.5389999999999999
0.6271708032599648 0.5385
0.6282302134006066 0.538
0.6335272641038158 0.5375
0.6345866742444576 0.5369999999999999
0.6356460843850994 0.5365
0.6367054945257412 0.536
0.637764904666383 0.5355
0.637764904666383 0.5349999999999999
0.6388243148070248 0.5345
0.6398837249476668 0.534
0.6398837249476668 0.5335
0.6409431350883086 0.5329999999999999
0.6420025452289504 0.5325
0.6420025452289504 0.532
0.6420025452289504 0.5315
0.644121365510234 0.531
0.6462401857915178 0.5305
0.6462401857915178 0.53
0.6462401857915178 0.5295000000000001
0.6462401857915178 0.529
0.6483590060728014 0.5285
0.6483590060728014 0.528
0.6494184162134432 0.5275000000000001
0.656834287197936 0.527
0.656834287197936 0.5265
0.6589531074792198 0.526
0.6589531074792198 0.5255000000000001
0.6600125176198616 0.525
0.6610719277605034 0.5245
0.6610719277605034 0.524
0.663190748041787 0.5235000000000001
0.663190748041787 0.523
0.6642501581824288 0.5225
0.6642501581824288 0.522
0.6653095683230706 0.5215000000000001
0.6653095683230706 0.521
0.6653095683230706 0.5205
0.6663689784637126 0.52
0.6663689784637126 0.5195000000000001
0.6663689784637126 0.519
0.6674283886043544 0.5185
0.6674283886043544 0.518
0.6684877987449962 0.5175000000000001
0.6684877987449962 0.517
0.6684877987449962 0.5165
0.669547208885638 0.516
0.669547208885638 0.5155000000000001
0.6716660291669216 0.515
0.6727254393075636 0.5145
0.6737848494482054 0.514
0.6748442595888472 0.5135000000000001
0.675903669729489 0.513
0.6769630798701308 0.5125
0.6769630798701308 0.512
0.6780224900107726 0.5115000000000001
0.6780224900107726 0.511
0.6790819001514146 0.5105
0.6801413102920564 0.51
0.6812007204326982 0.5095000000000001
0.68226013057334 0.509
0.68226013057334 0.5085
0.68226013057334 0.508
0.6843789508546236 0.5075000000000001
0.6843789508546236 0.507
0.6875571812765492 0.5065
0.688616591417191 0.506
0.688616591417191 0.5055000000000001
0.688616591417191 0.505
0.6896760015578328 0.5045
0.6896760015578328 0.504
0.6917948218391166 0.5035000000000001
0.6917948218391166 0.503
0.6917948218391166 0.5025
0.6928542319797584 0.502
0.6939136421204002 0.5015000000000001
0.6939136421204002 0.501
0.694973052261042 0.5005
0.694973052261042 0.5
0.6970918725423256 0.49950000000000006
0.6981512826829674 0.499
0.6981512826829674 0.49850000000000005
0.6981512826829674 0.498
0.6981512826829674 0.49750000000000005
0.6981512826829674 0.497
0.6992106928236094 0.49650000000000005
0.6992106928236094 0.496
0.6992106928236094 0.49550000000000005
0.6992106928236094 0.495
0.7002701029642512 0.49450000000000005
0.7002701029642512 0.494
0.701329513104893 0.49350000000000005
0.701329513104893 0.493
0.701329513104893 0.49250000000000005
0.7023889232455348 0.492
0.7023889232455348 0.49150000000000005
0.7034483333861766 0.491
0.7034483333861766 0.49050000000000005
0.707685973948744 0.49
0.7087453840893858 0.48950000000000005
0.7098047942300276 0.489
0.7098047942300276 0.48850000000000005
0.7108642043706694 0.488
0.7119236145113114 0.48750000000000004
0.7119236145113114 0.487
0.7119236145113114 0.48650000000000004
0.7119236145113114 0.486
0.714042434792595 0.48550000000000004
0.714042434792595 0.485
0.714042434792595 0.48450000000000004
0.7151018449332368 0.484
0.7172206652145204 0.48350000000000004
0.7172206652145204 0.483
0.7182800753551624 0.48250000000000004
0.7193394854958042 0.482
0.7193394854958042 0.48150000000000004
0.7193394854958042 0.481
0.7193394854958042 0.48050000000000004
0.720398895636446 0.48
0.720398895636446 0.47950000000000004
0.7214583057770878 0.479
0.7214583057770878 0.47850000000000004
0.7225177159177296 0.478
0.7225177159177296 0.47750000000000004
0.7235771260583714 0.477
0.7235771260583714 0.47650000000000003
0.7246365361990134 0.476
0.7246365361990134 0.47550000000000003
0.7246365361990134 0.475
0.7256959463396552 0.47450000000000003
0.7256959463396552 0.474
0.7256959463396552 0.47350000000000003
0.726755356480297 0.473
0.726755356480297 0.47250000000000003
0.726755356480297 0.472
0.7299335869022224 0.47150000000000003
0.7309929970428644 0.471
0.7320524071835062 0.47050000000000003
0.7320524071835062 0.47
0.7352306376054316 0.46950000000000003
0.7352306376054316 0.469
0.7352306376054316 0.4685
0.7352306376054316 0.46799999999999997
0.7373494578867152 0.4675
0.7384088680273572 0.46699999999999997
0.7384088680273572 0.4665
0.739468278167999 0.46599999999999997
0.739468278167999 0.4655
0.739468278167999 0.46499999999999997
0.739468278167999 0.4645
0.7405276883086408 0.46399999999999997
0.7415870984492826 0.4635
0.7415870984492826 0.46299999999999997
0.7426465085899244 0.4625
0.7437059187305662 0.46199999999999997
0.7447653288712082 0.4615
0.74582473901185 0.46099999999999997
0.74582473901185 0.4605
0.7468841491524918 0.45999999999999996
0.7468841491524918 0.4595
0.7479435592931336 0.45899999999999996
0.7479435592931336 0.4585
0.7500623795744172 0.45799999999999996
0.7511217897150592 0.4575
0.7511217897150592 0.45699999999999996
0.7543000201369846 0.4565
0.7543000201369846 0.45599999999999996
0.7543000201369846 0.4555
0.7553594302776264 0.45499999999999996
0.7564188404182682 0.4545
0.7564188404182682 0.45399999999999996
0.7564188404182682 0.4535
0.758537660699552 0.45299999999999996
0.7595970708401938 0.4525
0.7606564809808356 0.45199999999999996
0.7606564809808356 0.4515
0.7617158911214774 0.45099999999999996
0.7617158911214774 0.4505
0.7638347114027612 0.44999999999999996
0.764894121543403 0.4495
0.764894121543403 0.44899999999999995
0.764894121543403 0.4485
0.7670129418246866 0.44799999999999995
0.7670129418246866 0.4475
0.7691317621059702 0.44699999999999995
0.7691317621059702 0.4465
0.771250582387254 0.44599999999999995
0.771250582387254 0.4455
0.7723099925278958 0.44499999999999995
0.7733694026685376 0.4445
0.7733694026685376 0.44399999999999995
0.7733694026685376 0.4435
0.777607043231105 0.44299999999999995
0.777607043231105 0.4425
0.7786664533717468 0.44199999999999995
0.7807852736530304 0.4415
0.7818446837936722 0.44099999999999995
0.783963504074956 0.4405
0.783963504074956 0.43999999999999995
0.7850229142155978 0.4395
0.7860823243562396 0.43899999999999995
0.7882011446375232 0.4385
0.789260554778165 0.43799999999999994
0.789260554778165 0.4375
0.7913793750594488 0.43700000000000006
0.7924387852000906 0.4365
0.795617015622016 0.43600000000000005
0.795617015622016 0.4355
0.7987952460439416 0.43500000000000005
0.7987952460439416 0.4345
0.7998546561845834 0.43400000000000005
0.7998546561845834 0.4335
0.8009140663252252 0.43300000000000005
0.801973476465867 0.4325
0.8040922967471508 0.43200000000000005
0.8040922967471508 0.4315
0.8051517068877926 0.43100000000000005
0.8051517068877926 0.4305
0.8062111170284344 0.43000000000000005
0.8062111170284344 0.4295
0.8062111170284344 0.42900000000000005
0.8062111170284344 0.4285
0.8072705271690762 0.42800000000000005
0.8072705271690762 0.4275
0.808329937309718 0.42700000000000005
0.808329937309718 0.4265
0.808329937309718 0.42600000000000005
0.8104487575910018 0.4255
0.8104487575910018 0.42500000000000004
0.8115081677316436 0.4245
0.8115081677316436 0.42400000000000004
0.8125675778722854 0.4235
0.8125675778722854 0.42300000000000004
0.8125675778722854 0.4225
0.8136269880129272 0.42200000000000004
0.8157458082942108 0.4215
0.8157458082942108 0.42100000000000004
0.8168052184348528 0.4205
0.8168052184348528 0.42000000000000004
0.8178646285754946 0.4195
0.8199834488567782 0.41900000000000004
0.8199834488567782 0.4185
0.82104285899742 0.41800000000000004
0.827399319841271 0.4175
0.827399319841271 0.41700000000000004
0.8295181401225548 0.4165
0.8295181401225548 0.41600000000000004
0.8316369604038384 0.4155
0.8316369604038384 0.41500000000000004
0.8326963705444802 0.4145
0.833755780685122 0.41400000000000003
0.833755780685122 0.4135
0.8348151908257638 0.41300000000000003
0.8348151908257638 0.4125
0.8379934212476894 0.41200000000000003
0.8379934212476894 0.4115
0.8379934212476894 0.41100000000000003
0.8379934212476894 0.4105
0.8390528313883312 0.41000000000000003
0.840112241528973 0.4095
0.840112241528973 0.40900000000000003
0.8422310618102566 0.4085
0.8432904719508986 0.40800000000000003
0.8432904719508986 0.4075
0.8432904719508986 0.40700000000000003
0.8443498820915404 0.4065
0.8454092922321822 0.406
0.846468702372824 0.40549999999999997
0.8475281125134658 0.405
0.8485875226541076 0.40449999999999997
0.8507063429353914 0.404
0.852825163216675 0.40349999999999997
0.852825163216675 0.403
0.8538845733573168 0.40249999999999997
0.8538845733573168 0.402
0.8538845733573168 0.40149999999999997
0.8538845733573168 0.401
0.8549439834979586 0.40049999999999997
0.8560033936386006 0.4
0.8560033936386006 0.39949999999999997
0.859181624060526 0.399
0.859181624060526 0.39849999999999997
0.859181624060526 0.398
0.8602410342011678 0.39749999999999996
0.8623598544824516 0.397
0.8623598544824516 0.39649999999999996
0.8634192646230934 0.396
0.865538084904377 0.39549999999999996
0.8676569051856606 0.395
0.8676569051856606 0.39449999999999996
0.8708351356075862 0.394
0.871894545748228 0.39349999999999996
0.8740133660295116 0.393
0.8750727761701534 0.39249999999999996
0.8750727761701534 0.392
0.8750727761701534 0.39149999999999996
0.8761321863107954 0.391
0.8761321863107954 0.39049999999999996
0.8761321863107954 0.39
0.8771915964514372 0.38949999999999996
0.8771915964514372 0.389
0.878251006592079 0.38849999999999996
0.878251006592079 0.388
0.8793104167327208 0.38749999999999996
0.8803698268733626 0.387
0.8803698268733626 0.38649999999999995
0.8803698268733626 0.386
0.8803698268733626 0.38549999999999995
0.8814292370140044 0.385
0.8856668775765718 0.38449999999999995
0.8867262877172136 0.384
0.8877856978578554 0.38349999999999995
0.8888451079984974 0.383
0.8888451079984974 0.38249999999999995
0.8899045181391392 0.382
0.890963928279781 0.38149999999999995
0.8930827485610646 0.381
0.8930827485610646 0.38049999999999995
0.8930827485610646 0.38
0.8941421587017064 0.37949999999999995
0.8952015688423484 0.379
0.8962609789829902 0.37849999999999995
0.8962609789829902 0.378
0.8962609789829902 0.37749999999999995
0.897320389123632 0.377
0.897320389123632 0.37649999999999995
0.8994392094049156 0.376
0.9004986195455574 0.37549999999999994
0.9004986195455574 0.375
0.9004986195455574 0.37450000000000006
0.9015580296861994 0.374
0.9026174398268412 0.37350000000000005
0.9026174398268412 0.373
0.903676849967483 0.37250000000000005
0.9047362601081248 0.372
0.9068550803894084 0.37150000000000005
0.9079144905300502 0.371
0.9079144905300502 0.37050000000000005
0.9079144905300502 0.37
0.9089739006706922 0.36950000000000005
0.910033310811334 0.369
0.910033310811334 0.36850000000000005
0.9110927209519758 0.368
0.9110927209519758 0.36750000000000005
0.9110927209519758 0.367
0.9110927209519758 0.36650000000000005
0.9121521310926176 0.366
0.9121521310926176 0.36550000000000005
0.9121521310926176 0.365
0.9121521310926176 0.36450000000000005
0.9132115412332594 0.364
0.9142709513739012 0.36350000000000005
0.9142709513739012 0.363
0.9142709513739012 0.36250000000000004
0.9142709513739012 0.362
0.9153303615145432 0.36150000000000004
0.916389771655185 0.361
0.9185085919364686 0.36050000000000004
0.9216868223583942 0.36
0.922746232499036 0.35950000000000004
0.9238056426396778 0.359
0.9259244629209614 0.35850000000000004
0.9269838730616032 0.358
0.9269838730616032 0.35750000000000004
0.9280432832022452 0.357
0.9280432832022452 0.35650000000000004
0.929102693342887 0.356
0.929102693342887 0.35550000000000004
0.9301621034835288 0.355
0.9322809237648124 0.35450000000000004
0.9333403339054542 0.354
0.9343997440460962 0.35350000000000004
0.9343997440460962 0.353
0.9365185643273798 0.35250000000000004
0.9365185643273798 0.352
0.9365185643273798 0.35150000000000003
0.9365185643273798 0.351
0.9375779744680216 0.35050000000000003
0.9396967947493052 0.35
0.9396967947493052 0.34950000000000003
0.941815615030589 0.349
0.9449938454525144 0.34850000000000003
0.9449938454525144 0.348
0.9460532555931562 0.34750000000000003
0.9492314860150818 0.347
0.9502908961557236 0.34650000000000003
0.9513503062963654 0.346
0.9524097164370072 0.34550000000000003
0.9524097164370072 0.345
0.9555879468589328 0.34450000000000003
0.9555879468589328 0.344
0.9555879468589328 0.3435
0.9577067671402164 0.34299999999999997
0.9577067671402164 0.3425
0.9619444077027838 0.34199999999999997
0.9619444077027838 0.3415
0.9630038178434256 0.34099999999999997
0.9630038178434256 0.3405
0.9640632279840674 0.33999999999999997
0.9640632279840674 0.3395
0.9651226381247092 0.33899999999999997
0.966182048265351 0.3385
0.967241458405993 0.33799999999999997
0.9683008685466348 0.3375
0.9704196888279184 0.33699999999999997
0.972538509109202 0.3365
0.973597919249844 0.33599999999999997
0.973597919249844 0.3355
0.9746573293904858 0.33499999999999996
0.9757167395311276 0.3345
0.9757167395311276 0.33399999999999996
0.9757167395311276 0.3335
0.978894969953053 0.33299999999999996
0.978894969953053 0.3325
0.978894969953053 0.33199999999999996
0.9810137902343368 0.3315
0.9820732003749786 0.33099999999999996
0.9831326105156204 0.3305
0.9841920206562622 0.32999999999999996
0.985251430796904 0.3295
0.985251430796904 0.32899999999999996
0.9863108409375458 0.3285
0.9863108409375458 0.32799999999999996
0.9863108409375458 0.3275
0.9863108409375458 0.32699999999999996
0.9863108409375458 0.3265
0.9873702510781878 0.32599999999999996
0.9873702510781878 0.3255
0.9873702510781878 0.32499999999999996
0.991607891640755 0.3245
0.9937267119220388 0.32399999999999995
0.9937267119220388 0.3235
0.9958455322033224 0.32299999999999995
0.9969049423439642 0.3225
0.9990237626252478 0.32199999999999995
1.0011425829065315 0.3215
1.0011425829065315 0.32099999999999995
1.0022019930471733 0.3205
1.0032614031878153 0.31999999999999995
1.0043208133284571 0.3195
1.0064396336097408 0.31899999999999995
1.0074990437503826 0.3185
1.0074990437503826 0.31799999999999995
1.0096178640316662 0.3175
1.0127960944535916 0.31699999999999995
1.0138555045942335 0.3165
1.0138555045942335 0.31599999999999995
1.0138555045942335 0.3155
1.0149149147348753 0.31499999999999995
1.0149149147348753 0.3145
1.018093145156801 0.31399999999999995
1.0191525552974428 0.3135
1.0191525552974428 0.31299999999999994
1.0212713755787264 0.3125
1.0223307857193682 0.31200000000000006
1.02339019586001 0.3115
1.02339019586001 0.31100000000000005
1.0244496060006518 0.3105
1.0255090161412936 0.31000000000000005
1.0265684262819355 0.3095
1.0276278364225773 0.30900000000000005
1.0276278364225773 0.3085
1.028687246563219 0.30800000000000005
1.0297466567038611 0.3075
1.0297466567038611 0.30700000000000005
1.0297466567038611 0.3065
1.0297466567038611 0.30600000000000005
1.030806066844503 0.3055
1.0318654769851447 0.30500000000000005
1.0329248871257866 0.3045
1.0329248871257866 0.30400000000000005
1.0350437074070702 0.3035
1.036103117547712 0.30300000000000005
1.036103117547712 0.3025
1.036103117547712 0.30200000000000005
1.036103117547712 0.3015
1.0371625276883538 0.30100000000000005
1.0382219378289956 0.3005
1.0392813479696374 0.30000000000000004
1.041400168250921 0.2995
1.0424595783915631 0.29900000000000004
1.0424595783915631 0.2985
1.0424595783915631 0.29800000000000004
1.048816039235414 0.2975
1.048816039235414 0.29700000000000004
1.0498754493760558 0.2965
1.0498754493760558 0.29600000000000004
1.0509348595166976 0.2955
1.0519942696573394 0.29500000000000004
1.0519942696573394 0.2945
1.0530536797979813 0.29400000000000004
1.0551725000792649 0.2935
1.056231910219907 0.29300000000000004
1.056231910219907 0.2925
1.0583507305011906 0.29200000000000004
1.0583507305011906 0.2915
1.0583507305011906 0.29100000000000004
1.0594101406418324 0.2905
1.061528960923116 0.29000000000000004
1.061528960923116 0.2895
1.0636477812043996 0.28900000000000003
1.0657666014856833 0.2885
1.0678854217669669 0.28800000000000003
1.068944831907609 0.2875
1.0731824724701762 0.28700000000000003
1.0774201130327434 0.2865
1.079538933314027 0.28600000000000003
1.0827171637359527 0.2855
1.0837765738765945 0.28500000000000003
1.0848359840172364 0.2845
1.0848359840172364 0.28400000000000003
1.0848359840172364 0.2835
1.0848359840172364 0.28300000000000003
1.0858953941578782 0.2825
1.0858953941578782 0.28200000000000003
1.0880142144391618 0.2815
1.0890736245798036 0.281
1.0890736245798036 0.28049999999999997
1.0901330347204454 0.28
1.0901330347204454 0.27949999999999997
1.0901330347204454 0.279
1.0933112651423709 0.27849999999999997
1.0933112651423709 0.278
1.0933112651423709 0.27749999999999997
1.0933112651423709 0.277
1.0943706752830127 0.27649999999999997
1.0943706752830127 0.276
1.0964894955642965 0.27549999999999997
1.1028459564081474 0.275
1.1028459564081474 0.27449999999999997
1.1039053665487892 0.274
1.1039053665487892 0.27349999999999997
1.1039053665487892 0.273
1.1102618273926403 0.27249999999999996
1.1134400578145658 0.272
1.1144994679552076 0.27149999999999996
1.1144994679552076 0.271
1.1155588780958494 0.27049999999999996
1.1155588780958494 0.27
1.1155588780958494 0.26949999999999996
1.1155588780958494 0.269
1.1166182882364912 0.26849999999999996
1.1166182882364912 0.268
1.1187371085177749 0.26749999999999996
1.1229747490803423 0.267
1.1229747490803423 0.26649999999999996
1.1229747490803423 0.266
1.125093569361626 0.26549999999999996
1.1272123896429096 0.265
1.1272123896429096 0.26449999999999996
1.1272123896429096 0.264
1.1282717997835514 0.26349999999999996
1.130390620064835 0.263
1.1346282606274025 0.26249999999999996
1.1367470809086861 0.262
1.137806491049328 0.26149999999999995
1.137806491049328 0.261
1.1388659011899698 0.26049999999999995
1.1399253113306116 0.26
1.1399253113306116 0.25949999999999995
1.1409847214712534 0.259
1.143103541752537 0.25849999999999995
1.143103541752537 0.258
1.1462817721744625 0.25749999999999995
1.1473411823151045 0.257
1.1473411823151045 0.25649999999999995
1.1473411823151045 0.256
1.1484005924557463 0.25549999999999995
1.1494600025963881 0.255
1.15051941273703 0.25449999999999995
1.1515788228776718 0.254
1.1536976431589554 0.25349999999999995
1.155816463440239 0.253
1.155816463440239 0.25249999999999995
1.1568758735808808 0.252
1.1579352837215227 0.25149999999999995
1.1579352837215227 0.251
1.1579352837215227 0.25049999999999994
1.1600541040028063 0.25
1.1611135141434483 0.24950000000000006
1.1611135141434483 0.249
1.1611135141434483 0.24850000000000005
1.1621729242840901 0.248
1.163232334424732 0.24750000000000005
1.163232334424732 0.247
1.1642917445653738 0.24650000000000005
1.1642917445653738 0.246
1.1695887952685828 0.24550000000000005
1.1706482054092247 0.245
1.1727670256905083 0.24450000000000005
1.1738264358311503 0.244
1.1738264358311503 0.24350000000000005
1.1738264358311503 0.243
1.1748858459717921 0.24250000000000005
1.1748858459717921 0.242
1.175945256112434 0.24150000000000005
1.175945256112434 0.241
1.1770046662530758 0.24050000000000005
1.1791234865343594 0.24
1.1823017169562848 0.23950000000000005
1.1823017169562848 0.239
1.1833611270969266 0.23850000000000005
1.1833611270969266 0.238
1.1833611270969266 0.23750000000000004
1.1844205372375685 0.237
1.1854799473782103 0.23650000000000004
1.1854799473782103 0.236
1.1854799473782103 0.23550000000000004
1.1854799473782103 0.235
1.1918364082220614 0.23450000000000004
1.1918364082220614 0.23399999999999999
1.1950146386439868 0.23350000000000004
1.1960740487846286 0.23299999999999998
1.1971334589252705 0.23250000000000004
1.1971334589252705 0.23199999999999998
1.1981928690659123 0.23150000000000004
1.1981928690659123 0.23099999999999998
1.1981928690659123 0.23050000000000004
1.1981928690659123 0.22999999999999998
1.2003116893471961 0.22950000000000004
1.201371099487838 0.22899999999999998
1.201371099487838 0.22850000000000004
1.2024305096284797 0.22799999999999998
1.2034899197691216 0.22750000000000004
1.2034899197691216 0.22699999999999998
1.2045493299097634 0.22650000000000003
1.2045493299097634 0.22599999999999998
1.2045493299097634 0.22550000000000003
1.2045493299097634 0.22499999999999998
1.2056087400504052 0.22450000000000003
1.206668150191047 0.22399999999999998
1.2077275603316888 0.22350000000000003
1.2087869704723306 0.22299999999999998
1.2098463806129724 0.22250000000000003
1.2109057907536143 0.22199999999999998
1.211965200894256 0.22150000000000003
1.21408402117554 0.22099999999999997
1.21408402117554 0.22050000000000003
1.2162028414568236 0.21999999999999997
1.2162028414568236 0.21950000000000003
1.2204404820193908 0.21899999999999997
1.2225593023006744 0.21850000000000003
1.2236187124413163 0.21799999999999997
1.2236187124413163 0.21750000000000003
1.232093993566451 0.21699999999999997
1.2331534037070928 0.21650000000000003
1.2331534037070928 0.21599999999999997
1.2342128138477346 0.21550000000000002
1.2342128138477346 0.21499999999999997
1.2342128138477346 0.21450000000000002
1.2342128138477346 0.21399999999999997
1.2342128138477346 0.21350000000000002
1.2363316341290183 0.21299999999999997
1.239509864550944 0.21250000000000002
1.2405692746915857 0.21199999999999997
1.2437475051135112 0.21150000000000002
1.244806915254153 0.21099999999999997
1.2458663253947948 0.21050000000000002
1.250103965957362 0.20999999999999996
1.2511633760980039 0.20950000000000002
1.2532821963792877 0.20899999999999996
1.2532821963792877 0.20850000000000002
1.2564604268012132 0.20799999999999996
1.257519836941855 0.20750000000000002
1.2585792470824968 0.20699999999999996
1.2638762977857059 0.20650000000000002
1.2638762977857059 0.20599999999999996
1.2638762977857059 0.20550000000000002
1.2649357079263477 0.20499999999999996
1.2649357079263477 0.20450000000000002
1.2670545282076315 0.20399999999999996
1.270232758629557 0.20350000000000001
1.2723515789108406 0.20299999999999996
1.2723515789108406 0.2025
1.2744703991921242 0.20199999999999996
1.2765892194734079 0.2015
1.2808268600359753 0.20099999999999996
1.2840050904579008 0.2005
1.2850645005985426 0.19999999999999996
1.2850645005985426 0.1995
1.288242731020468 0.19899999999999995
1.2893021411611099 0.1985
1.2903615513017517 0.19799999999999995
1.2914209614423935 0.1975
1.2935397817236773 0.19699999999999995
1.295658602004961 0.1965
1.295658602004961 0.19599999999999995
1.2977774222862446 0.1955
1.2977774222862446 0.19499999999999995
1.2988368324268864 0.1945
1.2998962425675282 0.19399999999999995
1.3020150628488119 0.1935
1.3030744729894537 0.19299999999999995
1.3041338831300955 0.1925
1.3073121135520211 0.19199999999999995
1.308371523692663 0.1915
1.308371523692663 0.19099999999999995
1.3094309338333048 0.1905
1.3094309338333048 0.18999999999999995
1.3168468048177975 0.1895
1.3179062149584395 0.18899999999999995
1.3179062149584395 0.1885
1.3189656250990813 0.18799999999999994
1.3200250352397231 0.1875
1.321084445380365 0.18700000000000006
1.321084445380365 0.1865
1.3221438555210068 0.18600000000000005
1.3274409062242158 0.1855
1.3274409062242158 0.18500000000000005
1.3306191366461413 0.1845
1.3306191366461413 0.18400000000000005
1.3316785467867833 0.1835
1.3327379569274251 0.18300000000000005
1.3359161873493506 0.1825
1.3369755974899924 0.18200000000000005
1.339094417771276 0.1815
1.3401538279119178 0.18100000000000005
1.3433320583338433 0.1805
1.3454508786151271 0.18000000000000005
1.3454508786151271 0.1795
1.3454508786151271 0.17900000000000005
1.351807339458978 0.1785
1.3528667495996198 0.17800000000000005
1.3539261597402616 0.1775
1.3549855698809035 0.17700000000000005
1.3602826205841128 0.1765
1.3602826205841128 0.17600000000000005
1.3687579017092473 0.1755
1.3687579017092473 0.17500000000000004
1.371936132131173 0.1745
1.3729955422718148 0.17400000000000004
1.3740549524124566 0.1735
1.3761737726937402 0.17300000000000004
1.3782925929750238 0.1725
1.3782925929750238 0.17200000000000004
1.3793520031156656 0.17149999999999999
1.3804114132563075 0.17100000000000004
1.382530233537591 0.17049999999999998
1.382530233537591 0.17000000000000004
1.3835896436782331 0.16949999999999998
1.384649053818875 0.16900000000000004
1.384649053818875 0.16849999999999998
1.384649053818875 0.16800000000000004
1.3888866943814422 0.16749999999999998
1.3888866943814422 0.16700000000000004
1.389946104522084 0.16649999999999998
1.389946104522084 0.16600000000000004
1.3910055146627258 0.16549999999999998
1.3920649248033676 0.16500000000000004
1.3931243349440094 0.16449999999999998
1.3941837450846513 0.16400000000000003
1.3941837450846513 0.16349999999999998
1.397361975506577 0.16300000000000003
1.3984213856472187 0.16249999999999998
1.402659026209786 0.16200000000000003
1.402659026209786 0.16149999999999998
1.410074897194279 0.16100000000000003
1.4174907681787716 0.16049999999999998
1.4174907681787716 0.16000000000000003
1.4185501783194134 0.15949999999999998
1.4185501783194134 0.15900000000000003
1.420668998600697 0.15849999999999997
1.4217284087413389 0.15800000000000003
1.422787818881981 0.15749999999999997
1.4249066391632645 0.15700000000000003
1.4259660493039064 0.15649999999999997
1.4259660493039064 0.15600000000000003
1.4270254594445482 0.15549999999999997
1.4302036898664736 0.15500000000000003
1.4312631000071154 0.15449999999999997
1.4323225101477572 0.15400000000000003
1.433381920288399 0.15349999999999997
1.433381920288399 0.15300000000000002
1.4344413304290409 0.15249999999999997
1.4355007405696827 0.15200000000000002
1.4365601507103247 0.15149999999999997
1.4386789709916084 0.15100000000000002
1.4386789709916084 0.15049999999999997
1.4418572014135338 0.15000000000000002
1.4450354318354592 0.14949999999999997
1.4471542521167429 0.14900000000000002
1.4471542521167429 0.14849999999999997
1.4503324825386685 0.14800000000000002
1.453510712960594 0.14749999999999996
1.453510712960594 0.14700000000000002
1.4545701231012358 0.14649999999999996
1.4566889433825194 0.14600000000000002
1.4577483535231612 0.14549999999999996
1.458807763663803 0.14500000000000002
1.4619859940857287 0.14449999999999996
1.4630454042263705 0.14400000000000002
1.4672830447889378 0.14349999999999996
1.471520685351505 0.14300000000000002
1.4725800954921469 0.14249999999999996
1.4757583259140725 0.14200000000000002
1.4778771461953562 0.14149999999999996
1.478936556335998 0.14100000000000001
1.478936556335998 0.14049999999999996
1.4799959664766398 0.14
1.4874118374611325 0.13949999999999996
1.4927088881643418 0.139
1.4948277084456254 0.13849999999999996
1.4958871185862672 0.138
1.4958871185862672 0.13749999999999996
1.496946528726909 0.137
1.5022435794301183 0.13649999999999995
1.504362399711402 0.136
1.5054218098520438 0.13549999999999995
1.5054218098520438 0.135
1.5075406301333274 0.13449999999999995
1.5075406301333274 0.134
1.5075406301333274 0.13349999999999995
1.5086000402739692 0.133
1.5107188605552528 0.13249999999999995
1.5107188605552528 0.132
1.5107188605552528 0.13149999999999995
1.5117782706958947 0.131
1.5128376808365365 0.13049999999999995
1.5160159112584621 0.13
1.517075321399104 0.12949999999999995
1.517075321399104 0.129
1.5181347315397458 0.12849999999999995
1.5202535518210294 0.128
1.5213129619616712 0.12749999999999995
1.5213129619616712 0.127
1.5255506025242385 0.12649999999999995
1.5255506025242385 0.126
1.5276694228055223 0.12549999999999994
1.5276694228055223 0.125
1.5287288329461641 0.12450000000000006
1.5287288329461641 0.124
1.5287288329461641 0.12350000000000005
1.5287288329461641 0.123
1.529788243086806 0.12250000000000005
1.5319070633680896 0.122
1.5329664735087314 0.12150000000000005
1.5340258836493732 0.121
1.5361447039306568 0.12050000000000005
1.5393229343525823 0.12
1.5393229343525823 0.11950000000000005
1.5393229343525823 0.119
1.5446199850557916 0.11850000000000005
1.5456793951964334 0.118
1.5456793951964334 0.11750000000000005
1.5467388053370752 0.11699999999999999
1.547798215477717 0.11650000000000005
1.5594517270247772 0.11599999999999999
1.560511137165419 0.11550000000000005
1.5636893675873444 0.11499999999999999
1.5668675980092701 0.11450000000000005
1.573224058853121 0.11399999999999999
1.5742834689937628 0.11350000000000005
1.5753428791344046 0.11299999999999999
1.5753428791344046 0.11250000000000004
1.57852110955633 0.11199999999999999
1.57852110955633 0.11150000000000004
1.580639929837614 0.11099999999999999
1.5827587501188976 0.11050000000000004
1.5848775704001812 0.10999999999999999
1.5922934413846739 0.10950000000000004
1.5922934413846739 0.10899999999999999
1.593352851525316 0.10850000000000004
1.593352851525316 0.10799999999999998
1.5975904920878832 0.10750000000000004
1.5975904920878832 0.10699999999999998
1.5975904920878832 0.10650000000000004
1.5975904920878832 0.10599999999999998
1.5997093123691668 0.10550000000000004
1.6007687225098086 0.10499999999999998
1.6007687225098086 0.10450000000000004
1.603946952931734 0.10399999999999998
1.603946952931734 0.10350000000000004
1.6092440036349434 0.10299999999999998
1.6092440036349434 0.10250000000000004
1.6124222340568688 0.10199999999999998
1.6145410543381524 0.10150000000000003
1.6230163354632872 0.10099999999999998
1.6272539760258544 0.10050000000000003
1.6346698470103473 0.09999999999999998
1.6346698470103473 0.09950000000000003
1.6346698470103473 0.09899999999999998
1.6378480774322728 0.09850000000000003
1.6399668977135564 0.09799999999999998
1.6410263078541982 0.09750000000000003
1.64208571799484 0.09699999999999998
1.6442045382761237 0.09650000000000003
1.6442045382761237 0.09599999999999997
1.6473827686980493 0.09550000000000003
1.6484421788386912 0.09499999999999997
1.6505609991199748 0.09450000000000003
1.6505609991199748 0.09399999999999997
1.6526798194012584 0.09350000000000003
1.654798639682542 0.09299999999999997
1.6569174599638257 0.09250000000000003
1.6600956903857513 0.09199999999999997
1.6611551005263931 0.09150000000000003
1.6632739208076768 0.09099999999999997
1.6728086120734533 0.09050000000000002
1.6738680222140951 0.08999999999999997
1.6781056627766624 0.08950000000000002
1.680224483057946 0.08899999999999997
1.6812838931985878 0.08850000000000002
1.6812838931985878 0.08799999999999997
1.6812838931985878 0.08750000000000002
1.6886997641830808 0.08699999999999997
1.692937404745648 0.08650000000000002
1.6950562250269317 0.08599999999999997
1.6961156351675735 0.08550000000000002
1.6971750453082153 0.08499999999999996
1.7014126858707828 0.08450000000000002
1.7024720960114246 0.08399999999999996
1.7067097365739918 0.08350000000000002
1.710947377136559 0.08299999999999996
1.7120067872772011 0.08250000000000002
1.713066197417843 0.08199999999999996
1.7173038379804102 0.08150000000000002
1.7194226582616938 0.08099999999999996
1.7194226582616938 0.08050000000000002
1.723660298824261 0.07999999999999996
1.7321355799493958 0.07950000000000002
1.736373220511963 0.07899999999999996
1.7374326306526051 0.07850000000000001
1.7374326306526051 0.07799999999999996
1.738492040793247 0.07750000000000001
1.7395514509338887 0.07699999999999996
1.7448485016370978 0.07650000000000001
1.7469673219183814 0.07599999999999996
1.7469673219183814 0.07550000000000001
1.7543831929028744 0.07499999999999996
1.7575614233247998 0.07450000000000001
1.7586208334654416 0.07399999999999995
1.7670961145905764 0.07350000000000001
1.7702743450125018 0.07299999999999995
1.7713337551531436 0.07250000000000001
1.7734525754344272 0.07199999999999995
1.7734525754344272 0.07150000000000001
1.7808684464189202 0.07099999999999995
1.7861654971221292 0.07050000000000001
1.7904031376846967 0.06999999999999995
1.794640778247264 0.0695
1.7957001883879058 0.06899999999999995
1.7967595985285476 0.0685
1.799937828950473 0.06799999999999995
1.8031160593723987 0.0675
1.8052348796536823 0.06699999999999995
1.8062942897943242 0.0665
1.8168883912007425 0.06599999999999995
1.825363672325877 0.0655
1.825363672325877 0.06499999999999995
1.8264230824665189 0.0645
1.8306607230290863 0.06399999999999995
1.8359577737322954 0.0635
1.8359577737322954 0.06299999999999994
1.8391360041542208 0.0625
1.8465518751387138 0.062000000000000055
1.8560865664044903 0.0615
1.858205386685774 0.061000000000000054
1.8613836171076994 0.0605
1.8656212576702667 0.06000000000000005
1.8687994880921923 0.0595
1.8719777185141178 0.05900000000000005
1.8719777185141178 0.058499999999999996
1.8825718199205361 0.05800000000000005
1.883631230061178 0.057499999999999996
1.8846906402018198 0.05700000000000005
1.8868094604831034 0.056499999999999995
1.8952847416082381 0.05600000000000005
1.89634415174888 0.055499999999999994
1.9037600227333726 0.05500000000000005
1.9048194328740145 0.05449999999999999
1.9048194328740145 0.05400000000000005
1.9101164835772237 0.05349999999999999
1.9101164835772237 0.05300000000000005
1.9122353038585074 0.05249999999999999
1.9164729444210746 0.052000000000000046
1.9175323545617164 0.05149999999999999
1.9228294052649257 0.051000000000000045
1.9249482255462094 0.05049999999999999
1.9355423269526277 0.050000000000000044
1.9440176080777622 0.04949999999999999
1.947195838499688 0.049000000000000044
1.9503740689216134 0.04849999999999999
1.9535522993435388 0.04800000000000004
1.9588493500467479 0.04749999999999999
1.9641464007499572 0.04700000000000004
1.9694434514531662 0.046499999999999986
1.970502861593808 0.04600000000000004
1.9726216818750917 0.045499999999999985
1.9747405021563755 0.04500000000000004
1.9757999122970173 0.044499999999999984
1.9768593224376592 0.04400000000000004
1.9853346035627937 0.04349999999999998
1.9885128339847193 0.04300000000000004
1.9927504745472866 0.04249999999999998
1.995928704969212 0.04200000000000004
1.9980475252504957 0.04149999999999998
1.9991069353911375 0.041000000000000036
2.0001663455317793 0.04049999999999998
2.0044039860943466 0.040000000000000036
2.0128792672194815 0.03949999999999998
2.0192357280633324 0.039000000000000035
2.0255921889071833 0.03849999999999998
2.028770419329109 0.038000000000000034
2.0298298294697505 0.03749999999999998
2.03512688017296 0.03700000000000003
2.036186290313602 0.03649999999999998
2.039364520735527 0.03600000000000003
2.0488992120013036 0.035499999999999976
2.0552556728451545 0.03500000000000003
2.0552556728451545 0.034499999999999975
2.0563150829857966 0.03400000000000003
2.057374493126438 0.033499999999999974
2.0594933134077222 0.03300000000000003
2.064790364110931 0.03249999999999997
2.072206235095424 0.03200000000000003
2.0753844655173497 0.03149999999999997
2.096572668330186 0.031000000000000028
2.096572668330186 0.03049999999999997
2.1145826407210975 0.030000000000000027
2.1325926131120085 0.02949999999999997
2.147424355080994 0.029000000000000026
2.1516619956435616 0.02849999999999997
2.160137276768696 0.028000000000000025
2.1696719680344727 0.02749999999999997
2.181325479581533 0.027000000000000024
2.192978991128593 0.026499999999999968
2.1940384012692347 0.026000000000000023
2.1961572215505183 0.025499999999999967
2.2141671939414294 0.025000000000000022
2.2258207054884895 0.024499999999999966
2.2448900880200426 0.02400000000000002
2.2459494981606847 0.023499999999999965
2.2523059590045356 0.02300000000000002
2.2724347516767303 0.022499999999999964
2.2840882632237904 0.02200000000000002
2.292563544348925 0.021499999999999964
2.3169299775836874 0.02100000000000002
2.317989387724329 0.020499999999999963
2.325405258708822 0.020000000000000018
2.3317617195526728 0.019499999999999962
2.3709598947564205 0.019000000000000017
2.3709598947564205 0.01849999999999996
2.381553996162839 0.018000000000000016
2.381553996162839 0.01749999999999996
2.402742198975676 0.017000000000000015
2.405920429397601 0.01649999999999996
2.427108632210438 0.016000000000000014
2.4408809640387816 0.015499999999999958
2.4440591944607073 0.015000000000000013
2.470544447976753 0.014499999999999957
2.482197959523813 0.014000000000000012
2.501267342055366 0.013499999999999956
2.5351684665559047 0.013000000000000012
2.5616537200719507 0.012499999999999956
2.5637725403532343 0.01200000000000001
2.576485462040936 0.011499999999999955
2.6252183285104604 0.01100000000000001
2.6326341994949534 0.010499999999999954
2.646406531323297 0.010000000000000009
2.659119453010999 0.009499999999999953
2.6686541442767755 0.009000000000000008
2.7311593425746437 0.008499999999999952
2.74069403384042 0.008000000000000007
2.790486310450586 0.007499999999999951
2.7957833611537954 0.007000000000000006
2.84451622762332 0.00649999999999995
2.8773579419832167 0.006000000000000005
2.900664965077337 0.005499999999999949
2.9017243752179787 0.0050000000000000044
2.968467214078414 0.0044999999999999485
2.987536596609967 0.0040000000000000036
3.001308928438311 0.0034999999999999476
3.0288535920949986 0.0030000000000000027
3.0415665137827004 0.0024999999999999467
3.1305569655966146 0.0020000000000000018
3.1633986799565115 0.0014999999999999458
3.5077069756651067 0.0010000000000000009
3.778915971669416 0.0004999999999999449
