# NormalizedAsset CCDF
0.001089746956120251 1.0
0.001089746956120251 0.9995
0.001089746956120251 0.999
0.002179493912240502 0.9985
0.002179493912240502 0.998
0.004358987824481004 0.9975
0.005448734780601256 0.997
0.005448734780601256 0.9965
0.005448734780601256 0.996
0.006538481736721507 0.9955
0.006538481736721507 0.995
0.006538481736721507 0.9945
0.007628228692841758 0.994
0.008717975648962008 0.9935
0.008717975648962008 0.993
0.00980772260508226 0.9925
0.00980772260508226 0.992
0.00980772260508226 0.9915
0.00980772260508226 0.991
0.00980772260508226 0.9905
0.010897469561202511 0.99
0.010897469561202511 0.9895
0.011987216517322763 0.989
0.011987216517322763 0.9885
0.014166710429563264 0.988
0.015256457385683516 0.9875
0.016346204341803765 0.987
0.016346204341803765 0.9865
0.017435951297924017 0.986
0.017435951297924017 0.9855
0.01852569825404427 0.985
0.01852569825404427 0.9845
0.01852569825404427 0.984
0.01852569825404427 0.9835
0.01852569825404427 0.983
0.01961544521016452 0.9825
0.01961544521016452 0.982
0.02070519216628477 0.9815
0.021794939122405023 0.981
0.021794939122405023 0.9805
0.022884686078525274 0.98
0.022884686078525274 0.9795
0.022884686078525274 0.979
0.022884686078525274 0.9785
0.022884686078525274 0.978
0.023974433034645526 0.9775
0.025064179990765777 0.977
0.02615392694688603 0.9765
0.02615392694688603 0.976
0.027243673903006277 0.9755
0.027243673903006277 0.975
0.027243673903006277 0.9745
0.027243673903006277 0.974
0.02833342085912653 0.9735
0.02833342085912653 0.973
0.02833342085912653 0.9725
0.02942316781524678 0.972
0.03160266172748728 0.9715
0.03160266172748728 0.971
0.03269240868360753 0.9705
0.033782155639727786 0.97
0.034871902595848034 0.9695
0.034871902595848034 0.969
0.034871902595848034 0.9685
0.034871902595848034 0.968
0.034871902595848034 0.9675
0.03596164955196829 0.967
0.03596164955196829 0.9665
0.03596164955196829 0.966
0.03814114346420879 0.9655
0.03814114346420879 0.965
0.03814114346420879 0.9645
0.03923089042032904 0.964
0.03923089042032904 0.9635
0.03923089042032904 0.963
0.040320637376449295 0.9625
0.040320637376449295 0.962
0.04141038433256954 0.9615
0.04141038433256954 0.961
0.043589878244810046 0.9605
0.04576937215705055 0.96
0.0468591191131708 0.9595
0.04794886606929105 0.959
0.04794886606929105 0.9585
0.04794886606929105 0.958
0.0490386130254113 0.9575
0.0490386130254113 0.957
0.0490386130254113 0.9565
0.050128359981531555 0.956
0.0512181069376518 0.9555
0.0512181069376518 0.955
0.05230785389377206 0.9545
0.053397600849892306 0.954
0.053397600849892306 0.9535
0.053397600849892306 0.953
0.053397600849892306 0.9525
0.054487347806012554 0.952
0.054487347806012554 0.9515
0.054487347806012554 0.951
0.05557709476213281 0.9505
0.05557709476213281 0.95
0.05666684171825306 0.9495
0.05666684171825306 0.949
0.05775658867437331 0.9485
0.05775658867437331 0.948
0.05884633563049356 0.9475
0.05884633563049356 0.947
0.059936082586613815 0.9465
0.06320532345497457 0.946
0.06320532345497457 0.9455
0.06320532345497457 0.945
0.06320532345497457 0.9445
0.06429507041109482 0.944
0.06538481736721506 0.9435
0.06538481736721506 0.943
0.06647456432333532 0.9425
0.06756431127945557 0.942
0.06756431127945557 0.9415
0.06756431127945557 0.9410000000000001
0.06756431127945557 0.9405
0.06865405823557583 0.94
0.06865405823557583 0.9395
0.06865405823557583 0.9390000000000001
0.06865405823557583 0.9385
0.06974380519169607 0.938
0.07083355214781632 0.9375
0.07192329910393658 0.937
0.07192329910393658 0.9365
0.07192329910393658 0.9359999999999999
0.07301304606005683 0.9355
0.07519253997229733 0.935
0.07628228692841758 0.9345
0.07737203388453782 0.9339999999999999
0.07737203388453782 0.9335
0.07737203388453782 0.933
0.07846178084065808 0.9325
0.07846178084065808 0.9319999999999999
0.07846178084065808 0.9315
0.07846178084065808 0.931
0.07955152779677833 0.9305
0.08064127475289859 0.9299999999999999
0.08064127475289859 0.9295
0.08064127475289859 0.929
0.08173102170901883 0.9285
0.08173102170901883 0.928
0.08173102170901883 0.9275
0.08282076866513909 0.927
0.08282076866513909 0.9265
0.08282076866513909 0.926
0.08282076866513909 0.9255
0.08391051562125934 0.925
0.08391051562125934 0.9245
0.0850002625773796 0.924
0.0850002625773796 0.9235
0.0850002625773796 0.923
0.08609000953349984 0.9225
0.08609000953349984 0.922
0.08609000953349984 0.9215
0.08717975648962009 0.921
0.08826950344574035 0.9205
0.08826950344574035 0.92
0.08935925040186059 0.9195
0.08935925040186059 0.919
0.09044899735798084 0.9185
0.09044899735798084 0.918
0.09044899735798084 0.9175
0.09044899735798084 0.917
0.09044899735798084 0.9165
0.0915387443141011 0.916
0.0915387443141011 0.9155
0.09262849127022135 0.915
0.09262849127022135 0.9145
0.0937182382263416 0.914
0.09480798518246185 0.9135
0.0958977321385821 0.913
0.0958977321385821 0.9125
0.0980772260508226 0.912
0.10025671996306311 0.9115
0.10134646691918335 0.911
0.10134646691918335 0.9105
0.1024362138753036 0.91
0.1024362138753036 0.9095
0.10352596083142386 0.909
0.10352596083142386 0.9085
0.10461570778754412 0.908
0.10461570778754412 0.9075
0.10461570778754412 0.907
0.10461570778754412 0.9065
0.10679520169978461 0.906
0.10679520169978461 0.9055
0.10788494865590487 0.905
0.10897469561202511 0.9045
0.10897469561202511 0.904
0.11115418952426562 0.9035
0.11115418952426562 0.903
0.11224393648038587 0.9025
0.11442343039262637 0.902
0.11442343039262637 0.9015
0.11551317734874662 0.901
0.11551317734874662 0.9005
0.11769267126098712 0.9
0.11987216517322763 0.8995
0.11987216517322763 0.899
0.11987216517322763 0.8985
0.11987216517322763 0.898
0.12205165908546813 0.8975
0.12641064690994913 0.897
0.12641064690994913 0.8965
0.12750039386606937 0.896
0.12750039386606937 0.8955
0.12750039386606937 0.895
0.12750039386606937 0.8945
0.12859014082218964 0.894
0.12859014082218964 0.8935
0.12859014082218964 0.893
0.12859014082218964 0.8925
0.12967988777830988 0.892
0.12967988777830988 0.8915
0.12967988777830988 0.891
0.12967988777830988 0.8905
0.12967988777830988 0.89
0.12967988777830988 0.8895
0.12967988777830988 0.889
0.13076963473443012 0.8885
0.1318593816905504 0.888
0.1318593816905504 0.8875
0.1318593816905504 0.887
0.1340388756027909 0.8865
0.1340388756027909 0.886
0.13512862255891114 0.8855
0.13621836951503138 0.885
0.13621836951503138 0.8845
0.13621836951503138 0.884
0.13730811647115165 0.8835
0.13730811647115165 0.883
0.1383978634272719 0.8825000000000001
0.1383978634272719 0.882
0.13948761038339214 0.8815
0.13948761038339214 0.881
0.13948761038339214 0.8805000000000001
0.1405773573395124 0.88
0.1405773573395124 0.8795
0.1405773573395124 0.879
0.14166710429563265 0.8785000000000001
0.14166710429563265 0.878
0.14166710429563265 0.8775
0.1427568512517529 0.877
0.1427568512517529 0.8765000000000001
0.1427568512517529 0.876
0.1427568512517529 0.8755
0.1427568512517529 0.875
0.14384659820787316 0.8745
0.1449363451639934 0.874
0.1449363451639934 0.8734999999999999
0.14602609212011367 0.873
0.14820558603235415 0.8725
0.14929533298847442 0.872
0.14929533298847442 0.8714999999999999
0.15038507994459466 0.871
0.15038507994459466 0.8705
0.15038507994459466 0.87
0.15038507994459466 0.8694999999999999
0.1514748269007149 0.869
0.1514748269007149 0.8685
0.15256457385683517 0.868
0.15256457385683517 0.8674999999999999
0.15256457385683517 0.867
0.1536543208129554 0.8665
0.1536543208129554 0.866
0.15474406776907565 0.8654999999999999
0.15474406776907565 0.865
0.15474406776907565 0.8645
0.15474406776907565 0.864
0.15583381472519592 0.8634999999999999
0.15583381472519592 0.863
0.15692356168131616 0.8625
0.15801330863743643 0.862
0.15801330863743643 0.8614999999999999
0.15801330863743643 0.861
0.15801330863743643 0.8605
0.15801330863743643 0.86
0.15910305559355667 0.8594999999999999
0.15910305559355667 0.859
0.1601928025496769 0.8585
0.1601928025496769 0.858
0.1601928025496769 0.8575
0.1601928025496769 0.857
0.1601928025496769 0.8565
0.1601928025496769 0.856
0.16128254950579718 0.8555
0.16128254950579718 0.855
0.16237229646191742 0.8545
0.16237229646191742 0.854
0.16237229646191742 0.8535
0.16237229646191742 0.853
0.16237229646191742 0.8525
0.16346204341803766 0.852
0.16346204341803766 0.8515
0.16455179037415793 0.851
0.16455179037415793 0.8505
0.16564153733027817 0.85
0.1667312842863984 0.8495
0.16782103124251868 0.849
0.16782103124251868 0.8485
0.16782103124251868 0.848
0.16891077819863892 0.8475
0.16891077819863892 0.847
0.16891077819863892 0.8465
0.1700005251547592 0.846
0.1700005251547592 0.8455
0.1700005251547592 0.845
0.17109027211087943 0.8445
0.17326976602311994 0.844
0.17326976602311994 0.8435
0.17435951297924018 0.843
0.17435951297924018 0.8425
0.17435951297924018 0.842
0.17544925993536042 0.8415
0.17544925993536042 0.841
0.17544925993536042 0.8405
0.1765390068914807 0.84
0.1765390068914807 0.8395
0.17871850080372118 0.839
0.17871850080372118 0.8385
0.17980824775984144 0.838
0.18089799471596169 0.8375
0.18089799471596169 0.837
0.18198774167208193 0.8365
0.18198774167208193 0.836
0.1830774886282022 0.8355
0.1830774886282022 0.835
0.1830774886282022 0.8345
0.1830774886282022 0.834
0.1830774886282022 0.8335
0.18416723558432244 0.833
0.1852569825404427 0.8325
0.1852569825404427 0.832
0.1852569825404427 0.8315
0.18634672949656295 0.831
0.18634672949656295 0.8305
0.1874364764526832 0.83
0.1874364764526832 0.8295
0.18852622340880346 0.829
0.1896159703649237 0.8285
0.1896159703649237 0.8280000000000001
0.19070571732104394 0.8275
0.19070571732104394 0.827
0.1917954642771642 0.8265
0.1939749581894047 0.8260000000000001
0.19506470514552496 0.8255
0.19506470514552496 0.825
0.1961544521016452 0.8245
0.1961544521016452 0.8240000000000001
0.1983339460138857 0.8235
0.20051343992612622 0.823
0.20160318688224646 0.8225
0.2026929338383667 0.8220000000000001
0.20378268079448697 0.8215
0.2048724277506072 0.821
0.2048724277506072 0.8205
0.2048724277506072 0.8200000000000001
0.2048724277506072 0.8195
0.20596217470672745 0.819
0.20705192166284772 0.8185
0.20705192166284772 0.8180000000000001
0.20705192166284772 0.8175
0.20923141557508823 0.817
0.21032116253120847 0.8165
0.21032116253120847 0.8160000000000001
0.21032116253120847 0.8155
0.2114109094873287 0.815
0.21250065644344898 0.8145
0.21359040339956922 0.8140000000000001
0.21468015035568946 0.8135
0.21468015035568946 0.813
0.21468015035568946 0.8125
0.21468015035568946 0.812
0.21576989731180973 0.8115
0.21576989731180973 0.8109999999999999
0.21576989731180973 0.8105
0.21576989731180973 0.81
0.21685964426792997 0.8095
0.21685964426792997 0.8089999999999999
0.21685964426792997 0.8085
0.21794939122405022 0.808
0.21794939122405022 0.8075
0.21794939122405022 0.8069999999999999
0.22012888513629073 0.8065
0.22012888513629073 0.806
0.221218632092411 0.8055
0.221218632092411 0.8049999999999999
0.22230837904853123 0.8045
0.22230837904853123 0.804
0.22339812600465148 0.8035
0.22339812600465148 0.8029999999999999
0.22339812600465148 0.8025
0.22557761991689199 0.802
0.22557761991689199 0.8015
0.22666736687301223 0.8009999999999999
0.22666736687301223 0.8005
0.22666736687301223 0.8
0.2277571138291325 0.7995
0.22884686078525274 0.7989999999999999
0.22993660774137298 0.7985
0.22993660774137298 0.798
0.22993660774137298 0.7975
0.22993660774137298 0.7969999999999999
0.23102635469749325 0.7965
0.2321161016536135 0.796
0.2321161016536135 0.7955
0.2321161016536135 0.795
0.23320584860973376 0.7945
0.234295595565854 0.794
0.234295595565854 0.7935
0.234295595565854 0.793
0.23538534252197424 0.7925
0.2364750894780945 0.792
0.238654583390335 0.7915
0.23974433034645526 0.791
0.23974433034645526 0.7905
0.2408340773025755 0.79
0.24192382425869574 0.7895
0.24192382425869574 0.789
0.243013571214816 0.7885
0.243013571214816 0.788
0.24410331817093625 0.7875
0.24519306512705652 0.787
0.24519306512705652 0.7865
0.24519306512705652 0.786
0.24628281208317676 0.7855
0.24628281208317676 0.785
0.247372559039297 0.7845
0.24846230599541727 0.784
0.2495520529515375 0.7835
0.2495520529515375 0.783
0.2495520529515375 0.7825
0.2495520529515375 0.782
0.2506417999076578 0.7815
0.2506417999076578 0.781
0.251731546863778 0.7805
0.251731546863778 0.78
0.251731546863778 0.7795
0.25282129381989826 0.779
0.25282129381989826 0.7785
0.2539110407760185 0.778
0.2539110407760185 0.7775
0.2539110407760185 0.777
0.2539110407760185 0.7765
0.25500078773213875 0.776
0.25500078773213875 0.7755
0.25609053468825904 0.775
0.25609053468825904 0.7745
0.25609053468825904 0.774
0.2571802816443793 0.7735
0.2582700286004995 0.773
0.2582700286004995 0.7725
0.26044952251274 0.772
0.26153926946886025 0.7715
0.26153926946886025 0.771
0.26153926946886025 0.7705
0.26262901642498054 0.77
0.26262901642498054 0.7695
0.26262901642498054 0.769
0.2637187633811008 0.7685
0.264808510337221 0.768
0.26589825729334127 0.7675
0.26916749816170205 0.767
0.26916749816170205 0.7665
0.27134699207394253 0.766
0.27243673903006277 0.7655000000000001
0.27243673903006277 0.765
0.27243673903006277 0.7645
0.273526485986183 0.764
0.273526485986183 0.7635000000000001
0.273526485986183 0.763
0.2746162329423033 0.7625
0.2746162329423033 0.762
0.2767957268545438 0.7615000000000001
0.27788547381066403 0.761
0.27788547381066403 0.7605
0.27897522076678427 0.76
0.27897522076678427 0.7595000000000001
0.27897522076678427 0.759
0.27897522076678427 0.7585
0.28006496772290457 0.758
0.28006496772290457 0.7575000000000001
0.2811547146790248 0.757
0.2811547146790248 0.7565
0.2811547146790248 0.756
0.2811547146790248 0.7555000000000001
0.28224446163514505 0.755
0.28224446163514505 0.7545
0.28224446163514505 0.754
0.28224446163514505 0.7535000000000001
0.28224446163514505 0.753
0.2833342085912653 0.7525
0.2833342085912653 0.752
0.2833342085912653 0.7515000000000001
0.2855137025035058 0.751
0.2855137025035058 0.7505
0.28660344945962607 0.75
0.28660344945962607 0.7495
0.2876931964157463 0.749
0.2876931964157463 0.7484999999999999
0.2876931964157463 0.748
0.28878294337186655 0.7475
0.28878294337186655 0.747
0.28878294337186655 0.7464999999999999
0.29096243728410703 0.746
0.29314193119634757 0.7455
0.29314193119634757 0.745
0.2942316781524678 0.7444999999999999
0.2942316781524678 0.744
0.29532142510858805 0.7435
0.29532142510858805 0.743
0.2964111720647083 0.7424999999999999
0.29750091902082854 0.742
0.29750091902082854 0.7415
0.29750091902082854 0.741
0.29859066597694883 0.7404999999999999
0.29859066597694883 0.74
0.29859066597694883 0.7395
0.29859066597694883 0.739
0.29859066597694883 0.7384999999999999
0.2996804129330691 0.738
0.3007701598891893 0.7375
0.3007701598891893 0.737
0.3007701598891893 0.7364999999999999
0.3007701598891893 0.736
0.30185990684530956 0.7355
0.3029496538014298 0.735
0.3029496538014298 0.7344999999999999
0.3029496538014298 0.734
0.3029496538014298 0.7335
0.3029496538014298 0.733
0.3040394007575501 0.7324999999999999
0.3040394007575501 0.732
0.30512914771367033 0.7315
0.30512914771367033 0.731
0.3062188946697906 0.7304999999999999
0.3073086416259108 0.73
0.3073086416259108 0.7295
0.30839838858203106 0.729
0.30839838858203106 0.7284999999999999
0.30839838858203106 0.728
0.3094881355381513 0.7275
0.3105778824942716 0.727
0.31166762945039184 0.7264999999999999
0.3127573764065121 0.726
0.3127573764065121 0.7255
0.3127573764065121 0.725
0.3127573764065121 0.7244999999999999
0.3127573764065121 0.724
0.3138471233626323 0.7235
0.31602661727487286 0.723
0.3171163642309931 0.7224999999999999
0.3192958581432336 0.722
0.3203856050993538 0.7215
0.3203856050993538 0.721
0.32147535205547406 0.7204999999999999
0.32256509901159436 0.72
0.3236548459677146 0.7195
0.32474459292383484 0.719
0.32474459292383484 0.7185
0.32474459292383484 0.718
0.3258343398799551 0.7175
0.3269240868360753 0.7170000000000001
0.3269240868360753 0.7165
0.3280138337921956 0.716
0.32910358074831586 0.7155
0.32910358074831586 0.7150000000000001
0.3301933277044361 0.7145
0.33128307466055634 0.714
0.3323728216166766 0.7135
0.3345523155289171 0.7130000000000001
0.3345523155289171 0.7125
0.33564206248503736 0.712
0.33564206248503736 0.7115
0.33564206248503736 0.7110000000000001
0.3367318094411576 0.7105
0.3367318094411576 0.71
0.33782155639727784 0.7095
0.33782155639727784 0.7090000000000001
0.3389113033533981 0.7085
0.3400010503095184 0.708
0.34218054422175886 0.7075
0.34218054422175886 0.7070000000000001
0.3432702911778791 0.7065
0.3432702911778791 0.706
0.34436003813399935 0.7055
0.3454497850901196 0.7050000000000001
0.3454497850901196 0.7045
0.3465395320462399 0.704
0.3465395320462399 0.7035
0.3476292790023601 0.7030000000000001
0.34871902595848037 0.7025
0.35198826682684115 0.702
0.3530780137829614 0.7015
0.35525750769520187 0.7010000000000001
0.35525750769520187 0.7005
0.35743700160744235 0.7
0.35852674856356265 0.6995
0.3596164955196829 0.6990000000000001
0.3596164955196829 0.6985
0.3596164955196829 0.698
0.36179598943192337 0.6975
0.36179598943192337 0.6970000000000001
0.3628857363880436 0.6965
0.3628857363880436 0.696
0.3628857363880436 0.6955
0.3628857363880436 0.6950000000000001
0.3628857363880436 0.6945
0.36506523030028415 0.694
0.3661549772564044 0.6935
0.3661549772564044 0.6930000000000001
0.36724472421252463 0.6925
0.36724472421252463 0.692
0.36724472421252463 0.6915
0.36724472421252463 0.6910000000000001
0.3683344711686449 0.6905
0.3683344711686449 0.69
0.3694242181247651 0.6895
0.3694242181247651 0.6890000000000001
0.3694242181247651 0.6885
0.3705139650808854 0.688
0.3705139650808854 0.6875
0.3705139650808854 0.687
0.3705139650808854 0.6865
0.37160371203700565 0.6859999999999999
0.3726934589931259 0.6855
0.3726934589931259 0.685
0.3726934589931259 0.6845
0.37378320594924613 0.6839999999999999
0.37378320594924613 0.6835
0.3748729529053664 0.683
0.3748729529053664 0.6825
0.3748729529053664 0.6819999999999999
0.3748729529053664 0.6815
0.3759626998614866 0.681
0.3759626998614866 0.6805
0.3770524468176069 0.6799999999999999
0.3770524468176069 0.6795
0.3770524468176069 0.679
0.37814219377372715 0.6785
0.3792319407298474 0.6779999999999999
0.38032168768596764 0.6775
0.3814114346420879 0.677
0.3814114346420879 0.6765
0.3814114346420879 0.6759999999999999
0.3814114346420879 0.6755
0.3825011815982082 0.675
0.3825011815982082 0.6745
0.3835909285543284 0.6739999999999999
0.3835909285543284 0.6735
0.3835909285543284 0.673
0.3835909285543284 0.6725
0.3835909285543284 0.6719999999999999
0.38468067551044866 0.6715
0.3857704224665689 0.671
0.3857704224665689 0.6705
0.38686016942268914 0.6699999999999999
0.3879499163788094 0.6695
0.3890396633349297 0.669
0.3890396633349297 0.6685
0.3901294102910499 0.6679999999999999
0.3923089042032904 0.6675
0.39339865115941064 0.667
0.39448839811553094 0.6665
0.39448839811553094 0.6659999999999999
0.39448839811553094 0.6655
0.3955781450716512 0.665
0.3966678920277714 0.6645
0.3966678920277714 0.6639999999999999
0.39775763898389166 0.6635
0.3988473859400119 0.663
0.3988473859400119 0.6625
0.40102687985225244 0.6619999999999999
0.40102687985225244 0.6615
0.40102687985225244 0.661
0.40429612072061316 0.6605
0.4053858676767334 0.6599999999999999
0.4053858676767334 0.6595
0.4053858676767334 0.659
0.40756536158897394 0.6585
0.40756536158897394 0.6579999999999999
0.4086551085450942 0.6575
0.4086551085450942 0.657
0.4097448555012144 0.6565
0.41083460245733466 0.656
0.4119243494134549 0.6555
0.41410384332569544 0.655
0.41410384332569544 0.6545000000000001
0.41410384332569544 0.654
0.4151935902818157 0.6535
0.4162833372379359 0.653
0.4162833372379359 0.6525000000000001
0.41737308419405617 0.652
0.41737308419405617 0.6515
0.41846283115017646 0.651
0.4195525781062967 0.6505000000000001
0.42064232506241694 0.65
0.42064232506241694 0.6495
0.4217320720185372 0.649
0.4228218189746574 0.6485000000000001
0.4228218189746574 0.648
0.4228218189746574 0.6475
0.42391156593077767 0.647
0.42500131288689796 0.6465000000000001
0.42500131288689796 0.646
0.42500131288689796 0.6455
0.4260910598430182 0.645
0.42718080679913845 0.6445000000000001
0.42718080679913845 0.644
0.4282705537552587 0.6435
0.4282705537552587 0.643
0.43153979462361947 0.6425000000000001
0.4326295415797397 0.642
0.4326295415797397 0.6415
0.43371928853585995 0.641
0.43371928853585995 0.6405000000000001
0.4348090354919802 0.64
0.4348090354919802 0.6395
0.43589878244810043 0.639
0.43589878244810043 0.6385000000000001
0.4391680233164612 0.638
0.44025777027258145 0.6375
0.44025777027258145 0.637
0.4413475172287017 0.6365000000000001
0.4413475172287017 0.636
0.442437264184822 0.6355
0.442437264184822 0.635
0.442437264184822 0.6345000000000001
0.44352701114094223 0.634
0.44352701114094223 0.6335
0.44461675809706247 0.633
0.4457065050531827 0.6325000000000001
0.4457065050531827 0.632
0.44679625200930295 0.6315
0.44679625200930295 0.631
0.44679625200930295 0.6305000000000001
0.4478859989654232 0.63
0.4478859989654232 0.6295
0.4478859989654232 0.629
0.4489757459215435 0.6285000000000001
0.4489757459215435 0.628
0.45006549287766373 0.6275
0.45006549287766373 0.627
0.45006549287766373 0.6265000000000001
0.45006549287766373 0.626
0.45115523983378397 0.6255
0.45115523983378397 0.625
0.4522449867899042 0.6245
0.45333473374602445 0.624
0.45333473374602445 0.6234999999999999
0.45333473374602445 0.623
0.45442448070214475 0.6225
0.45442448070214475 0.622
0.455514227658265 0.6214999999999999
0.45660397461438523 0.621
0.45660397461438523 0.6205
0.45660397461438523 0.62
0.4576937215705055 0.6194999999999999
0.4576937215705055 0.619
0.4576937215705055 0.6185
0.4576937215705055 0.618
0.4576937215705055 0.6174999999999999
0.4587834685266257 0.617
0.4587834685266257 0.6165
0.4587834685266257 0.616
0.45987321548274596 0.6154999999999999
0.45987321548274596 0.615
0.45987321548274596 0.6145
0.4620527093949865 0.614
0.46314245635110673 0.6134999999999999
0.464232203307227 0.613
0.464232203307227 0.6125
0.464232203307227 0.612
0.4664116972194675 0.6114999999999999
0.468591191131708 0.611
0.468591191131708 0.6105
0.46968093808782824 0.61
0.46968093808782824 0.6094999999999999
0.46968093808782824 0.609
0.46968093808782824 0.6085
0.46968093808782824 0.608
0.4707706850439485 0.6074999999999999
0.4707706850439485 0.607
0.4707706850439485 0.6065
0.4707706850439485 0.606
0.472950178956189 0.6054999999999999
0.472950178956189 0.605
0.47403992591230926 0.6045
0.47403992591230926 0.604
0.4751296728684295 0.6034999999999999
0.47621941982454974 0.603
0.47621941982454974 0.6025
0.47730916678067 0.602
0.47730916678067 0.6014999999999999
0.4783989137367903 0.601
0.48057840764903076 0.6005
0.481668154605151 0.6
0.481668154605151 0.5994999999999999
0.481668154605151 0.599
0.481668154605151 0.5985
0.481668154605151 0.598
0.48275790156127124 0.5974999999999999
0.48275790156127124 0.597
0.486027142429632 0.5965
0.486027142429632 0.596
0.48711688938575226 0.5954999999999999
0.48711688938575226 0.595
0.48711688938575226 0.5945
0.4882066363418725 0.594
0.48929638329799274 0.5935
0.48929638329799274 0.593
0.49038613025411304 0.5925
0.4914758772102333 0.5920000000000001
0.4925656241663535 0.5915
0.494745118078594 0.591
0.494745118078594 0.5905
0.49583486503471425 0.5900000000000001
0.49583486503471425 0.5895
0.49692461199083454 0.589
0.49692461199083454 0.5885
0.499104105903075 0.5880000000000001
0.499104105903075 0.5875
0.499104105903075 0.587
0.5001938528591953 0.5865
0.5001938528591953 0.5860000000000001
0.5012835998153156 0.5855
0.5012835998153156 0.585
0.5012835998153156 0.5845
0.5012835998153156 0.5840000000000001
0.5012835998153156 0.5835
0.503463093727556 0.583
0.5045528406836762 0.5825
0.5045528406836762 0.5820000000000001
0.5045528406836762 0.5815
0.5067323345959168 0.581
0.507822081552037 0.5805
0.5089118285081573 0.5800000000000001
0.5100015754642775 0.5795
0.5110913224203978 0.579
0.5110913224203978 0.5785
0.5121810693765181 0.5780000000000001
0.5121810693765181 0.5775
0.5121810693765181 0.577
0.5121810693765181 0.5765
0.5132708163326383 0.5760000000000001
0.5132708163326383 0.5755
0.5143605632887586 0.575
0.5143605632887586 0.5745
0.5154503102448788 0.5740000000000001
0.5154503102448788 0.5735
0.5154503102448788 0.573
0.5154503102448788 0.5725
0.5154503102448788 0.5720000000000001
0.516540057200999 0.5715
0.5176298041571193 0.571
0.5176298041571193 0.5705
0.5187195511132395 0.5700000000000001
0.5187195511132395 0.5695
0.52089904502548 0.569
0.52089904502548 0.5685
0.5219887919816003 0.5680000000000001
0.5219887919816003 0.5675
0.5230785389377205 0.567
0.5230785389377205 0.5665
0.5263477798060813 0.5660000000000001
0.5263477798060813 0.5655
0.5263477798060813 0.565
0.5274375267622016 0.5645
0.529617020674442 0.5640000000000001
0.5307067676305623 0.5635
0.5328862615428028 0.563
0.5328862615428028 0.5625
0.533976008498923 0.562
0.533976008498923 0.5615
0.533976008498923 0.5609999999999999
0.533976008498923 0.5605
0.5350657554550433 0.56
0.5361555024111636 0.5595
0.5361555024111636 0.5589999999999999
0.5372452493672838 0.5585
0.5383349963234041 0.558
0.5383349963234041 0.5575
0.5383349963234041 0.5569999999999999
0.5394247432795243 0.5565
0.5405144902356446 0.556
0.5405144902356446 0.5555
0.5405144902356446 0.5549999999999999
0.5416042371917649 0.5545
0.5437837311040054 0.554
0.5448734780601255 0.5535
0.5459632250162458 0.5529999999999999
0.547052971972366 0.5525
0.5481427189284863 0.552
0.5481427189284863 0.5515
0.5481427189284863 0.5509999999999999
0.5492324658846066 0.5505
0.5503222128407268 0.55
0.5525017067529673 0.5495
0.5525017067529673 0.5489999999999999
0.5535914537090876 0.5485
0.5546812006652079 0.548
0.5546812006652079 0.5475
0.5557709476213281 0.5469999999999999
0.5568606945774484 0.5465
0.5579504415335685 0.546
0.5590401884896888 0.5455
0.5601299354458091 0.5449999999999999
0.5612196824019293 0.5445
0.5633991763141698 0.544
0.5633991763141698 0.5435
0.5633991763141698 0.5429999999999999
0.5644889232702901 0.5425
0.5644889232702901 0.542
0.5644889232702901 0.5415
0.5666684171825306 0.5409999999999999
0.5677581641386509 0.5405
0.5677581641386509 0.54
0.5721171519631318 0.5395
0.5721171519631318 0.5389999999999999
0.5732068989192521 0.5385
0.5742966458753723 0.538
0.5753863928314926 0.5375
0.5764761397876128 0.5369999999999999
0.5764761397876128 0.5365
0.5775658867437331 0.536
0.5775658867437331 0.5355
0.5786556336998534 0.5349999999999999
0.5786556336998534 0.5345
0.5786556336998534 0.534
0.5786556336998534 0.5335
0.5808351276120939 0.5329999999999999
0.5819248745682141 0.5325
0.5851941154365748 0.532
0.5862838623926951 0.5315
0.5862838623926951 0.531
0.5884633563049356 0.5305
0.5895531032610558 0.53
0.5895531032610558 0.5295000000000001
0.5895531032610558 0.529
0.5917325971732964 0.5285
0.5928223441294166 0.528
0.5939120910855369 0.5275000000000001
0.5939120910855369 0.527
0.5950018380416571 0.5265
0.5950018380416571 0.526
0.5960915849977774 0.5255000000000001
0.5971813319538977 0.525
0.5982710789100179 0.5245
0.5982710789100179 0.524
0.5993608258661381 0.5235000000000001
0.5993608258661381 0.523
0.5993608258661381 0.5225
0.6004505728222583 0.522
0.6004505728222583 0.5215000000000001
0.6015403197783786 0.521
0.6015403197783786 0.5205
0.6015403197783786 0.52
0.6026300667344989 0.5195000000000001
0.6026300667344989 0.519
0.6026300667344989 0.5185
0.6037198136906191 0.518
0.6058993076028596 0.5175000000000001
0.6058993076028596 0.517
0.6069890545589799 0.5165
0.6124377893395812 0.516
0.6146172832518216 0.5155000000000001
0.6157070302079419 0.515
0.6157070302079419 0.5145
0.6167967771640621 0.514
0.6167967771640621 0.5135000000000001
0.6178865241201824 0.513
0.6178865241201824 0.5125
0.6189762710763026 0.512
0.6189762710763026 0.5115000000000001
0.6189762710763026 0.511
0.6200660180324229 0.5105
0.6200660180324229 0.51
0.6200660180324229 0.5095000000000001
0.6211557649885432 0.509
0.6233352589007837 0.5085
0.6233352589007837 0.508
0.6244250058569039 0.5075000000000001
0.6244250058569039 0.507
0.6255147528130242 0.5065
0.6255147528130242 0.506
0.6255147528130242 0.5055000000000001
0.6255147528130242 0.505
0.6255147528130242 0.5045
0.6266044997691445 0.504
0.6276942467252646 0.5035000000000001
0.6287839936813849 0.503
0.6287839936813849 0.5025
0.6298737406375051 0.502
0.6309634875936254 0.5015000000000001
0.6320532345497457 0.501
0.6342327284619862 0.5005
0.6364122223742267 0.5
0.6364122223742267 0.49950000000000006
0.6364122223742267 0.499
0.6364122223742267 0.49850000000000005
0.6375019693303469 0.498
0.6375019693303469 0.49750000000000005
0.6385917162864672 0.497
0.6396814632425875 0.49650000000000005
0.6396814632425875 0.496
0.6418609571548279 0.49550000000000005
0.6429507041109481 0.495
0.6429507041109481 0.49450000000000005
0.6462199449793089 0.494
0.6462199449793089 0.49350000000000005
0.6462199449793089 0.493
0.6473096919354292 0.49250000000000005
0.6483994388915494 0.492
0.6494891858476697 0.49150000000000005
0.6494891858476697 0.491
0.65057893280379 0.49050000000000005
0.65057893280379 0.49
0.65057893280379 0.48950000000000005
0.6516686797599102 0.489
0.6527584267160305 0.48850000000000005
0.6527584267160305 0.488
0.6527584267160305 0.48750000000000004
0.6538481736721506 0.487
0.6549379206282709 0.48650000000000004
0.6549379206282709 0.486
0.6560276675843912 0.48550000000000004
0.6560276675843912 0.485
0.6571174145405114 0.48450000000000004
0.6571174145405114 0.484
0.6582071614966317 0.48350000000000004
0.6603866554088722 0.483
0.6603866554088722 0.48250000000000004
0.6603866554088722 0.482
0.6614764023649924 0.48150000000000004
0.6625661493211127 0.481
0.663655896277233 0.48050000000000004
0.663655896277233 0.48
0.6647456432333532 0.47950000000000004
0.6647456432333532 0.479
0.6647456432333532 0.47850000000000004
0.6647456432333532 0.478
0.6658353901894735 0.47750000000000004
0.6658353901894735 0.477
0.6658353901894735 0.47650000000000003
0.6658353901894735 0.476
0.6691046310578342 0.47550000000000003
0.6691046310578342 0.475
0.6701943780139544 0.47450000000000003
0.6701943780139544 0.474
0.6701943780139544 0.47350000000000003
0.6701943780139544 0.473
0.6723738719261949 0.47250000000000003
0.6723738719261949 0.472
0.6723738719261949 0.47150000000000003
0.6745533658384355 0.471
0.6756431127945557 0.47050000000000003
0.676732859750676 0.47
0.6778226067067962 0.46950000000000003
0.6778226067067962 0.469
0.6778226067067962 0.4685
0.6789123536629165 0.46799999999999997
0.6789123536629165 0.4675
0.681091847575157 0.46699999999999997
0.6821815945312772 0.4665
0.6821815945312772 0.46599999999999997
0.6821815945312772 0.4655
0.6821815945312772 0.46499999999999997
0.6832713414873974 0.4645
0.6832713414873974 0.46399999999999997
0.6843610884435177 0.4635
0.6843610884435177 0.46299999999999997
0.6865405823557582 0.4625
0.6876303293118785 0.46199999999999997
0.6887200762679987 0.4615
0.689809823224119 0.46099999999999997
0.689809823224119 0.4605
0.6908995701802392 0.45999999999999996
0.6919893171363595 0.4595
0.6919893171363595 0.45899999999999996
0.6930790640924798 0.4585
0.6930790640924798 0.45799999999999996
0.6952585580047203 0.4575
0.6963483049608404 0.45699999999999996
0.6963483049608404 0.4565
0.6963483049608404 0.45599999999999996
0.6974380519169607 0.4555
0.6974380519169607 0.45499999999999996
0.698527798873081 0.4545
0.698527798873081 0.45399999999999996
0.6996175458292012 0.4535
0.6996175458292012 0.45299999999999996
0.7017970397414417 0.4525
0.7017970397414417 0.45199999999999996
0.7017970397414417 0.4515
0.702886786697562 0.45099999999999996
0.7050662806098025 0.4505
0.7061560275659228 0.44999999999999996
0.7061560275659228 0.4495
0.707245774522043 0.44899999999999995
0.707245774522043 0.4485
0.7083355214781633 0.44799999999999995
0.7083355214781633 0.4475
0.7105150153904037 0.44699999999999995
0.7126945093026442 0.4465
0.7126945093026442 0.44599999999999995
0.7137842562587645 0.4455
0.7148740032148847 0.44499999999999995
0.715963750171005 0.4445
0.715963750171005 0.44399999999999995
0.715963750171005 0.4435
0.7170534971271253 0.44299999999999995
0.7214124849516063 0.4425
0.7235919788638467 0.44199999999999995
0.729040713644448 0.4415
0.7301304606005683 0.44099999999999995
0.7312202075566885 0.4405
0.7355791953811696 0.43999999999999995
0.7355791953811696 0.4395
0.7366689423372897 0.43899999999999995
0.73775868929341 0.4385
0.7388484362495302 0.43799999999999994
0.7388484362495302 0.4375
0.7388484362495302 0.43700000000000006
0.7410279301617708 0.4365
0.742117677117891 0.43600000000000005
0.7432074240740113 0.4355
0.7442971710301315 0.43500000000000005
0.7453869179862518 0.4345
0.7464766649423721 0.43400000000000005
0.7475664118984923 0.4335
0.7475664118984923 0.43300000000000005
0.7486561588546126 0.4325
0.750835652766853 0.43200000000000005
0.7519253997229732 0.4315
0.7530151466790935 0.43100000000000005
0.7530151466790935 0.4305
0.7530151466790935 0.43000000000000005
0.7541048936352138 0.4295
0.7562843875474543 0.42900000000000005
0.7562843875474543 0.4285
0.7584638814596948 0.42800000000000005
0.7584638814596948 0.4275
0.7595536284158151 0.42700000000000005
0.7617331223280556 0.4265
0.7628228692841758 0.42600000000000005
0.7628228692841758 0.4255
0.763912616240296 0.42500000000000004
0.7650023631964163 0.4245
0.768271604064777 0.42400000000000004
0.768271604064777 0.4235
0.7693613510208973 0.42300000000000004
0.7693613510208973 0.4225
0.7704510979770176 0.42200000000000004
0.7715408449331378 0.4215
0.7726305918892581 0.42100000000000004
0.7748100858014986 0.4205
0.7748100858014986 0.42000000000000004
0.7758998327576188 0.4195
0.7780793266698594 0.41900000000000004
0.7780793266698594 0.4185
0.7780793266698594 0.41800000000000004
0.7780793266698594 0.4175
0.7791690736259795 0.41700000000000004
0.7802588205820998 0.4165
0.7802588205820998 0.41600000000000004
0.7824383144943403 0.4155
0.7824383144943403 0.41500000000000004
0.7835280614504606 0.4145
0.7846178084065808 0.41400000000000003
0.7846178084065808 0.4135
0.7857075553627011 0.41300000000000003
0.7857075553627011 0.4125
0.7867973023188213 0.41200000000000003
0.7878870492749416 0.4115
0.7889767962310619 0.41100000000000003
0.7900665431871821 0.4105
0.7911562901433024 0.41000000000000003
0.7922460370994225 0.4095
0.7933357840555428 0.40900000000000003
0.7976947718800238 0.4085
0.7987845188361441 0.40800000000000003
0.8009640127483846 0.4075
0.8020537597045049 0.40700000000000003
0.8031435066606251 0.4065
0.8042332536167454 0.406
0.8042332536167454 0.40549999999999997
0.8042332536167454 0.405
0.8042332536167454 0.40449999999999997
0.8053230005728655 0.404
0.8064127475289858 0.40349999999999997
0.8075024944851061 0.403
0.8075024944851061 0.40249999999999997
0.8096819883973466 0.402
0.8107717353534668 0.40149999999999997
0.8107717353534668 0.401
0.8129512292657074 0.40049999999999997
0.8162204701340681 0.4
0.8173102170901884 0.39949999999999997
0.8173102170901884 0.399
0.8173102170901884 0.39849999999999997
0.8194897110024288 0.398
0.8194897110024288 0.39749999999999996
0.8205794579585491 0.397
0.8205794579585491 0.39649999999999996
0.8227589518707896 0.396
0.8238486988269098 0.39549999999999996
0.8249384457830301 0.395
0.8260281927391504 0.39449999999999996
0.8282076866513909 0.394
0.8303871805636314 0.39349999999999996
0.8314769275197517 0.393
0.8325666744758718 0.39249999999999996
0.8336564214319921 0.392
0.8380154092564731 0.39149999999999996
0.8391051562125934 0.391
0.8401949031687136 0.39049999999999996
0.8401949031687136 0.39
0.8423743970809542 0.38949999999999996
0.8434641440370744 0.389
0.8434641440370744 0.38849999999999996
0.8434641440370744 0.388
0.8445538909931947 0.38749999999999996
0.8445538909931947 0.387
0.8445538909931947 0.38649999999999995
0.8467333849054351 0.386
0.8467333849054351 0.38549999999999995
0.8478231318615553 0.385
0.8489128788176756 0.38449999999999995
0.8500026257737959 0.384
0.8500026257737959 0.38349999999999995
0.8500026257737959 0.383
0.8521821196860364 0.38249999999999995
0.8532718666421566 0.382
0.8532718666421566 0.38149999999999995
0.8532718666421566 0.381
0.8532718666421566 0.38049999999999995
0.8532718666421566 0.38
0.8543616135982769 0.37949999999999995
0.8543616135982769 0.379
0.8554513605543972 0.37849999999999995
0.8565411075105174 0.378
0.8576308544666377 0.37749999999999995
0.8598103483788782 0.377
0.8609000953349984 0.37649999999999995
0.8609000953349984 0.376
0.8619898422911186 0.37549999999999994
0.8630795892472389 0.375
0.8630795892472389 0.37450000000000006
0.8641693362033591 0.374
0.8641693362033591 0.37350000000000005
0.8641693362033591 0.373
0.8652590831594794 0.37250000000000005
0.8663488301155996 0.372
0.8674385770717199 0.37150000000000005
0.8674385770717199 0.371
0.8685283240278402 0.37050000000000005
0.8685283240278402 0.37
0.8696180709839604 0.36950000000000005
0.8707078179400807 0.369
0.8717975648962009 0.36850000000000005
0.8728873118523212 0.368
0.8739770588084415 0.36750000000000005
0.8750668057645616 0.367
0.8750668057645616 0.36650000000000005
0.8750668057645616 0.366
0.8761565527206819 0.36550000000000005
0.8761565527206819 0.365
0.8772462996768021 0.36450000000000005
0.8772462996768021 0.364
0.8816052875012832 0.36350000000000005
0.8837847814135237 0.363
0.8859642753257642 0.36250000000000004
0.8881437692380046 0.362
0.8903232631502451 0.36150000000000004
0.8935925040186059 0.361
0.8935925040186059 0.36050000000000004
0.8957719979308464 0.36
0.8968617448869667 0.35950000000000004
0.8968617448869667 0.359
0.8968617448869667 0.35850000000000004
0.9001309857553275 0.358
0.9012207327114476 0.35750000000000004
0.9012207327114476 0.357
0.9023104796675679 0.35650000000000004
0.9023104796675679 0.356
0.9034002266236882 0.35550000000000004
0.9034002266236882 0.355
0.9044899735798084 0.35450000000000004
0.9055797205359287 0.354
0.9055797205359287 0.35350000000000004
0.9055797205359287 0.353
0.9077592144481692 0.35250000000000004
0.9088489614042895 0.352
0.91102845531653 0.35150000000000003
0.91102845531653 0.351
0.91102845531653 0.35050000000000003
0.9132079492287705 0.35
0.9164771900971312 0.34950000000000003
0.9164771900971312 0.349
0.9186566840093717 0.34850000000000003
0.9208361779216122 0.348
0.9208361779216122 0.34750000000000003
0.9219259248777325 0.347
0.9219259248777325 0.34650000000000003
0.9230156718338527 0.346
0.9230156718338527 0.34550000000000003
0.9251951657460932 0.345
0.9273746596583338 0.34450000000000003
0.9273746596583338 0.344
0.928464406614454 0.3435
0.928464406614454 0.34299999999999997
0.9295541535705742 0.3425
0.9317336474828147 0.34199999999999997
0.932823394438935 0.3415
0.932823394438935 0.34099999999999997
0.9350028883511755 0.3405
0.9350028883511755 0.33999999999999997
0.9350028883511755 0.3395
0.9360926353072957 0.33899999999999997
0.937182382263416 0.3385
0.937182382263416 0.33799999999999997
0.9393618761756565 0.3375
0.941541370087897 0.33699999999999997
0.9437208640001374 0.3365
0.9437208640001374 0.33599999999999997
0.9437208640001374 0.3355
0.9448106109562577 0.33499999999999996
0.9448106109562577 0.3345
0.9469901048684982 0.33399999999999996
0.9491695987807387 0.3335
0.9524388396490995 0.33299999999999996
0.9535285866052198 0.3325
0.95461833356134 0.33199999999999996
0.95461833356134 0.3315
0.9557080805174603 0.33099999999999996
0.9557080805174603 0.3305
0.9567978274735806 0.32999999999999996
0.9578875744297007 0.3295
0.958977321385821 0.32899999999999996
0.958977321385821 0.3285
0.963336309210302 0.32799999999999996
0.963336309210302 0.3275
0.9644260561664223 0.32699999999999996
0.9644260561664223 0.3265
0.9655158031225425 0.32599999999999996
0.9655158031225425 0.3255
0.967695297034783 0.32499999999999996
0.9687850439909033 0.3245
0.9698747909470236 0.32399999999999995
0.9698747909470236 0.3235
0.9709645379031437 0.32299999999999995
0.9742337787715045 0.3225
0.9753235257276248 0.32199999999999995
0.9807722605082261 0.3215
0.9818620074643463 0.32099999999999995
0.9818620074643463 0.3205
0.9818620074643463 0.31999999999999995
0.985131248332707 0.3195
0.9862209952888272 0.31899999999999995
0.9873107422449475 0.3185
0.9873107422449475 0.31799999999999995
0.9905799831133083 0.3175
0.9905799831133083 0.31699999999999995
0.9916697300694285 0.3165
0.9916697300694285 0.31599999999999995
0.9938492239816691 0.3155
0.9938492239816691 0.31499999999999995
0.99820821180615 0.3145
0.99820821180615 0.31399999999999995
1.0003877057183905 0.3135
1.0025671996306311 0.31299999999999994
1.0036569465867513 0.3125
1.0036569465867513 0.31200000000000006
1.0036569465867513 0.3115
1.0047466935428715 0.31100000000000005
1.005836440498992 0.3105
1.005836440498992 0.31000000000000005
1.006926187455112 0.3095
1.0080159344112323 0.30900000000000005
1.0091056813673525 0.3085
1.0091056813673525 0.30800000000000005
1.0101954283234729 0.3075
1.0101954283234729 0.30700000000000005
1.011285175279593 0.3065
1.0123749222357132 0.30600000000000005
1.0123749222357132 0.3055
1.0134646691918336 0.30500000000000005
1.0145544161479538 0.3045
1.0145544161479538 0.30400000000000005
1.0145544161479538 0.3035
1.015644163104074 0.30300000000000005
1.015644163104074 0.3025
1.0167339100601942 0.30200000000000005
1.0178236570163146 0.3015
1.0178236570163146 0.30100000000000005
1.0189134039724348 0.3005
1.020003150928555 0.30000000000000004
1.0210928978846754 0.2995
1.0221826448407956 0.29900000000000004
1.0221826448407956 0.2985
1.0254518857091564 0.29800000000000004
1.0276313796213967 0.2975
1.0298108735336373 0.29700000000000004
1.0298108735336373 0.2965
1.0309006204897575 0.29600000000000004
1.0309006204897575 0.2955
1.0309006204897575 0.29500000000000004
1.031990367445878 0.2945
1.033080114401998 0.29400000000000004
1.0363493552703589 0.2935
1.0363493552703589 0.29300000000000004
1.0385288491825992 0.2925
1.0385288491825992 0.29200000000000004
1.0396185961387197 0.2915
1.0407083430948398 0.29100000000000004
1.0407083430948398 0.2905
1.04179809005096 0.29000000000000004
1.04179809005096 0.2895
1.0472468248315614 0.28900000000000003
1.0483365717876816 0.2885
1.0494263187438018 0.28800000000000003
1.0494263187438018 0.2875
1.0505160656999222 0.28700000000000003
1.0516058126560424 0.2865
1.0516058126560424 0.28600000000000003
1.0516058126560424 0.2855
1.0526955596121625 0.28500000000000003
1.0559648004805233 0.2845
1.0559648004805233 0.28400000000000003
1.0570545474366435 0.2835
1.0570545474366435 0.28300000000000003
1.058144294392764 0.2825
1.059234041348884 0.28200000000000003
1.0603237883050043 0.2815
1.063593029173365 0.281
1.063593029173365 0.28049999999999997
1.0646827761294853 0.28
1.0657725230856057 0.27949999999999997
1.0668622700417258 0.279
1.0690417639539664 0.27849999999999997
1.0701315109100866 0.278
1.0712212578662068 0.27749999999999997
1.0723110048223272 0.277
1.0734007517784474 0.27649999999999997
1.0755802456906878 0.276
1.0755802456906878 0.27549999999999997
1.0755802456906878 0.275
1.0766699926468082 0.27449999999999997
1.079939233515169 0.274
1.0821187274274093 0.27349999999999997
1.08429822133965 0.273
1.08429822133965 0.27249999999999996
1.0853879682957701 0.272
1.0864777152518903 0.27149999999999996
1.0951956909008524 0.271
1.0962854378569726 0.27049999999999996
1.0973751848130928 0.27
1.0984649317692132 0.26949999999999996
1.1006444256814536 0.269
1.101734172637574 0.26849999999999996
1.101734172637574 0.268
1.101734172637574 0.26749999999999996
1.1028239195936942 0.267
1.1071829074181752 0.26649999999999996
1.1071829074181752 0.266
1.1093624013304157 0.26549999999999996
1.1093624013304157 0.265
1.110452148286536 0.26449999999999996
1.110452148286536 0.264
1.115900883067137 0.26349999999999996
1.1169906300232575 0.263
1.1191701239354979 0.26249999999999996
1.1202598708916183 0.262
1.1202598708916183 0.26149999999999995
1.1224393648038586 0.261
1.1246188587160992 0.26049999999999995
1.1246188587160992 0.26
1.1257086056722194 0.25949999999999995
1.1289778465405802 0.259
1.1289778465405802 0.25849999999999995
1.1289778465405802 0.258
1.1300675934967004 0.25749999999999995
1.1311573404528208 0.257
1.1333368343650612 0.25649999999999995
1.1333368343650612 0.256
1.1333368343650612 0.25549999999999995
1.1333368343650612 0.255
1.1344265813211813 0.25449999999999995
1.1355163282773018 0.254
1.1376958221895421 0.25349999999999995
1.1398753161017827 0.253
1.140965063057903 0.25249999999999995
1.1431445569701435 0.252
1.1442343039262637 0.25149999999999995
1.1442343039262637 0.251
1.1453240508823839 0.25049999999999994
1.149683038706865 0.25
1.1507727856629852 0.24950000000000006
1.1518625326191054 0.249
1.154042026531346 0.24850000000000005
1.154042026531346 0.248
1.1551317734874662 0.24750000000000005
1.1573112673997068 0.247
1.158401014355827 0.24650000000000005
1.158401014355827 0.246
1.1594907613119472 0.24550000000000005
1.1605805082680674 0.245
1.1605805082680674 0.24450000000000005
1.162760002180308 0.244
1.1638497491364281 0.24350000000000005
1.1649394960925485 0.243
1.167118990004789 0.24250000000000005
1.167118990004789 0.242
1.1692984839170295 0.24150000000000005
1.1692984839170295 0.241
1.1747472186976307 0.24050000000000005
1.1780164595659914 0.24
1.1791062065221116 0.23950000000000005
1.1791062065221116 0.239
1.1834651943465928 0.23850000000000005
1.1856446882588332 0.238
1.1867344352149536 0.23750000000000004
1.1878241821710738 0.237
1.1878241821710738 0.23650000000000004
1.1900036760833141 0.236
1.1900036760833141 0.23550000000000004
1.193272916951675 0.235
1.193272916951675 0.23450000000000004
1.1965421578200357 0.23399999999999999
1.197631904776156 0.23350000000000004
1.197631904776156 0.23299999999999998
1.2009011456445167 0.23250000000000004
1.2009011456445167 0.23199999999999998
1.201990892600637 0.23150000000000004
1.2030806395567573 0.23099999999999998
1.2041703865128774 0.23050000000000004
1.2041703865128774 0.22999999999999998
1.2085293743373584 0.22950000000000004
1.2096191212934788 0.22899999999999998
1.2096191212934788 0.22850000000000004
1.2096191212934788 0.22799999999999998
1.210708868249599 0.22750000000000004
1.2128883621618396 0.22699999999999998
1.2128883621618396 0.22650000000000003
1.21506785607408 0.22599999999999998
1.2161576030302004 0.22550000000000003
1.2172473499863206 0.22499999999999998
1.219426843898561 0.22450000000000003
1.2216063378108015 0.22399999999999998
1.2216063378108015 0.22350000000000003
1.2216063378108015 0.22299999999999998
1.2226960847669217 0.22250000000000003
1.2259653256352825 0.22199999999999998
1.2270550725914027 0.22150000000000003
1.2270550725914027 0.22099999999999997
1.2292345665036433 0.22050000000000003
1.2292345665036433 0.21999999999999997
1.2303243134597635 0.21950000000000003
1.232503807372004 0.21899999999999997
1.232503807372004 0.21850000000000003
1.2335935543281242 0.21799999999999997
1.2357730482403648 0.21750000000000003
1.2357730482403648 0.21699999999999997
1.236862795196485 0.21650000000000003
1.2379525421526052 0.21599999999999997
1.2390422891087256 0.21550000000000002
1.2401320360648458 0.21499999999999997
1.241221783020966 0.21450000000000002
1.2455807708454472 0.21399999999999997
1.2466705178015673 0.21350000000000002
1.2466705178015673 0.21299999999999997
1.2477602647576875 0.21250000000000002
1.2477602647576875 0.21199999999999997
1.2488500117138077 0.21150000000000002
1.2488500117138077 0.21099999999999997
1.2499397586699281 0.21050000000000002
1.2499397586699281 0.20999999999999996
1.2510295056260483 0.20950000000000002
1.2521192525821685 0.20899999999999996
1.253208999538289 0.20850000000000002
1.253208999538289 0.20799999999999996
1.253208999538289 0.20750000000000002
1.253208999538289 0.20699999999999996
1.254298746494409 0.20650000000000002
1.2564782404066495 0.20599999999999996
1.25865773431889 0.20550000000000002
1.2597474812750102 0.20499999999999996
1.2597474812750102 0.20450000000000002
1.2608372282311306 0.20399999999999996
1.2619269751872508 0.20350000000000001
1.2619269751872508 0.20299999999999996
1.2662859630117318 0.2025
1.2662859630117318 0.20199999999999996
1.267375709967852 0.2015
1.2695552038800926 0.20099999999999996
1.2695552038800926 0.2005
1.2706449508362128 0.19999999999999996
1.2706449508362128 0.1995
1.2717346977923332 0.19899999999999995
1.2717346977923332 0.1985
1.2728244447484534 0.19799999999999995
1.2739141917045735 0.1975
1.2750039386606937 0.19699999999999995
1.2760936856168141 0.1965
1.2771834325729343 0.19599999999999995
1.2782731795290545 0.1955
1.280452673441295 0.19499999999999995
1.2826321673535357 0.1945
1.2826321673535357 0.19399999999999995
1.2859014082218962 0.1935
1.2880809021341368 0.19299999999999995
1.2913501430024976 0.1925
1.2957091308269786 0.19199999999999995
1.2957091308269786 0.1915
1.2967988777830988 0.19099999999999995
1.2989783716953394 0.1905
1.2989783716953394 0.18999999999999995
1.3033373595198203 0.1895
1.305516853432061 0.18899999999999995
1.305516853432061 0.1885
1.3087860943004217 0.18799999999999994
1.3098758412565419 0.1875
1.3098758412565419 0.18700000000000006
1.3120553351687825 0.1865
1.3131450821249027 0.18600000000000005
1.315324576037143 0.1855
1.3164143229932634 0.18500000000000005
1.3164143229932634 0.1845
1.3164143229932634 0.18400000000000005
1.3240425516861052 0.1835
1.3240425516861052 0.18300000000000005
1.3240425516861052 0.1825
1.3251322986422254 0.18200000000000005
1.3284015395105861 0.1815
1.331670780378947 0.18100000000000005
1.3338502742911873 0.1805
1.3349400212473077 0.18000000000000005
1.3382092621156685 0.1795
1.3382092621156685 0.17900000000000005
1.3382092621156685 0.1785
1.3392990090717887 0.17800000000000005
1.3425682499401494 0.1775
1.3425682499401494 0.17700000000000005
1.3425682499401494 0.1765
1.3447477438523898 0.17600000000000005
1.3447477438523898 0.1755
1.3458374908085102 0.17500000000000004
1.3480169847207506 0.1745
1.3523759725452316 0.17400000000000004
1.3567349603697128 0.1735
1.3589144542819531 0.17300000000000004
1.3589144542819531 0.1725
1.3600042012380735 0.17200000000000004
1.3610939481941937 0.17149999999999999
1.3654529360186747 0.17100000000000004
1.3665426829747949 0.17049999999999998
1.3665426829747949 0.17000000000000004
1.3676324299309153 0.16949999999999998
1.3698119238431556 0.16900000000000004
1.3709016707992758 0.16849999999999998
1.3709016707992758 0.16800000000000004
1.3719914177553962 0.16749999999999998
1.3763504055798772 0.16700000000000004
1.3785298994921178 0.16649999999999998
1.379619646448238 0.16600000000000004
1.3883376220972 0.16549999999999998
1.38942736905332 0.16500000000000004
1.3905171160094405 0.16449999999999998
1.3905171160094405 0.16400000000000003
1.3916068629655607 0.16349999999999998
1.3937863568778013 0.16300000000000003
1.3937863568778013 0.16249999999999998
1.3948761038339215 0.16200000000000003
1.397055597746162 0.16149999999999998
1.3992350916584024 0.16100000000000003
1.4003248386145226 0.16049999999999998
1.401414585570643 0.16000000000000003
1.401414585570643 0.15949999999999998
1.401414585570643 0.15900000000000003
1.4025043325267632 0.15849999999999997
1.4025043325267632 0.15800000000000003
1.4035940794828834 0.15749999999999997
1.4046838264390038 0.15700000000000003
1.405773573395124 0.15649999999999997
1.405773573395124 0.15600000000000003
1.4079530673073646 0.15549999999999997
1.410132561219605 0.15500000000000003
1.4112223081757251 0.15449999999999997
1.4123120551318455 0.15400000000000003
1.414491549044086 0.15349999999999997
1.4155812960002063 0.15300000000000002
1.4188505368685669 0.15249999999999997
1.4188505368685669 0.15200000000000002
1.4221197777369277 0.15149999999999997
1.4221197777369277 0.15100000000000002
1.423209524693048 0.15049999999999997
1.4242992716491683 0.15000000000000002
1.4373762351226111 0.14949999999999997
1.4373762351226111 0.14900000000000002
1.4395557290348517 0.14849999999999997
1.4471839577276935 0.14800000000000002
1.449363451639934 0.14749999999999996
1.449363451639934 0.14700000000000002
1.449363451639934 0.14649999999999996
1.4504531985960543 0.14600000000000002
1.453722439464415 0.14549999999999996
1.458081427288896 0.14500000000000002
1.462440415113377 0.14449999999999996
1.4635301620694974 0.14400000000000002
1.4635301620694974 0.14349999999999996
1.4635301620694974 0.14300000000000002
1.4657096559817377 0.14249999999999996
1.466799402937858 0.14200000000000002
1.4678891498939783 0.14149999999999996
1.4678891498939783 0.14100000000000001
1.4733378846745795 0.14049999999999996
1.47551737858682 0.14
1.47551737858682 0.13949999999999996
1.4776968724990605 0.139
1.484235354235782 0.13849999999999996
1.488594342060263 0.138
1.488594342060263 0.13749999999999996
1.4896840890163834 0.137
1.4907738359725036 0.13649999999999995
1.4918635829286238 0.136
1.4940430768408643 0.13549999999999995
1.4984020646653453 0.135
1.4984020646653453 0.13449999999999995
1.4984020646653453 0.134
1.4984020646653453 0.13349999999999995
1.500581558577586 0.133
1.5027610524898263 0.13249999999999995
1.5071200403143072 0.132
1.5092995342265478 0.13149999999999995
1.5136585220510288 0.131
1.514748269007149 0.13049999999999995
1.5158380159632694 0.13
1.5169277629193896 0.12949999999999995
1.5180175098755098 0.129
1.5201970037877504 0.12849999999999995
1.522376497699991 0.128
1.5256457385683515 0.12749999999999995
1.5256457385683515 0.127
1.526735485524472 0.12649999999999995
1.527825232480592 0.126
1.5289149794367123 0.12549999999999994
1.532184220305073 0.125
1.5332739672611932 0.12450000000000006
1.5354534611734338 0.124
1.5387227020417946 0.12350000000000005
1.548530424646877 0.123
1.5496201716029971 0.12250000000000005
1.5496201716029971 0.122
1.5496201716029971 0.12150000000000005
1.5561586533397187 0.121
1.5648766289886806 0.12050000000000005
1.5659663759448008 0.12
1.5659663759448008 0.11950000000000005
1.5670561229009212 0.119
1.5681458698570414 0.11850000000000005
1.5692356168131616 0.118
1.5725048576815224 0.11750000000000005
1.5735946046376426 0.11699999999999999
1.5768638455060033 0.11650000000000005
1.5779535924621237 0.11599999999999999
1.5801330863743641 0.11550000000000005
1.583402327242725 0.11499999999999999
1.583402327242725 0.11450000000000005
1.583402327242725 0.11399999999999999
1.584492074198845 0.11350000000000005
1.584492074198845 0.11299999999999999
1.5855818211549655 0.11250000000000004
1.5866715681110857 0.11199999999999999
1.5877613150672059 0.11150000000000004
1.5942997968039274 0.11099999999999999
1.5986587846284084 0.11050000000000004
1.6030177724528893 0.10999999999999999
1.6041075194090098 0.10950000000000004
1.6084665072334907 0.10899999999999999
1.609556254189611 0.10850000000000004
1.6182742298385728 0.10799999999999998
1.6182742298385728 0.10750000000000004
1.6237229646191742 0.10699999999999998
1.6324409402681361 0.10650000000000004
1.6335306872242565 0.10599999999999998
1.6346204341803767 0.10550000000000004
1.6346204341803767 0.10499999999999998
1.635710181136497 0.10450000000000004
1.6378896750487375 0.10399999999999998
1.6378896750487375 0.10350000000000004
1.6389794220048577 0.10299999999999998
1.6433384098293387 0.10250000000000004
1.6466076506976994 0.10199999999999998
1.653146132434421 0.10150000000000003
1.6553256263466616 0.10099999999999998
1.6553256263466616 0.10050000000000003
1.6564153733027818 0.09999999999999998
1.6585948672150221 0.09950000000000003
1.6607743611272627 0.09899999999999998
1.6673128428639843 0.09850000000000003
1.6727615776445854 0.09799999999999998
1.6738513246007058 0.09750000000000003
1.6760308185129462 0.09699999999999998
1.6771205654690664 0.09650000000000003
1.683659047205788 0.09599999999999997
1.6869282880741487 0.09550000000000003
1.6869282880741487 0.09499999999999997
1.688018035030269 0.09450000000000003
1.688018035030269 0.09399999999999997
1.6901975289425095 0.09350000000000003
1.6934667698108703 0.09299999999999997
1.6934667698108703 0.09250000000000003
1.696736010679231 0.09199999999999997
1.6989155045914714 0.09150000000000003
1.7000052515475919 0.09099999999999997
1.7000052515475919 0.09050000000000002
1.7000052515475919 0.08999999999999997
1.701094998503712 0.08950000000000002
1.7021847454598322 0.08899999999999997
1.7021847454598322 0.08850000000000002
1.705453986328193 0.08799999999999997
1.7065437332843132 0.08750000000000002
1.7109027211087944 0.08699999999999997
1.7130822150210347 0.08650000000000002
1.7163514558893955 0.08599999999999997
1.7174412028455157 0.08550000000000002
1.7174412028455157 0.08499999999999996
1.7250694315383575 0.08450000000000002
1.7250694315383575 0.08399999999999996
1.7261591784944779 0.08350000000000002
1.727248925450598 0.08299999999999996
1.73596690109956 0.08250000000000002
1.7370566480556804 0.08199999999999996
1.7392361419679208 0.08150000000000002
1.7457746237046423 0.08099999999999996
1.747954117616883 0.08050000000000002
1.7523131054413639 0.07999999999999996
1.7523131054413639 0.07950000000000002
1.753402852397484 0.07899999999999996
1.7566720932658448 0.07850000000000001
1.7762875384760093 0.07799999999999996
1.783915767168851 0.07750000000000001
1.7871850080372118 0.07699999999999996
1.7882747549933322 0.07650000000000001
1.7893645019494524 0.07599999999999996
1.7893645019494524 0.07550000000000001
1.7980824775984143 0.07499999999999996
1.8046209593351359 0.07450000000000001
1.8046209593351359 0.07399999999999995
1.8068004532473765 0.07350000000000001
1.8144286819402182 0.07299999999999995
1.817697922808579 0.07250000000000001
1.817697922808579 0.07199999999999995
1.817697922808579 0.07150000000000001
1.8198774167208194 0.07099999999999995
1.8242364045453003 0.07050000000000001
1.8285953923697813 0.06999999999999995
1.8351338741065029 0.0695
1.8351338741065029 0.06899999999999995
1.8362236210626233 0.0685
1.8373133680187435 0.06799999999999995
1.8394928619309838 0.0675
1.8416723558432244 0.06699999999999995
1.8416723558432244 0.0665
1.8460313436677054 0.06599999999999995
1.848210837579946 0.0655
1.8503903314921863 0.06499999999999995
1.8547493193166675 0.0645
1.8591083071411485 0.06399999999999995
1.8645570419217496 0.0635
1.86564678887787 0.06299999999999994
1.8732750175707118 0.0625
1.8776340053951928 0.062000000000000055
1.8809032462635535 0.0615
1.883082740175794 0.061000000000000054
1.8841724871319143 0.0605
1.8874417280002749 0.06000000000000005
1.8950699566931166 0.0595
1.9059674262543191 0.05900000000000005
1.9157751488594015 0.058499999999999996
1.9212238836400028 0.05800000000000005
1.9299418592889648 0.057499999999999996
1.9473778105868889 0.05700000000000005
1.9506470514552496 0.056499999999999995
1.9550060392797306 0.05600000000000005
1.9550060392797306 0.055499999999999994
1.9637240149286925 0.05500000000000005
1.9659035088409331 0.05449999999999999
1.969172749709294 0.05400000000000005
1.970262496665414 0.05349999999999999
1.9724419905776545 0.05300000000000005
1.9768009784021356 0.05249999999999999
1.9811599662266166 0.052000000000000046
1.983339460138857 0.05149999999999999
1.9931471827439393 0.051000000000000045
1.9964164236123 0.05049999999999999
1.9996856644806609 0.050000000000000044
2.0105831340418634 0.04949999999999999
2.0105831340418634 0.049000000000000044
2.013852374910224 0.04849999999999999
2.017121615778585 0.04800000000000004
2.0203908566469457 0.04749999999999999
2.034557567076509 0.04700000000000004
2.0421857957693508 0.046499999999999986
2.0465447835938315 0.04600000000000004
2.053083265330553 0.045499999999999985
2.0541730122866735 0.04500000000000004
2.074878204452958 0.044499999999999984
2.074878204452958 0.04400000000000004
2.078147445321319 0.04349999999999998
2.0792371922774393 0.04300000000000004
2.1064808661804455 0.04249999999999998
2.108660360092686 0.04200000000000004
2.1119296009610466 0.04149999999999998
2.114109094873287 0.041000000000000036
2.117378335741648 0.04049999999999998
2.118468082697768 0.040000000000000036
2.1282758053028505 0.03949999999999998
2.135904033995692 0.039000000000000035
2.1369937809518125 0.03849999999999998
2.1500707444252556 0.038000000000000034
2.1511604913813756 0.03749999999999998
2.1587887200742175 0.03700000000000003
2.160968213986458 0.03649999999999998
2.165327201810939 0.03600000000000003
2.1675066957231794 0.035499999999999976
2.1718656835476606 0.03500000000000003
2.177314418328262 0.034499999999999975
2.178404165284382 0.03400000000000003
2.1805836591966226 0.033499999999999974
2.1969298635384265 0.03300000000000003
2.1980196104945464 0.03249999999999997
2.203468345275148 0.03200000000000003
2.2067375861435083 0.03149999999999997
2.2110965739679895 0.031000000000000028
2.220904296573072 0.03049999999999997
2.2274427783097934 0.030000000000000027
2.2274427783097934 0.02949999999999997
2.230712019178154 0.029000000000000026
2.253596705256679 0.02849999999999997
2.2601351869934008 0.028000000000000025
2.264494174817882 0.02749999999999997
2.2797506322035654 0.027000000000000024
2.280840379159686 0.026499999999999968
2.284109620028046 0.026000000000000023
2.313532787843293 0.025499999999999967
2.3353277269656982 0.025000000000000022
2.3407764617462994 0.024499999999999966
2.3451354495707806 0.02400000000000002
2.3505841843513817 0.023499999999999965
2.3538534252197425 0.02300000000000002
2.3571226660881033 0.022499999999999964
2.3701996295615464 0.02200000000000002
2.373468870429907 0.021499999999999964
2.3898150747717106 0.02100000000000002
2.3919945686839514 0.020499999999999963
2.4334049530165207 0.020000000000000018
2.4421229286654826 0.019499999999999962
2.450840904314445 0.019000000000000017
2.4530203982266854 0.01849999999999996
2.4617383738756473 0.018000000000000016
2.4671871086562485 0.01749999999999996
2.4802640721296916 0.017000000000000015
2.4878923008225335 0.01649999999999996
2.5151359747255397 0.016000000000000014
2.5216744564622613 0.015499999999999958
2.524943697330622 0.015000000000000013
2.531482179067343 0.014499999999999957
2.564174587750951 0.014000000000000012
2.6066747190396407 0.013499999999999956
2.630649152074286 0.013000000000000012
2.6360978868548877 0.012499999999999956
2.6448158625038496 0.01200000000000001
2.6480851033722104 0.011499999999999955
2.654623585108932 0.01100000000000001
2.655713332065052 0.010499999999999954
2.664431307714014 0.010000000000000009
2.674239030319096 0.009499999999999953
2.6840467529241785 0.009000000000000008
2.703662198134343 0.008499999999999952
2.7396238476863113 0.008000000000000007
2.755970052028115 0.007499999999999951
2.7570597989842356 0.007000000000000006
2.786482966799482 0.00649999999999995
2.794111195492324 0.006000000000000005
2.795200942448444 0.005499999999999949
2.828983098088172 0.0050000000000000044
2.90744487892883 0.0044999999999999485
3.064368440610146 0.0040000000000000036
3.198407316212937 0.0034999999999999476
3.215843267510861 0.0030000000000000027
3.262702386624032 0.0024999999999999467
3.3346256857279686 0.0020000000000000018
3.4261644300420695 0.0014999999999999458
3.531869884785734 0.0010000000000000009
4.061486905460176 0.0004999999999999449
