# Normalized_Asset_Abs CCDF_Value
0.0010637150672478542 0.9995
0.0010637150672478542 0.999
0.0021274301344957084 0.9985
0.0021274301344957084 0.998
0.0031911452017435622 0.9975
0.0031911452017435622 0.997
0.0031911452017435622 0.9965
0.004254860268991417 0.996
0.004254860268991417 0.9955
0.005318575336239271 0.995
0.005318575336239271 0.9945
0.0063822904034871245 0.994
0.008509720537982834 0.9935
0.008509720537982834 0.993
0.009573435605230687 0.9925
0.010637150672478541 0.992
0.010637150672478541 0.9915
0.010637150672478541 0.991
0.010637150672478541 0.9905
0.011700865739726396 0.99
0.011700865739726396 0.9895
0.013828295874222104 0.989
0.013828295874222104 0.9885
0.013828295874222104 0.988
0.014892010941469958 0.9875
0.014892010941469958 0.987
0.014892010941469958 0.9865
0.01595572600871781 0.986
0.01595572600871781 0.9855
0.01595572600871781 0.985
0.01808315614321352 0.9845
0.019146871210461373 0.984
0.02021058627770923 0.9835
0.02021058627770923 0.983
0.02021058627770923 0.9825
0.021274301344957083 0.982
0.022338016412204936 0.9815
0.022338016412204936 0.981
0.022338016412204936 0.9805
0.022338016412204936 0.98
0.023401731479452792 0.9795
0.024465446546700645 0.979
0.024465446546700645 0.9785
0.025529161613948498 0.978
0.027656591748444207 0.9775
0.029784021882939916 0.977
0.03084773695018777 0.9765
0.03191145201743562 0.976
0.032975167084683475 0.9755
0.032975167084683475 0.975
0.034038882151931335 0.9745
0.03510259721917919 0.974
0.03616631228642704 0.9735
0.03616631228642704 0.973
0.03616631228642704 0.9725
0.03616631228642704 0.972
0.037230027353674894 0.9715
0.037230027353674894 0.971
0.03829374242092275 0.9705
0.03829374242092275 0.97
0.03829374242092275 0.9695
0.03829374242092275 0.969
0.03829374242092275 0.9685
0.0393574574881706 0.968
0.04042117255541846 0.9675
0.04148488762266631 0.967
0.04148488762266631 0.9665
0.042548602689914165 0.966
0.042548602689914165 0.9655
0.042548602689914165 0.965
0.042548602689914165 0.9645
0.04361231775716202 0.964
0.04361231775716202 0.9635
0.04467603282440987 0.963
0.04467603282440987 0.9625
0.04467603282440987 0.962
0.04467603282440987 0.9615
0.04573974789165773 0.961
0.04573974789165773 0.9605
0.046803462958905584 0.96
0.046803462958905584 0.9595
0.04893089309340129 0.959
0.04893089309340129 0.9585
0.04893089309340129 0.958
0.04893089309340129 0.9575
0.04893089309340129 0.957
0.04999460816064914 0.9565
0.051058323227896996 0.956
0.052122038295144855 0.9555
0.052122038295144855 0.955
0.05318575336239271 0.9545
0.05318575336239271 0.954
0.05318575336239271 0.9535
0.05424946842964056 0.953
0.055313183496888414 0.9525
0.05637689856413627 0.952
0.05744061363138412 0.9515
0.05744061363138412 0.951
0.05850432869863198 0.9505
0.05850432869863198 0.95
0.05850432869863198 0.9495
0.05956804376587983 0.949
0.06169547390037554 0.9485
0.06169547390037554 0.948
0.06169547390037554 0.9475
0.06169547390037554 0.947
0.06275918896762339 0.9465
0.06275918896762339 0.946
0.06275918896762339 0.9455
0.06275918896762339 0.945
0.06382290403487124 0.9445
0.06382290403487124 0.944
0.06382290403487124 0.9435
0.0648866191021191 0.943
0.0648866191021191 0.9425
0.06595033416936695 0.942
0.06807776430386267 0.9415
0.06914147937111052 0.9410000000000001
0.07126890950560623 0.9405
0.07126890950560623 0.94
0.07126890950560623 0.9395
0.07339633964010193 0.9390000000000001
0.07339633964010193 0.9385
0.07339633964010193 0.938
0.07339633964010193 0.9375
0.07446005470734979 0.937
0.07552376977459764 0.9365
0.07552376977459764 0.9359999999999999
0.0765874848418455 0.9355
0.0765874848418455 0.935
0.0765874848418455 0.9345
0.07765119990909335 0.9339999999999999
0.07765119990909335 0.9335
0.0787149149763412 0.933
0.07977863004358907 0.9325
0.07977863004358907 0.9319999999999999
0.07977863004358907 0.9315
0.07977863004358907 0.931
0.08084234511083692 0.9305
0.08084234511083692 0.9299999999999999
0.08190606017808477 0.9295
0.08190606017808477 0.929
0.08190606017808477 0.9285
0.08190606017808477 0.928
0.08296977524533262 0.9275
0.08296977524533262 0.927
0.08403349031258048 0.9265
0.08403349031258048 0.926
0.08616092044707618 0.9255
0.08722463551432404 0.925
0.08722463551432404 0.9245
0.08828835058157189 0.924
0.08828835058157189 0.9235
0.08828835058157189 0.923
0.08935206564881974 0.9225
0.08935206564881974 0.922
0.0904157807160676 0.9215
0.0904157807160676 0.921
0.09147949578331546 0.9205
0.09147949578331546 0.92
0.09147949578331546 0.9195
0.09254321085056331 0.919
0.09254321085056331 0.9185
0.09360692591781117 0.918
0.09360692591781117 0.9175
0.09467064098505902 0.917
0.09467064098505902 0.9165
0.09679807111955473 0.916
0.09786178618680258 0.9155
0.09892550125405043 0.915
0.09892550125405043 0.9145
0.09998921632129829 0.914
0.10105293138854614 0.9135
0.10211664645579399 0.913
0.10424407659028971 0.9125
0.10637150672478542 0.912
0.10743522179203327 0.9115
0.10743522179203327 0.911
0.10743522179203327 0.9105
0.10743522179203327 0.91
0.10743522179203327 0.9095
0.10743522179203327 0.909
0.10849893685928112 0.9085
0.10956265192652898 0.908
0.11062636699377683 0.9075
0.11062636699377683 0.907
0.11062636699377683 0.9065
0.11169008206102468 0.906
0.11169008206102468 0.9055
0.11381751219552039 0.905
0.11488122726276824 0.9045
0.11488122726276824 0.904
0.11700865739726396 0.9035
0.11700865739726396 0.903
0.11807237246451181 0.9025
0.11913608753175967 0.902
0.11913608753175967 0.9015
0.12019980259900752 0.901
0.12019980259900752 0.9005
0.12019980259900752 0.9
0.12126351766625537 0.8995
0.12126351766625537 0.899
0.12126351766625537 0.8985
0.12126351766625537 0.898
0.12339094780075108 0.8975
0.12445466286799893 0.897
0.12658209300249465 0.8965
0.12658209300249465 0.896
0.12658209300249465 0.8955
0.12658209300249465 0.895
0.1276458080697425 0.8945
0.12870952313699036 0.894
0.12870952313699036 0.8935
0.12870952313699036 0.893
0.1297732382042382 0.8925
0.13083695327148606 0.892
0.13083695327148606 0.8915
0.13083695327148606 0.891
0.13083695327148606 0.8905
0.13083695327148606 0.89
0.1319006683387339 0.8895
0.1319006683387339 0.889
0.1319006683387339 0.8885
0.1319006683387339 0.888
0.13296438340598177 0.8875
0.13402809847322963 0.887
0.13402809847322963 0.8865
0.13509181354047747 0.886
0.13509181354047747 0.8855
0.13721924367497318 0.885
0.13828295874222105 0.8845
0.13828295874222105 0.884
0.13934667380946889 0.8835
0.1414741039439646 0.883
0.1414741039439646 0.8825000000000001
0.1414741039439646 0.882
0.1414741039439646 0.8815
0.1414741039439646 0.881
0.14253781901121246 0.8805000000000001
0.14253781901121246 0.88
0.14466524914570816 0.8795
0.14785639434745174 0.879
0.14785639434745174 0.8785000000000001
0.14785639434745174 0.878
0.14892010941469958 0.8775
0.14892010941469958 0.877
0.15104753954919528 0.8765000000000001
0.15104753954919528 0.876
0.15211125461644315 0.8755
0.153174969683691 0.875
0.153174969683691 0.8745
0.153174969683691 0.874
0.153174969683691 0.8734999999999999
0.15423868475093885 0.873
0.1553023998181867 0.8725
0.1553023998181867 0.872
0.1553023998181867 0.8714999999999999
0.1553023998181867 0.871
0.1574298299526824 0.8705
0.1574298299526824 0.87
0.15955726008717813 0.8694999999999999
0.16168469022167384 0.869
0.16381212035616954 0.8685
0.16381212035616954 0.868
0.16381212035616954 0.8674999999999999
0.16487583542341738 0.867
0.16487583542341738 0.8665
0.16487583542341738 0.866
0.16593955049066525 0.8654999999999999
0.1670032655579131 0.865
0.1670032655579131 0.8645
0.16806698062516096 0.864
0.16806698062516096 0.8634999999999999
0.16806698062516096 0.863
0.1691306956924088 0.8625
0.17232184089415237 0.862
0.17232184089415237 0.8614999999999999
0.17232184089415237 0.861
0.17232184089415237 0.8605
0.17232184089415237 0.86
0.17232184089415237 0.8594999999999999
0.17338555596140023 0.859
0.17338555596140023 0.8585
0.17444927102864807 0.858
0.17444927102864807 0.8575
0.17551298609589594 0.857
0.17657670116314378 0.8565
0.17657670116314378 0.856
0.17657670116314378 0.8555
0.17657670116314378 0.855
0.17764041623039165 0.8545
0.17764041623039165 0.854
0.17870413129763948 0.8535
0.17976784636488735 0.853
0.17976784636488735 0.8525
0.18189527649938306 0.852
0.18189527649938306 0.8515
0.18295899156663092 0.851
0.18402270663387876 0.8505
0.18402270663387876 0.85
0.18402270663387876 0.8495
0.18508642170112663 0.849
0.18508642170112663 0.8485
0.18721385183562234 0.848
0.18827756690287017 0.8475
0.18827756690287017 0.847
0.18934128197011804 0.8465
0.18934128197011804 0.846
0.19040499703736588 0.8455
0.19040499703736588 0.845
0.19040499703736588 0.8445
0.19146871210461375 0.844
0.1925324271718616 0.8435
0.1925324271718616 0.843
0.19359614223910945 0.8425
0.19359614223910945 0.842
0.19359614223910945 0.8415
0.19465985730635732 0.841
0.19465985730635732 0.8405
0.19572357237360516 0.84
0.19572357237360516 0.8395
0.19678728744085303 0.839
0.19678728744085303 0.8385
0.19678728744085303 0.838
0.19785100250810086 0.8375
0.19891471757534873 0.837
0.19891471757534873 0.8365
0.19891471757534873 0.836
0.19997843264259657 0.8355
0.20104214770984444 0.835
0.20210586277709228 0.8345
0.20210586277709228 0.834
0.20316957784434014 0.8335
0.20316957784434014 0.833
0.20423329291158798 0.8325
0.20423329291158798 0.832
0.20529700797883585 0.8315
0.20529700797883585 0.831
0.20529700797883585 0.8305
0.2063607230460837 0.83
0.2063607230460837 0.8295
0.2063607230460837 0.829
0.20742443811333156 0.8285
0.20742443811333156 0.8280000000000001
0.20742443811333156 0.8275
0.20848815318057942 0.827
0.20848815318057942 0.8265
0.21061558331507513 0.8260000000000001
0.21061558331507513 0.8255
0.21061558331507513 0.825
0.21380672851681867 0.8245
0.21380672851681867 0.8240000000000001
0.21487044358406654 0.8235
0.21487044358406654 0.823
0.21487044358406654 0.8225
0.21593415865131438 0.8220000000000001
0.21806158878581008 0.8215
0.21806158878581008 0.821
0.21912530385305795 0.8205
0.21912530385305795 0.8200000000000001
0.21912530385305795 0.8195
0.22018901892030582 0.819
0.22018901892030582 0.8185
0.22125273398755366 0.8180000000000001
0.22125273398755366 0.8175
0.22231644905480152 0.817
0.22338016412204936 0.8165
0.22338016412204936 0.8160000000000001
0.22444387918929723 0.8155
0.22444387918929723 0.815
0.22444387918929723 0.8145
0.22550759425654507 0.8140000000000001
0.22550759425654507 0.8135
0.22657130932379294 0.813
0.22657130932379294 0.8125
0.22763502439104077 0.812
0.22763502439104077 0.8115
0.22869873945828864 0.8109999999999999
0.22869873945828864 0.8105
0.22869873945828864 0.81
0.22869873945828864 0.8095
0.23082616959278435 0.8089999999999999
0.23295359972728005 0.8085
0.23295359972728005 0.808
0.23295359972728005 0.8075
0.23401731479452792 0.8069999999999999
0.23401731479452792 0.8065
0.23401731479452792 0.806
0.23508102986177576 0.8055
0.23508102986177576 0.8049999999999999
0.23614474492902363 0.8045
0.23614474492902363 0.804
0.23720845999627146 0.8035
0.23720845999627146 0.8029999999999999
0.23827217506351933 0.8025
0.23827217506351933 0.802
0.24252703533251074 0.8015
0.2435907503997586 0.8009999999999999
0.24465446546700645 0.8005
0.24465446546700645 0.8
0.24571818053425432 0.7995
0.24571818053425432 0.7989999999999999
0.24678189560150215 0.7985
0.24678189560150215 0.798
0.24890932573599786 0.7975
0.24890932573599786 0.7969999999999999
0.24997304080324573 0.7965
0.24997304080324573 0.796
0.25103675587049357 0.7955
0.2521004709377414 0.795
0.2521004709377414 0.7945
0.2521004709377414 0.794
0.2531641860049893 0.7935
0.2531641860049893 0.793
0.2531641860049893 0.7925
0.25422790107223714 0.792
0.255291616139485 0.7915
0.255291616139485 0.791
0.255291616139485 0.7905
0.255291616139485 0.79
0.2563553312067329 0.7895
0.2563553312067329 0.789
0.2563553312067329 0.7885
0.2574190462739807 0.788
0.25848276134122855 0.7875
0.25848276134122855 0.787
0.25848276134122855 0.7865
0.2595464764084764 0.786
0.2595464764084764 0.7855
0.2595464764084764 0.785
0.2595464764084764 0.7845
0.2616739065429721 0.784
0.2616739065429721 0.7835
0.2616739065429721 0.783
0.26273762161021996 0.7825
0.2638013366774678 0.782
0.2638013366774678 0.7815
0.2648650517447157 0.781
0.2648650517447157 0.7805
0.2648650517447157 0.78
0.2669924818792114 0.7795
0.26805619694645927 0.779
0.26805619694645927 0.7785
0.26805619694645927 0.778
0.2691199120137071 0.7775
0.27018362708095495 0.777
0.2712473421482028 0.7765
0.2723110572154507 0.776
0.2723110572154507 0.7755
0.2733747722826985 0.775
0.2733747722826985 0.7745
0.2733747722826985 0.774
0.27869334761893777 0.7735
0.27869334761893777 0.773
0.27869334761893777 0.7725
0.27975706268618566 0.772
0.27975706268618566 0.7715
0.27975706268618566 0.771
0.27975706268618566 0.7705
0.2808207777534335 0.77
0.2808207777534335 0.7695
0.2808207777534335 0.769
0.28188449282068134 0.7685
0.28188449282068134 0.768
0.2829482078879292 0.7675
0.2829482078879292 0.767
0.2829482078879292 0.7665
0.2829482078879292 0.766
0.2840119229551771 0.7655000000000001
0.2850756380224249 0.765
0.2850756380224249 0.7645
0.2850756380224249 0.764
0.2850756380224249 0.7635000000000001
0.28613935308967275 0.763
0.28613935308967275 0.7625
0.2872030681569206 0.762
0.2893304982914163 0.7615000000000001
0.29039421335866417 0.761
0.29145792842591206 0.7605
0.29145792842591206 0.76
0.2925216434931599 0.7595000000000001
0.2925216434931599 0.759
0.2925216434931599 0.7585
0.2925216434931599 0.758
0.2946490736276556 0.7575000000000001
0.2957127886949035 0.757
0.2957127886949035 0.7565
0.2957127886949035 0.756
0.2957127886949035 0.7555000000000001
0.2967765037621513 0.755
0.298903933896647 0.7545
0.298903933896647 0.754
0.298903933896647 0.7535000000000001
0.2999676489638949 0.753
0.2999676489638949 0.7525
0.3010313640311427 0.752
0.3010313640311427 0.7515000000000001
0.30209507909839056 0.751
0.30209507909839056 0.7505
0.30209507909839056 0.75
0.30209507909839056 0.7495
0.3031587941656384 0.749
0.3042225092328863 0.7484999999999999
0.3042225092328863 0.748
0.3042225092328863 0.7475
0.30528622430013413 0.747
0.306349939367382 0.7464999999999999
0.306349939367382 0.746
0.30741365443462987 0.7455
0.30741365443462987 0.745
0.3084773695018777 0.7444999999999999
0.30954108456912555 0.744
0.30954108456912555 0.7435
0.30954108456912555 0.743
0.30954108456912555 0.7424999999999999
0.30954108456912555 0.742
0.3116685147036213 0.7415
0.3116685147036213 0.741
0.3116685147036213 0.7404999999999999
0.3127322297708691 0.74
0.3127322297708691 0.7395
0.3148596599053648 0.739
0.31698709003986053 0.7384999999999999
0.31698709003986053 0.738
0.31911452017435626 0.7375
0.3201782352416041 0.737
0.32124195030885194 0.7364999999999999
0.32124195030885194 0.736
0.32124195030885194 0.7355
0.3244330955105955 0.735
0.3244330955105955 0.7344999999999999
0.3244330955105955 0.734
0.3244330955105955 0.7335
0.32549681057784335 0.733
0.32549681057784335 0.7324999999999999
0.3276242407123391 0.732
0.3286879557795869 0.7315
0.32975167084683477 0.731
0.32975167084683477 0.7304999999999999
0.33081538591408266 0.73
0.33081538591408266 0.7295
0.33081538591408266 0.729
0.3318791009813305 0.7284999999999999
0.3318791009813305 0.728
0.33294281604857834 0.7275
0.33294281604857834 0.727
0.3340065311158262 0.7264999999999999
0.3340065311158262 0.726
0.33507024618307407 0.7255
0.3361339612503219 0.725
0.3382613913848176 0.7244999999999999
0.3382613913848176 0.724
0.3382613913848176 0.7235
0.3382613913848176 0.723
0.3403888215193133 0.7224999999999999
0.3403888215193133 0.722
0.34145253658656116 0.7215
0.34145253658656116 0.721
0.34251625165380906 0.7204999999999999
0.3435799667210569 0.72
0.3435799667210569 0.7195
0.3435799667210569 0.719
0.34464368178830473 0.7185
0.3457073968555526 0.718
0.34677111192280047 0.7175
0.34677111192280047 0.7170000000000001
0.34677111192280047 0.7165
0.3478348269900483 0.716
0.34889854205729615 0.7155
0.349962257124544 0.7150000000000001
0.349962257124544 0.7145
0.3510259721917919 0.714
0.3510259721917919 0.7135
0.35315340232628756 0.7130000000000001
0.35315340232628756 0.7125
0.35421711739353545 0.712
0.3552808324607833 0.7115
0.35634454752803113 0.7110000000000001
0.35634454752803113 0.7105
0.35847197766252686 0.71
0.3595356927297747 0.7095
0.36059940779702254 0.7090000000000001
0.36059940779702254 0.7085
0.3637905529987661 0.708
0.3637905529987661 0.7075
0.36591798313326185 0.7070000000000001
0.36591798313326185 0.7065
0.36591798313326185 0.706
0.36591798313326185 0.7055
0.36591798313326185 0.7050000000000001
0.3669816982005097 0.7045
0.3669816982005097 0.704
0.3669816982005097 0.7035
0.3669816982005097 0.7030000000000001
0.37017284340225326 0.7025
0.37017284340225326 0.702
0.3712365584695011 0.7015
0.3712365584695011 0.7010000000000001
0.37230027353674894 0.7005
0.37230027353674894 0.7
0.3733639886039968 0.6995
0.3733639886039968 0.6990000000000001
0.37442770367124467 0.6985
0.37442770367124467 0.698
0.37655513380574035 0.6975
0.3786825639402361 0.6970000000000001
0.3786825639402361 0.6965
0.38187370914197966 0.696
0.3829374242092275 0.6955
0.3829374242092275 0.6950000000000001
0.38400113927647533 0.6945
0.38400113927647533 0.694
0.38612856941097107 0.6935
0.38612856941097107 0.6930000000000001
0.38612856941097107 0.6925
0.3871922844782189 0.692
0.3871922844782189 0.6915
0.38825599954546675 0.6910000000000001
0.38825599954546675 0.6905
0.38931971461271464 0.69
0.38931971461271464 0.6895
0.3903834296799625 0.6890000000000001
0.39251085981445816 0.6885
0.39357457488170605 0.688
0.39570200501620173 0.6875
0.39570200501620173 0.687
0.39570200501620173 0.6865
0.39570200501620173 0.6859999999999999
0.39782943515069746 0.6855
0.3988931502179453 0.685
0.39995686528519314 0.6845
0.39995686528519314 0.6839999999999999
0.39995686528519314 0.6835
0.39995686528519314 0.683
0.4020842954196889 0.6825
0.4020842954196889 0.6819999999999999
0.4031480104869367 0.6815
0.4031480104869367 0.681
0.4031480104869367 0.6805
0.4031480104869367 0.6799999999999999
0.40421172555418455 0.6795
0.40421172555418455 0.679
0.40421172555418455 0.6785
0.40527544062143245 0.6779999999999999
0.4074028707559281 0.6775
0.40846658582317596 0.677
0.40953030089042386 0.6765
0.40953030089042386 0.6759999999999999
0.41165773102491954 0.6755
0.41165773102491954 0.675
0.41165773102491954 0.6745
0.41165773102491954 0.6739999999999999
0.41378516115941527 0.6735
0.41591259129391095 0.673
0.41591259129391095 0.6725
0.41697630636115884 0.6719999999999999
0.41697630636115884 0.6715
0.41697630636115884 0.671
0.4180400214284067 0.6705
0.4191037364956545 0.6699999999999999
0.42016745156290236 0.6695
0.42016745156290236 0.669
0.42016745156290236 0.6685
0.42123116663015026 0.6679999999999999
0.4222948816973981 0.6675
0.4244223118318938 0.667
0.4244223118318938 0.6665
0.42548602689914167 0.6659999999999999
0.42548602689914167 0.6655
0.4265497419663895 0.665
0.42761345703363735 0.6645
0.42867717210088524 0.6639999999999999
0.4297408871681331 0.6635
0.43186831730262876 0.663
0.43186831730262876 0.6625
0.43186831730262876 0.6619999999999999
0.43186831730262876 0.6615
0.43293203236987665 0.661
0.43293203236987665 0.6605
0.43505946250437233 0.6599999999999999
0.43505946250437233 0.6595
0.43505946250437233 0.659
0.43718689263886806 0.6585
0.4382506077061159 0.6579999999999999
0.43931432277336374 0.6575
0.44037803784061164 0.657
0.4414417529078595 0.6565
0.4414417529078595 0.656
0.4414417529078595 0.6555
0.4414417529078595 0.655
0.4425054679751073 0.6545000000000001
0.44463289810960305 0.654
0.44463289810960305 0.6535
0.44463289810960305 0.653
0.44463289810960305 0.6525000000000001
0.44463289810960305 0.652
0.4456966131768509 0.6515
0.4467603282440987 0.651
0.4467603282440987 0.6505000000000001
0.4467603282440987 0.65
0.44782404331134656 0.6495
0.44888775837859446 0.649
0.45207890358033803 0.6485000000000001
0.45207890358033803 0.648
0.45527004878208155 0.6475
0.45527004878208155 0.647
0.4573974789165773 0.6465000000000001
0.4584611939838251 0.646
0.4584611939838251 0.6455
0.45952490905107296 0.645
0.46058862411832086 0.6445000000000001
0.4616523391855687 0.644
0.4616523391855687 0.6435
0.4616523391855687 0.643
0.46271605425281653 0.6425000000000001
0.46271605425281653 0.642
0.46271605425281653 0.6415
0.46271605425281653 0.641
0.46484348438731227 0.6405000000000001
0.46484348438731227 0.64
0.4659071994545601 0.6395
0.46697091452180794 0.639
0.46697091452180794 0.6385000000000001
0.46697091452180794 0.638
0.46697091452180794 0.6375
0.46697091452180794 0.637
0.46697091452180794 0.6365000000000001
0.46803462958905584 0.636
0.46803462958905584 0.6355
0.4690983446563037 0.635
0.4690983446563037 0.6345000000000001
0.4701620597235515 0.634
0.4733532049252951 0.6335
0.47441691999254293 0.633
0.4754806350597908 0.6325000000000001
0.47867178026153434 0.632
0.47973549532878224 0.6315
0.47973549532878224 0.631
0.4807992103960301 0.6305000000000001
0.4807992103960301 0.63
0.4807992103960301 0.6295
0.4807992103960301 0.629
0.4818629254632779 0.6285000000000001
0.48292664053052575 0.628
0.48292664053052575 0.6275
0.48399035559777365 0.627
0.48399035559777365 0.6265000000000001
0.48399035559777365 0.626
0.4850540706650215 0.6255
0.4861177857322693 0.625
0.4861177857322693 0.6245
0.4871815007995172 0.624
0.4871815007995172 0.6234999999999999
0.48824521586676506 0.623
0.4893089309340129 0.6225
0.4893089309340129 0.622
0.49037264600126074 0.6214999999999999
0.49037264600126074 0.621
0.49143636106850863 0.6205
0.49250007613575647 0.62
0.49250007613575647 0.6194999999999999
0.4935637912030043 0.619
0.49462750627025215 0.6185
0.49462750627025215 0.618
0.49569122133750004 0.6174999999999999
0.49569122133750004 0.617
0.4967549364047479 0.6165
0.4967549364047479 0.616
0.4978186514719957 0.6154999999999999
0.4988823665392436 0.615
0.49994608160649145 0.6145
0.49994608160649145 0.614
0.49994608160649145 0.6134999999999999
0.5010097966737393 0.613
0.5020735117409871 0.6125
0.503137226808235 0.612
0.503137226808235 0.6114999999999999
0.5042009418754828 0.611
0.5042009418754828 0.6105
0.5063283720099786 0.61
0.5063283720099786 0.6094999999999999
0.5084558021444743 0.609
0.5095195172117222 0.6085
0.5095195172117222 0.608
0.51058323227897 0.6074999999999999
0.51058323227897 0.607
0.51058323227897 0.6065
0.5116469473462179 0.606
0.5116469473462179 0.6054999999999999
0.5127106624134657 0.605
0.5137743774807135 0.6045
0.5148380925479614 0.604
0.5169655226824571 0.6034999999999999
0.5169655226824571 0.603
0.518029237749705 0.6025
0.518029237749705 0.602
0.5201566678842007 0.6014999999999999
0.5222840980186964 0.601
0.5222840980186964 0.6005
0.5222840980186964 0.6
0.5244115281531921 0.5994999999999999
0.5244115281531921 0.599
0.5254752432204399 0.5985
0.5254752432204399 0.598
0.5254752432204399 0.5974999999999999
0.5265389582876878 0.597
0.5265389582876878 0.5965
0.5276026733549356 0.596
0.5286663884221835 0.5954999999999999
0.5286663884221835 0.595
0.5297301034894314 0.5945
0.5297301034894314 0.594
0.5307938185566792 0.5935
0.5307938185566792 0.593
0.5318575336239271 0.5925
0.5318575336239271 0.5920000000000001
0.532921248691175 0.5915
0.532921248691175 0.591
0.5339849637584227 0.5905
0.5339849637584227 0.5900000000000001
0.5350486788256706 0.5895
0.5361123938929185 0.589
0.5361123938929185 0.5885
0.5361123938929185 0.5880000000000001
0.5361123938929185 0.5875
0.5371761089601663 0.587
0.5371761089601663 0.5865
0.5403672541619099 0.5860000000000001
0.5403672541619099 0.5855
0.5403672541619099 0.585
0.5414309692291578 0.5845
0.5414309692291578 0.5840000000000001
0.5424946842964056 0.5835
0.5435583993636535 0.583
0.5435583993636535 0.5825
0.5456858294981491 0.5820000000000001
0.546749544565397 0.5815
0.546749544565397 0.581
0.546749544565397 0.5805
0.5478132596326449 0.5800000000000001
0.5488769746998927 0.5795
0.5488769746998927 0.579
0.5499406897671406 0.5785
0.5499406897671406 0.5780000000000001
0.5520681199016363 0.5775
0.5520681199016363 0.577
0.5520681199016363 0.5765
0.554195550036132 0.5760000000000001
0.5552592651033799 0.5755
0.5552592651033799 0.575
0.5552592651033799 0.5745
0.5563229801706278 0.5740000000000001
0.5563229801706278 0.5735
0.5573866952378755 0.573
0.5584504103051234 0.5725
0.5595141253723713 0.5720000000000001
0.5605778404396191 0.5715
0.5605778404396191 0.571
0.561641555506867 0.5705
0.5627052705741148 0.5700000000000001
0.5627052705741148 0.5695
0.5627052705741148 0.569
0.5627052705741148 0.5685
0.5637689856413627 0.5680000000000001
0.5637689856413627 0.5675
0.5637689856413627 0.567
0.5658964157758584 0.5665
0.5658964157758584 0.5660000000000001
0.5658964157758584 0.5655
0.5669601308431063 0.565
0.5669601308431063 0.5645
0.5669601308431063 0.5640000000000001
0.5690875609776019 0.5635
0.5701512760448498 0.563
0.5712149911120977 0.5625
0.5722787061793455 0.562
0.5722787061793455 0.5615
0.5744061363138412 0.5609999999999999
0.5754698513810891 0.5605
0.5754698513810891 0.56
0.5754698513810891 0.5595
0.576533566448337 0.5589999999999999
0.576533566448337 0.5585
0.5775972815155848 0.558
0.5786609965828327 0.5575
0.5786609965828327 0.5569999999999999
0.5786609965828327 0.5565
0.5786609965828327 0.556
0.5786609965828327 0.5555
0.5797247116500805 0.5549999999999999
0.5797247116500805 0.5545
0.5818521417845762 0.554
0.5829158568518241 0.5535
0.5839795719190719 0.5529999999999999
0.5839795719190719 0.5525
0.5839795719190719 0.552
0.5839795719190719 0.5515
0.5850432869863198 0.5509999999999999
0.5850432869863198 0.5505
0.5850432869863198 0.55
0.5861070020535676 0.5495
0.5861070020535676 0.5489999999999999
0.5871707171208155 0.5485
0.5871707171208155 0.548
0.5882344321880634 0.5475
0.5892981472553112 0.5469999999999999
0.5892981472553112 0.5465
0.590361862322559 0.546
0.590361862322559 0.5455
0.590361862322559 0.5449999999999999
0.591425577389807 0.5445
0.5924892924570547 0.544
0.5924892924570547 0.5435
0.5924892924570547 0.5429999999999999
0.5935530075243026 0.5425
0.5935530075243026 0.542
0.5956804376587983 0.5415
0.5956804376587983 0.5409999999999999
0.5956804376587983 0.5405
0.5956804376587983 0.54
0.5967441527260462 0.5395
0.5967441527260462 0.5389999999999999
0.6009990129950376 0.5385
0.6031264431295333 0.538
0.6031264431295333 0.5375
0.6041901581967811 0.5369999999999999
0.6041901581967811 0.5365
0.605253873264029 0.536
0.6063175883312768 0.5355
0.6063175883312768 0.5349999999999999
0.6063175883312768 0.5345
0.6073813033985247 0.534
0.6073813033985247 0.5335
0.6073813033985247 0.5329999999999999
0.6084450184657726 0.5325
0.6095087335330204 0.532
0.6116361636675162 0.5315
0.6116361636675162 0.531
0.6116361636675162 0.5305
0.6116361636675162 0.53
0.6137635938020118 0.5295000000000001
0.6137635938020118 0.529
0.6137635938020118 0.5285
0.6148273088692597 0.528
0.6180184540710032 0.5275000000000001
0.6180184540710032 0.527
0.6180184540710032 0.5265
0.6180184540710032 0.526
0.6180184540710032 0.5255000000000001
0.6180184540710032 0.525
0.6190821691382511 0.5245
0.620145884205499 0.524
0.620145884205499 0.5235000000000001
0.620145884205499 0.523
0.6233370294072426 0.5225
0.6233370294072426 0.522
0.6233370294072426 0.5215000000000001
0.6233370294072426 0.521
0.6244007444744903 0.5205
0.6244007444744903 0.52
0.6254644595417382 0.5195000000000001
0.6254644595417382 0.519
0.6254644595417382 0.5185
0.6254644595417382 0.518
0.6265281746089861 0.5175000000000001
0.6275918896762339 0.517
0.6275918896762339 0.5165
0.6286556047434818 0.516
0.6286556047434818 0.5155000000000001
0.6297193198107296 0.515
0.6307830348779775 0.5145
0.6318467499452254 0.514
0.6329104650124732 0.5135000000000001
0.6339741800797211 0.513
0.635037895146969 0.5125
0.635037895146969 0.512
0.6361016102142167 0.5115000000000001
0.6361016102142167 0.511
0.6371653252814646 0.5105
0.6371653252814646 0.51
0.6371653252814646 0.5095000000000001
0.6371653252814646 0.509
0.6382290403487125 0.5085
0.6382290403487125 0.508
0.6392927554159603 0.5075000000000001
0.641420185550456 0.507
0.641420185550456 0.5065
0.641420185550456 0.506
0.641420185550456 0.5055000000000001
0.6424839006177039 0.505
0.6424839006177039 0.5045
0.6424839006177039 0.504
0.6424839006177039 0.5035000000000001
0.6424839006177039 0.503
0.6424839006177039 0.5025
0.6435476156849518 0.502
0.6435476156849518 0.5015000000000001
0.6446113307521996 0.501
0.6446113307521996 0.5005
0.6446113307521996 0.5
0.6478024759539431 0.49950000000000006
0.6478024759539431 0.499
0.648866191021191 0.49850000000000005
0.648866191021191 0.498
0.6499299060884389 0.49750000000000005
0.6509936211556867 0.497
0.6509936211556867 0.49650000000000005
0.6509936211556867 0.496
0.6520573362229346 0.49550000000000005
0.6520573362229346 0.495
0.6552484814246782 0.49450000000000005
0.6552484814246782 0.494
0.656312196491926 0.49350000000000005
0.656312196491926 0.493
0.656312196491926 0.49250000000000005
0.6584396266264217 0.492
0.6584396266264217 0.49150000000000005
0.6584396266264217 0.491
0.6595033416936695 0.49050000000000005
0.6595033416936695 0.49
0.6605670567609174 0.48950000000000005
0.6626944868954131 0.489
0.663758201962661 0.48850000000000005
0.6648219170299088 0.488
0.6658856320971567 0.48750000000000004
0.6658856320971567 0.487
0.6680130622316524 0.48650000000000004
0.6680130622316524 0.486
0.6712042074333959 0.48550000000000004
0.6722679225006438 0.485
0.6722679225006438 0.48450000000000004
0.6743953526351395 0.484
0.6754590677023874 0.48350000000000004
0.6754590677023874 0.483
0.6754590677023874 0.48250000000000004
0.6765227827696352 0.482
0.6775864978368831 0.48150000000000004
0.6775864978368831 0.481
0.678650212904131 0.48050000000000004
0.678650212904131 0.48
0.6797139279713788 0.47950000000000004
0.6797139279713788 0.479
0.6818413581058745 0.47850000000000004
0.6818413581058745 0.478
0.6818413581058745 0.47750000000000004
0.6829050731731223 0.477
0.6860962183748659 0.47650000000000003
0.6882236485093616 0.476
0.6882236485093616 0.47550000000000003
0.6892873635766095 0.475
0.6903510786438574 0.47450000000000003
0.6903510786438574 0.474
0.6903510786438574 0.47350000000000003
0.6935422238456009 0.473
0.6935422238456009 0.47250000000000003
0.6935422238456009 0.472
0.6946059389128487 0.47150000000000003
0.6956696539800966 0.471
0.6956696539800966 0.47050000000000003
0.6956696539800966 0.47
0.6956696539800966 0.46950000000000003
0.6967333690473445 0.469
0.6967333690473445 0.4685
0.6988607991818402 0.46799999999999997
0.7031156594508315 0.4675
0.7031156594508315 0.46699999999999997
0.7041793745180794 0.4665
0.707370519719823 0.46599999999999997
0.7094979498543187 0.4655
0.7105616649215666 0.46499999999999997
0.7116253799888144 0.4645
0.7126890950560623 0.46399999999999997
0.7126890950560623 0.4635
0.7137528101233102 0.46299999999999997
0.7137528101233102 0.4625
0.7148165251905579 0.46199999999999997
0.7148165251905579 0.4615
0.7158802402578058 0.46099999999999997
0.7169439553250537 0.4605
0.7180076703923015 0.45999999999999996
0.7190713854595494 0.4595
0.7201351005267973 0.45899999999999996
0.7211988155940451 0.4585
0.7211988155940451 0.45799999999999996
0.7243899607957887 0.4575
0.7254536758630366 0.45699999999999996
0.7254536758630366 0.4565
0.7254536758630366 0.45599999999999996
0.7254536758630366 0.4555
0.7265173909302843 0.45499999999999996
0.7275811059975322 0.4545
0.7275811059975322 0.45399999999999996
0.7275811059975322 0.4535
0.7275811059975322 0.45299999999999996
0.7286448210647801 0.4525
0.7286448210647801 0.45199999999999996
0.7307722511992758 0.4515
0.7307722511992758 0.45099999999999996
0.7328996813337715 0.4505
0.7350271114682672 0.44999999999999996
0.7350271114682672 0.4495
0.7350271114682672 0.44899999999999995
0.737154541602763 0.4485
0.737154541602763 0.44799999999999995
0.7403456868045065 0.4475
0.7403456868045065 0.44699999999999995
0.7403456868045065 0.4465
0.7414094018717543 0.44599999999999995
0.7424731169390022 0.4455
0.7424731169390022 0.44499999999999995
0.7424731169390022 0.4445
0.7424731169390022 0.44399999999999995
0.7435368320062501 0.4435
0.7467279772079936 0.44299999999999995
0.7477916922752414 0.4425
0.7477916922752414 0.44199999999999995
0.7477916922752414 0.4415
0.7499191224097371 0.44099999999999995
0.7499191224097371 0.4405
0.7499191224097371 0.43999999999999995
0.750982837476985 0.4395
0.7531102676114807 0.43899999999999995
0.7531102676114807 0.4385
0.7541739826787286 0.43799999999999994
0.7552376977459765 0.4375
0.7563014128132243 0.43700000000000006
0.7573651278804722 0.4365
0.7605562730822157 0.43600000000000005
0.7637474182839593 0.4355
0.7637474182839593 0.43500000000000005
0.7648111333512071 0.4345
0.765874848418455 0.43400000000000005
0.7690659936201986 0.4335
0.7690659936201986 0.43300000000000005
0.7690659936201986 0.4325
0.7701297086874463 0.43200000000000005
0.7722571388219421 0.4315
0.7722571388219421 0.43100000000000005
0.7754482840236857 0.4305
0.7765119990909335 0.43000000000000005
0.7765119990909335 0.4295
0.7775757141581814 0.42900000000000005
0.7775757141581814 0.4285
0.7775757141581814 0.42800000000000005
0.7775757141581814 0.4275
0.7797031442926771 0.42700000000000005
0.7797031442926771 0.4265
0.7797031442926771 0.42600000000000005
0.780766859359925 0.4255
0.7828942894944206 0.42500000000000004
0.7850217196289163 0.4245
0.7850217196289163 0.42400000000000004
0.7850217196289163 0.4235
0.7860854346961642 0.42300000000000004
0.7871491497634121 0.4225
0.7871491497634121 0.42200000000000004
0.7871491497634121 0.4215
0.7882128648306599 0.42100000000000004
0.7882128648306599 0.4205
0.7892765798979078 0.42000000000000004
0.7914040100324035 0.4195
0.794595155234147 0.41900000000000004
0.794595155234147 0.4185
0.794595155234147 0.41800000000000004
0.7967225853686427 0.4175
0.7977863004358906 0.41700000000000004
0.7977863004358906 0.4165
0.7988500155031385 0.41600000000000004
0.7988500155031385 0.4155
0.7999137305703863 0.41500000000000004
0.7999137305703863 0.4145
0.8009774456376342 0.41400000000000003
0.8009774456376342 0.4135
0.8009774456376342 0.41300000000000003
0.8031048757721299 0.4125
0.8041685908393778 0.41200000000000003
0.8041685908393778 0.4115
0.8041685908393778 0.41100000000000003
0.8062960209738734 0.4105
0.8062960209738734 0.41000000000000003
0.8073597360411213 0.4095
0.8084234511083691 0.40900000000000003
0.809487166175617 0.4085
0.809487166175617 0.40800000000000003
0.8116145963101127 0.4075
0.8126783113773606 0.40700000000000003
0.8137420264446085 0.4065
0.8137420264446085 0.406
0.8148057415118563 0.40549999999999997
0.8148057415118563 0.405
0.8148057415118563 0.40449999999999997
0.8158694565791041 0.404
0.8158694565791041 0.40349999999999997
0.8169331716463519 0.403
0.8169331716463519 0.40249999999999997
0.8179968867135998 0.402
0.8190606017808477 0.40149999999999997
0.8201243168480955 0.401
0.8211880319153434 0.40049999999999997
0.8222517469825913 0.4
0.8222517469825913 0.39949999999999997
0.8254428921843348 0.399
0.8254428921843348 0.39849999999999997
0.8265066072515826 0.398
0.8275703223188305 0.39749999999999996
0.8275703223188305 0.397
0.8275703223188305 0.39649999999999996
0.8286340373860783 0.396
0.8286340373860783 0.39549999999999996
0.8296977524533262 0.395
0.8296977524533262 0.39449999999999996
0.8296977524533262 0.394
0.8307614675205741 0.39349999999999996
0.8307614675205741 0.393
0.8328888976550698 0.39249999999999996
0.8328888976550698 0.392
0.8328888976550698 0.39149999999999996
0.8328888976550698 0.391
0.8339526127223177 0.39049999999999996
0.8339526127223177 0.39
0.8350163277895655 0.38949999999999996
0.8350163277895655 0.389
0.8360800428568134 0.38849999999999996
0.838207472991309 0.388
0.8413986181930526 0.38749999999999996
0.8413986181930526 0.387
0.8413986181930526 0.38649999999999995
0.8413986181930526 0.386
0.8456534784620441 0.38549999999999995
0.8477809085965398 0.385
0.8477809085965398 0.38449999999999995
0.8499083387310354 0.384
0.8499083387310354 0.38349999999999995
0.8509720537982833 0.383
0.8509720537982833 0.38249999999999995
0.8520357688655311 0.382
0.8520357688655311 0.38149999999999995
0.8520357688655311 0.381
0.853099483932779 0.38049999999999995
0.853099483932779 0.38
0.8541631990000269 0.37949999999999995
0.8552269140672747 0.379
0.8562906291345226 0.37849999999999995
0.8562906291345226 0.378
0.8573543442017705 0.37749999999999995
0.8573543442017705 0.377
0.8594817743362662 0.37649999999999995
0.8605454894035139 0.376
0.8658640647397533 0.37549999999999994
0.867991494874249 0.375
0.8690552099414969 0.37450000000000006
0.8701189250087447 0.374
0.8701189250087447 0.37350000000000005
0.8722463551432403 0.373
0.8722463551432403 0.37250000000000005
0.8733100702104882 0.372
0.8733100702104882 0.37150000000000005
0.8743737852777361 0.371
0.8754375003449839 0.37050000000000005
0.8754375003449839 0.37
0.8765012154122318 0.36950000000000005
0.8765012154122318 0.369
0.8765012154122318 0.36850000000000005
0.8775649304794797 0.368
0.8775649304794797 0.36750000000000005
0.8786286455467275 0.367
0.8786286455467275 0.36650000000000005
0.8796923606139754 0.366
0.8807560756812233 0.36550000000000005
0.881819790748471 0.365
0.881819790748471 0.36450000000000005
0.881819790748471 0.364
0.882883505815719 0.36350000000000005
0.8871383660847103 0.363
0.8871383660847103 0.36250000000000004
0.8924569414209497 0.362
0.8924569414209497 0.36150000000000004
0.8945843715554453 0.361
0.8956480866226931 0.36050000000000004
0.8956480866226931 0.36
0.896711801689941 0.35950000000000004
0.8977755167571889 0.359
0.8977755167571889 0.35850000000000004
0.8988392318244367 0.358
0.8999029468916846 0.35750000000000004
0.9020303770261803 0.357
0.9020303770261803 0.35650000000000004
0.9030940920934282 0.356
0.9052215222279238 0.35550000000000004
0.9062852372951717 0.355
0.9062852372951717 0.35450000000000004
0.9073489523624195 0.354
0.9073489523624195 0.35350000000000004
0.9105400975641631 0.353
0.9105400975641631 0.35250000000000004
0.9126675276986589 0.352
0.9137312427659067 0.35150000000000003
0.9147949578331546 0.351
0.9158586729004025 0.35050000000000003
0.9158586729004025 0.35
0.9169223879676502 0.34950000000000003
0.9169223879676502 0.349
0.9169223879676502 0.34850000000000003
0.9169223879676502 0.348
0.9179861030348981 0.34750000000000003
0.9179861030348981 0.347
0.9179861030348981 0.34650000000000003
0.9190498181021459 0.346
0.9190498181021459 0.34550000000000003
0.9211772482366417 0.345
0.9233046783711374 0.34450000000000003
0.9233046783711374 0.344
0.9233046783711374 0.3435
0.9233046783711374 0.34299999999999997
0.9233046783711374 0.3425
0.926495823572881 0.34199999999999997
0.926495823572881 0.3415
0.9296869687746245 0.34099999999999997
0.9307506838418723 0.3405
0.9318143989091202 0.33999999999999997
0.9318143989091202 0.3395
0.9328781139763681 0.33899999999999997
0.9328781139763681 0.3385
0.9328781139763681 0.33799999999999997
0.9371329742453595 0.3375
0.9371329742453595 0.33699999999999997
0.9371329742453595 0.3365
0.9381966893126074 0.33599999999999997
0.9381966893126074 0.3355
0.9392604043798553 0.33499999999999996
0.940324119447103 0.3345
0.9413878345143509 0.33399999999999996
0.9424515495815987 0.3335
0.9435152646488466 0.33299999999999996
0.9445789797160945 0.3325
0.9456426947833423 0.33199999999999996
0.9456426947833423 0.3315
0.9467064098505902 0.33099999999999996
0.9467064098505902 0.3305
0.9477701249178381 0.32999999999999996
0.9477701249178381 0.3295
0.9488338399850859 0.32899999999999996
0.9498975550523338 0.3285
0.9509612701195816 0.32799999999999996
0.9520249851868294 0.3275
0.9530887002540773 0.32699999999999996
0.9530887002540773 0.3265
0.9541524153213251 0.32599999999999996
0.9562798454558209 0.3255
0.9573435605230687 0.32499999999999996
0.9584072755903166 0.3245
0.9584072755903166 0.32399999999999995
0.9584072755903166 0.3235
0.9594709906575645 0.32299999999999995
0.9605347057248123 0.3225
0.9605347057248123 0.32199999999999995
0.9605347057248123 0.3215
0.9615984207920601 0.32099999999999995
0.9615984207920601 0.3205
0.962662135859308 0.31999999999999995
0.9647895659938037 0.3195
0.9647895659938037 0.31899999999999995
0.9647895659938037 0.3185
0.9647895659938037 0.31799999999999995
0.9658532810610515 0.3175
0.9658532810610515 0.31699999999999995
0.9669169961282994 0.3165
0.9679807111955473 0.31599999999999995
0.9679807111955473 0.3155
0.9679807111955473 0.31499999999999995
0.9722355714645387 0.3145
0.9732992865317865 0.31399999999999995
0.9732992865317865 0.3135
0.9764904317335301 0.31299999999999994
0.9775541468007779 0.3125
0.9775541468007779 0.31200000000000006
0.9775541468007779 0.3115
0.9786178618680258 0.31100000000000005
0.9786178618680258 0.3105
0.9796815769352737 0.31000000000000005
0.9807452920025215 0.3095
0.9807452920025215 0.30900000000000005
0.9818090070697694 0.3085
0.9818090070697694 0.30800000000000005
0.9818090070697694 0.3075
0.9818090070697694 0.30700000000000005
0.9828727221370173 0.3065
0.9828727221370173 0.30600000000000005
0.9828727221370173 0.3055
0.983936437204265 0.30500000000000005
0.9850001522715129 0.3045
0.9860638673387608 0.30400000000000005
0.9860638673387608 0.3035
0.9881912974732565 0.30300000000000005
0.9881912974732565 0.3025
0.9892550125405043 0.30200000000000005
0.9892550125405043 0.3015
0.9913824426750001 0.30100000000000005
0.9924461577422479 0.3005
0.9924461577422479 0.30000000000000004
0.9935098728094958 0.2995
0.9945735878767437 0.29900000000000004
0.9956373029439914 0.2985
0.9956373029439914 0.29800000000000004
0.9977647330784872 0.2975
0.9998921632129829 0.29700000000000004
1.0009558782802308 0.2965
1.0020195933474787 0.29600000000000004
1.0020195933474787 0.2955
1.0052107385492222 0.29500000000000004
1.007338168683718 0.2945
1.0105293138854614 0.29400000000000004
1.0105293138854614 0.2935
1.0115930289527093 0.29300000000000004
1.0115930289527093 0.2925
1.0169116042889486 0.29200000000000004
1.0179753193561965 0.2915
1.0179753193561965 0.29100000000000004
1.0222301796251878 0.2905
1.0243576097596836 0.29000000000000004
1.0254213248269315 0.2895
1.0264850398941792 0.28900000000000003
1.027548754961427 0.2885
1.028612470028675 0.28800000000000003
1.0296761850959228 0.2875
1.0307399001631707 0.28700000000000003
1.0318036152304184 0.2865
1.0328673302976663 0.28600000000000003
1.0328673302976663 0.2855
1.0328673302976663 0.28500000000000003
1.034994760432162 0.2845
1.0381859056339056 0.28400000000000003
1.0381859056339056 0.2835
1.0381859056339056 0.28300000000000003
1.0381859056339056 0.2825
1.0392496207011535 0.28200000000000003
1.0403133357684013 0.2815
1.0413770508356492 0.281
1.0445681960373927 0.28049999999999997
1.0445681960373927 0.28
1.0466956261718885 0.27949999999999997
1.0520142015081277 0.279
1.0520142015081277 0.27849999999999997
1.0520142015081277 0.278
1.0541416316426235 0.27749999999999997
1.056269061777119 0.277
1.0594602069788628 0.27649999999999997
1.0594602069788628 0.276
1.0605239220461107 0.27549999999999997
1.0615876371133584 0.275
1.0615876371133584 0.27449999999999997
1.064778782315102 0.274
1.0669062124495976 0.27349999999999997
1.0679699275168455 0.273
1.0690336425840934 0.27249999999999996
1.0700973576513413 0.272
1.072224787785837 0.27149999999999996
1.0764796480548284 0.271
1.0764796480548284 0.27049999999999996
1.0817982233910677 0.27
1.0828619384583156 0.26949999999999996
1.0828619384583156 0.269
1.0828619384583156 0.26849999999999996
1.086053083660059 0.268
1.086053083660059 0.26749999999999996
1.087116798727307 0.267
1.087116798727307 0.26649999999999996
1.0881805137945548 0.266
1.0913716589962983 0.26549999999999996
1.0913716589962983 0.265
1.0924353740635462 0.26449999999999996
1.093499089130794 0.264
1.094562804198042 0.26349999999999996
1.094562804198042 0.263
1.094562804198042 0.26249999999999996
1.094562804198042 0.262
1.0956265192652899 0.26149999999999995
1.0977539493997854 0.261
1.0988176644670333 0.26049999999999995
1.0988176644670333 0.26
1.1020088096687768 0.25949999999999995
1.1030725247360247 0.259
1.1051999548705205 0.25849999999999995
1.1062636699377684 0.258
1.108391100072264 0.25749999999999995
1.108391100072264 0.257
1.1094548151395118 0.25649999999999995
1.1115822452740076 0.256
1.1115822452740076 0.25549999999999995
1.1126459603412555 0.255
1.114773390475751 0.25449999999999995
1.1169008206102469 0.254
1.1179645356774948 0.25349999999999995
1.1179645356774948 0.253
1.1200919658119903 0.25249999999999995
1.1222193959464861 0.252
1.123283111013734 0.25149999999999995
1.124346826080982 0.251
1.1264742562154775 0.25049999999999994
1.1286016863499733 0.25
1.1286016863499733 0.24950000000000006
1.1296654014172212 0.249
1.130729116484469 0.24850000000000005
1.1317928315517167 0.248
1.1339202616862125 0.24750000000000005
1.1349839767534604 0.247
1.1381751219552039 0.24650000000000005
1.1403025520896997 0.246
1.145621127425939 0.24550000000000005
1.145621127425939 0.245
1.145621127425939 0.24450000000000005
1.1541308479639218 0.244
1.1541308479639218 0.24350000000000005
1.1541308479639218 0.243
1.1573219931656653 0.24250000000000005
1.1583857082329132 0.242
1.1605131383674088 0.24150000000000005
1.1605131383674088 0.241
1.1615768534346567 0.24050000000000005
1.1626405685019046 0.24
1.1700865739726396 0.23950000000000005
1.1711502890398875 0.239
1.1711502890398875 0.23850000000000005
1.1711502890398875 0.238
1.1722140041071352 0.23750000000000004
1.173277719174383 0.237
1.173277719174383 0.23650000000000004
1.174341434241631 0.236
1.174341434241631 0.23550000000000004
1.174341434241631 0.235
1.174341434241631 0.23450000000000004
1.174341434241631 0.23399999999999999
1.174341434241631 0.23350000000000004
1.1775325794433744 0.23299999999999998
1.1796600095778702 0.23250000000000004
1.181787439712366 0.23199999999999998
1.181787439712366 0.23150000000000004
1.1849785849141095 0.23099999999999998
1.1871060150486052 0.23050000000000004
1.1881697301158531 0.22999999999999998
1.1881697301158531 0.22950000000000004
1.1934883054520924 0.22899999999999998
1.195615735586588 0.22850000000000004
1.1966794506538359 0.22799999999999998
1.1966794506538359 0.22750000000000004
1.1977431657210837 0.22699999999999998
1.2051891711918188 0.22650000000000003
1.2083803163935622 0.22599999999999998
1.2083803163935622 0.22550000000000003
1.211571461595306 0.22499999999999998
1.2136988917298015 0.22450000000000003
1.2168900369315452 0.22399999999999998
1.2200811821332886 0.22350000000000003
1.2211448972005365 0.22299999999999998
1.2211448972005365 0.22250000000000003
1.22433604240228 0.22199999999999998
1.225399757469528 0.22150000000000003
1.2264634725367758 0.22099999999999997
1.2285909026712716 0.22050000000000003
1.2285909026712716 0.21999999999999997
1.2296546177385195 0.21950000000000003
1.231782047873015 0.21899999999999997
1.2339094780075108 0.21850000000000003
1.2339094780075108 0.21799999999999997
1.2349731930747587 0.21750000000000003
1.2371006232092543 0.21699999999999997
1.2371006232092543 0.21650000000000003
1.2371006232092543 0.21599999999999997
1.23922805334375 0.21550000000000002
1.2424191985454935 0.21499999999999997
1.2445466286799893 0.21450000000000002
1.2456103437472372 0.21399999999999997
1.2466740588144851 0.21350000000000002
1.2466740588144851 0.21299999999999997
1.2477377738817328 0.21250000000000002
1.2477377738817328 0.21199999999999997
1.2477377738817328 0.21150000000000002
1.2477377738817328 0.21099999999999997
1.2488014889489807 0.21050000000000002
1.2498652040162286 0.20999999999999996
1.2498652040162286 0.20950000000000002
1.2498652040162286 0.20899999999999996
1.2530563492179723 0.20850000000000002
1.2573112094869636 0.20799999999999996
1.2583749245542115 0.20750000000000002
1.260502354688707 0.20699999999999996
1.261566069755955 0.20650000000000002
1.2626297848232029 0.20599999999999996
1.2626297848232029 0.20550000000000002
1.2636934998904508 0.20499999999999996
1.2636934998904508 0.20450000000000002
1.2636934998904508 0.20399999999999996
1.2636934998904508 0.20350000000000001
1.2722032204284335 0.20299999999999996
1.2743306505629293 0.2025
1.2743306505629293 0.20199999999999996
1.276458080697425 0.2015
1.2796492258991685 0.20099999999999996
1.2817766560336643 0.2005
1.282840371100912 0.19999999999999996
1.282840371100912 0.1995
1.282840371100912 0.19899999999999995
1.2839040861681599 0.1985
1.2839040861681599 0.19799999999999995
1.2870952313699036 0.1975
1.2870952313699036 0.19699999999999995
1.2881589464371515 0.1965
1.290286376571647 0.19599999999999995
1.2924138067061428 0.1955
1.2966686669751342 0.19499999999999995
1.297732382042382 0.1945
1.2998598121768778 0.19399999999999995
1.3009235272441255 0.1935
1.3009235272441255 0.19299999999999995
1.3009235272441255 0.1925
1.3009235272441255 0.19199999999999995
1.305178387513117 0.1915
1.305178387513117 0.19099999999999995
1.3062421025803648 0.1905
1.3062421025803648 0.18999999999999995
1.3073058176476127 0.1895
1.3083695327148606 0.18899999999999995
1.312624392983852 0.1885
1.3136881080510998 0.18799999999999994
1.3158155381855956 0.1875
1.3168792532528435 0.18700000000000006
1.3179429683200912 0.1865
1.3253889737908262 0.18600000000000005
1.327516403925322 0.1855
1.3317712641943134 0.18500000000000005
1.3338986943288091 0.1845
1.334962409396057 0.18400000000000005
1.334962409396057 0.1835
1.3360261244633047 0.18300000000000005
1.3360261244633047 0.1825
1.3360261244633047 0.18200000000000005
1.3402809847322963 0.1815
1.341344699799544 0.18100000000000005
1.341344699799544 0.1805
1.3466632751357834 0.18000000000000005
1.3466632751357834 0.1795
1.3466632751357834 0.17900000000000005
1.348790705270279 0.1785
1.3583641408755098 0.17800000000000005
1.3626190011445012 0.1775
1.3626190011445012 0.17700000000000005
1.3626190011445012 0.1765
1.3626190011445012 0.17600000000000005
1.363682716211749 0.1755
1.3647464312789968 0.17500000000000004
1.3647464312789968 0.1745
1.3647464312789968 0.17400000000000004
1.3668738614134925 0.1735
1.3668738614134925 0.17300000000000004
1.3732561518169797 0.1725
1.3732561518169797 0.17200000000000004
1.3753835819514755 0.17149999999999999
1.377511012085971 0.17100000000000004
1.377511012085971 0.17049999999999998
1.3828295874222103 0.17000000000000004
1.3838933024894582 0.16949999999999998
1.386020732623954 0.16900000000000004
1.386020732623954 0.16849999999999998
1.3870844476912019 0.16800000000000004
1.3881481627584495 0.16749999999999998
1.3892118778256974 0.16700000000000004
1.3902755928929453 0.16649999999999998
1.3913393079601932 0.16600000000000004
1.3924030230274411 0.16549999999999998
1.393466738094689 0.16500000000000004
1.393466738094689 0.16449999999999998
1.3955941682291846 0.16400000000000003
1.3987853134309283 0.16349999999999998
1.399849028498176 0.16300000000000003
1.4009127435654238 0.16249999999999998
1.4009127435654238 0.16200000000000003
1.4030401736999196 0.16149999999999998
1.4041038887671675 0.16100000000000003
1.407295033968911 0.16049999999999998
1.407295033968911 0.16000000000000003
1.407295033968911 0.15949999999999998
1.4083587490361589 0.15900000000000003
1.4104861791706547 0.15849999999999997
1.4115498942379023 0.15800000000000003
1.4115498942379023 0.15749999999999997
1.4136773243723981 0.15700000000000003
1.4136773243723981 0.15649999999999997
1.4136773243723981 0.15600000000000003
1.4179321846413895 0.15549999999999997
1.4200596147758853 0.15500000000000003
1.4211233298431332 0.15449999999999997
1.422187044910381 0.15400000000000003
1.4232507599776287 0.15349999999999997
1.4243144750448766 0.15300000000000002
1.4243144750448766 0.15249999999999997
1.4264419051793724 0.15200000000000002
1.4296330503811159 0.15149999999999997
1.4338879106501075 0.15100000000000002
1.4349516257173551 0.15049999999999997
1.436015340784603 0.15000000000000002
1.4413339161208423 0.14949999999999997
1.443461346255338 0.14900000000000002
1.443461346255338 0.14849999999999997
1.4455887763898339 0.14800000000000002
1.4466524914570815 0.14749999999999996
1.4487799215915773 0.14700000000000002
1.4498436366588252 0.14649999999999996
1.450907351726073 0.14600000000000002
1.450907351726073 0.14549999999999996
1.451971066793321 0.14500000000000002
1.4562259270623124 0.14449999999999996
1.458353357196808 0.14400000000000002
1.458353357196808 0.14349999999999996
1.4615445023985516 0.14300000000000002
1.4626082174657995 0.14249999999999996
1.464735647600295 0.14200000000000002
1.4679267928020387 0.14149999999999996
1.4700542229365343 0.14100000000000001
1.4700542229365343 0.14049999999999996
1.473245368138278 0.14
1.473245368138278 0.13949999999999996
1.474309083205526 0.139
1.474309083205526 0.13849999999999996
1.4753727982727738 0.138
1.4764365133400215 0.13749999999999996
1.4764365133400215 0.137
1.4828188037435086 0.13649999999999995
1.4838825188107565 0.136
1.4849462338780044 0.13549999999999995
1.4860099489452523 0.135
1.4860099489452523 0.13449999999999995
1.4902648092142436 0.134
1.495583384550483 0.13349999999999995
1.495583384550483 0.133
1.4966470996177308 0.13249999999999995
1.4977108146849787 0.132
1.4987745297522266 0.13149999999999995
1.4998382448194743 0.131
1.5009019598867221 0.13049999999999995
1.5051568201557135 0.13
1.5062205352229614 0.12949999999999995
1.509411680424705 0.129
1.5126028256264485 0.12849999999999995
1.5157939708281922 0.128
1.5157939708281922 0.12749999999999995
1.5157939708281922 0.127
1.51685768589544 0.12649999999999995
1.5179214009626878 0.126
1.524303691366175 0.12549999999999994
1.5264311215006707 0.125
1.5274948365679186 0.12450000000000006
1.5274948365679186 0.124
1.5285585516351663 0.12350000000000005
1.5285585516351663 0.123
1.530685981769662 0.12250000000000005
1.53174969683691 0.122
1.5402594173748927 0.12150000000000005
1.5466417077783798 0.121
1.5551514283163628 0.12050000000000005
1.5572788584508586 0.12
1.5583425735181062 0.11950000000000005
1.560470003652602 0.119
1.560470003652602 0.11850000000000005
1.5647248639215934 0.118
1.567916009123337 0.11750000000000005
1.568979724190585 0.11699999999999999
1.5700434392578326 0.11650000000000005
1.5711071543250805 0.11599999999999999
1.5753620145940719 0.11550000000000005
1.5806805899303114 0.11499999999999999
1.582808020064807 0.11450000000000005
1.5859991652665506 0.11399999999999999
1.5870628803337983 0.11350000000000005
1.5870628803337983 0.11299999999999999
1.589190310468294 0.11250000000000004
1.589190310468294 0.11199999999999999
1.590254025535542 0.11150000000000004
1.5934451707372854 0.11099999999999999
1.5955726008717812 0.11050000000000004
1.5987637460735247 0.10999999999999999
1.6008911762080205 0.10950000000000004
1.6019548912752684 0.10899999999999999
1.6051460364770118 0.10850000000000004
1.6147194720822426 0.10799999999999998
1.6157831871494905 0.10750000000000004
1.6168469022167382 0.10699999999999998
1.6168469022167382 0.10650000000000004
1.6168469022167382 0.10599999999999998
1.618974332351234 0.10550000000000004
1.6328026282254562 0.10499999999999998
1.6370574884944475 0.10450000000000004
1.6381212035616954 0.10399999999999998
1.6391849186289433 0.10350000000000004
1.6391849186289433 0.10299999999999998
1.6423760638306868 0.10250000000000004
1.6445034939651826 0.10199999999999998
1.6466309240996782 0.10150000000000003
1.6498220693014218 0.10099999999999998
1.6508857843686695 0.10050000000000003
1.6530132145031653 0.09999999999999998
1.6530132145031653 0.09950000000000003
1.6540769295704132 0.09899999999999998
1.6572680747721567 0.09850000000000003
1.6593955049066524 0.09799999999999998
1.6636503651756438 0.09750000000000003
1.6657777953101396 0.09699999999999998
1.6657777953101396 0.09650000000000003
1.6721600857136267 0.09599999999999997
1.6753512309153702 0.09550000000000003
1.6785423761171139 0.09499999999999997
1.6817335213188573 0.09450000000000003
1.6827972363861052 0.09399999999999997
1.6881158117223445 0.09350000000000003
1.6891795267895924 0.09299999999999997
1.6902432418568403 0.09250000000000003
1.6913069569240882 0.09199999999999997
1.6923706719913358 0.09150000000000003
1.6966255322603274 0.09099999999999997
1.698752962394823 0.09050000000000002
1.698752962394823 0.08999999999999997
1.7008803925293188 0.08950000000000002
1.7019441075965667 0.08899999999999997
1.7030078226638146 0.08850000000000002
1.7051352527983101 0.08799999999999997
1.707262682932806 0.08750000000000002
1.7093901130673015 0.08699999999999997
1.7189635486725323 0.08650000000000002
1.7210909788070279 0.08599999999999997
1.7317281294795066 0.08550000000000002
1.7327918445467543 0.08499999999999996
1.7327918445467543 0.08450000000000002
1.7370467048157459 0.08399999999999996
1.7391741349502414 0.08350000000000002
1.743428995219233 0.08299999999999996
1.7487475705554723 0.08250000000000002
1.7604484362951986 0.08199999999999996
1.765767011631438 0.08150000000000002
1.7678944417659335 0.08099999999999996
1.7689581568331814 0.08050000000000002
1.7700218719004293 0.07999999999999996
1.7753404472366685 0.07950000000000002
1.7774678773711643 0.07899999999999996
1.7785315924384122 0.07850000000000001
1.7795953075056599 0.07799999999999996
1.7827864527074035 0.07750000000000001
1.7827864527074035 0.07699999999999996
1.7849138828418993 0.07650000000000001
1.7849138828418993 0.07599999999999996
1.785977597909147 0.07550000000000001
1.785977597909147 0.07499999999999996
1.7891687431108907 0.07450000000000001
1.7902324581781386 0.07399999999999995
1.7923598883126342 0.07350000000000001
1.793423603379882 0.07299999999999995
1.79448731844713 0.07250000000000001
1.79448731844713 0.07199999999999995
1.79448731844713 0.07150000000000001
1.801933323917865 0.07099999999999995
1.8051244691196084 0.07050000000000001
1.8061881841868563 0.06999999999999995
1.8072518992541042 0.0695
1.8093793293885998 0.06899999999999995
1.815761619792087 0.0685
1.8200164800610785 0.06799999999999995
1.8210801951283262 0.0675
1.8242713403300699 0.06699999999999995
1.8253350553973178 0.0665
1.8380996362042918 0.06599999999999995
1.8412907814060355 0.0655
1.8412907814060355 0.06499999999999995
1.8412907814060355 0.0645
1.8487367868767706 0.06399999999999995
1.8487367868767706 0.0635
1.8498005019440182 0.06299999999999994
1.8498005019440182 0.0625
1.8551190772802577 0.062000000000000055
1.8561827923475054 0.0615
1.859373937549249 0.061000000000000054
1.8625650827509925 0.0605
1.8657562279527362 0.06000000000000005
1.8753296635579668 0.0595
1.8763933786252147 0.05900000000000005
1.8763933786252147 0.058499999999999996
1.8785208087597105 0.05800000000000005
1.8795845238269582 0.057499999999999996
1.889157959432189 0.05700000000000005
1.890221674499437 0.056499999999999995
1.8944765347684283 0.05600000000000005
1.9008588251719154 0.055499999999999994
1.9146871210461374 0.05500000000000005
1.9221331265168724 0.05449999999999999
1.9274517018531117 0.05400000000000005
1.9274517018531117 0.05349999999999999
1.9348977073238467 0.05300000000000005
1.939152567592838 0.05249999999999999
1.9444711429290773 0.052000000000000046
1.946598573063573 0.05149999999999999
1.9487260031980689 0.051000000000000045
1.9487260031980689 0.05049999999999999
1.9508534333325644 0.050000000000000044
1.9529808634670602 0.04949999999999999
1.9551082936015558 0.049000000000000044
1.9593631538705474 0.04849999999999999
1.9636180141395387 0.04800000000000004
1.9646817292067866 0.04749999999999999
1.9657454442740345 0.04700000000000004
1.968936589475778 0.046499999999999986
1.9742551648120172 0.04600000000000004
1.9795737401482565 0.045499999999999985
1.9817011702827523 0.04500000000000004
1.9859560305517436 0.044499999999999984
1.9955294661569745 0.04400000000000004
1.99765689629147 0.04349999999999998
1.99765689629147 0.04300000000000004
1.9997843264259658 0.04249999999999998
2.014676337367436 0.04200000000000004
2.0263772031071623 0.04149999999999998
2.034886923645145 0.041000000000000036
2.0380780688468887 0.04049999999999998
2.0476515044521193 0.040000000000000036
2.054033794855606 0.03949999999999998
2.076371811267811 0.039000000000000035
2.077435526335059 0.03849999999999998
2.078499241402307 0.038000000000000034
2.079562956469555 0.03749999999999998
2.091263822209281 0.03700000000000003
2.094454967411025 0.03649999999999998
2.0955186824782728 0.03600000000000003
2.1029646879490076 0.035499999999999976
2.1050921180835034 0.03500000000000003
2.113601838621486 0.034499999999999975
2.11679298382323 0.03400000000000003
2.1199841290249735 0.033499999999999974
2.1253027043612125 0.03300000000000003
2.1274301344957083 0.03249999999999997
2.128493849562956 0.03200000000000003
2.134876139966443 0.03149999999999997
2.137003570100939 0.031000000000000028
2.1635964467821354 0.03049999999999997
2.166787591983879 0.030000000000000027
2.1752973125218618 0.02949999999999997
2.1912530385305797 0.029000000000000026
2.192316753597827 0.02849999999999997
2.2125273398755367 0.028000000000000025
2.2189096302790237 0.02749999999999997
2.2444387918929722 0.027000000000000024
2.250821082296459 0.026499999999999968
2.2784776740449035 0.026000000000000023
2.2869873945828862 0.025499999999999967
2.2944334000536215 0.025000000000000022
2.302943120591604 0.024499999999999966
2.310389126062339 0.02400000000000002
2.3157077013985785 0.023499999999999965
2.327408567138305 0.02300000000000002
2.347619153416014 0.022499999999999964
2.3518740136850056 0.02200000000000002
2.3582563040884925 0.021499999999999964
2.3603837342229883 0.02100000000000002
2.369957169828219 0.020499999999999963
2.3752757451644584 0.020000000000000018
2.408250912249142 0.019499999999999962
2.423142923190612 0.019000000000000017
2.4550543752080474 0.01849999999999996
2.4699463861495174 0.018000000000000016
2.4710101012167653 0.01749999999999996
2.4922844025617223 0.017000000000000015
2.5039852683014487 0.01649999999999996
2.517813564175671 0.016000000000000014
2.5188772792429184 0.015499999999999958
2.5337692901843885 0.015000000000000013
2.5358967203188842 0.014499999999999957
2.551852446327602 0.014000000000000012
2.560362166865585 0.013499999999999956
2.5646170271345765 0.013000000000000012
2.566744457269072 0.012499999999999956
2.5944010490175162 0.01200000000000001
2.603974484622747 0.011499999999999955
2.611420490093482 0.01100000000000001
2.634822221572935 0.010499999999999954
2.6518416626489003 0.010000000000000009
2.661415098254131 0.009499999999999953
2.7050274160112933 0.009000000000000008
2.71140970641478 0.008499999999999952
2.7986343419291044 0.008000000000000007
2.8273546487447963 0.007499999999999951
2.831609509013788 0.007000000000000006
2.9007509883848983 0.00649999999999995
2.9050058486538894 0.006000000000000005
2.9124518541246247 0.005499999999999949
2.9741473280250004 0.0050000000000000044
3.0954108456912555 0.0044999999999999485
3.0975382758257513 0.0040000000000000036
3.1230674374397 0.0034999999999999476
3.160297464793375 0.0030000000000000027
3.186890341474571 0.0024999999999999467
3.551744609540585 0.0020000000000000018
3.5698277656837987 0.0014999999999999458
3.8857511406564114 0.0010000000000000009
3.953828904960274 0.0004999999999999449
