# Normalized_Asset_Abs CCDF_Value
0.002878056154539389 0.9995
0.002878056154539389 0.999
0.003837408206052519 0.9985
0.003837408206052519 0.998
0.005756112309078778 0.9975
0.005756112309078778 0.997
0.005756112309078778 0.9965
0.005756112309078778 0.996
0.006715464360591908 0.9955
0.007674816412105038 0.995
0.008634168463618168 0.9945
0.008634168463618168 0.994
0.008634168463618168 0.9935
0.008634168463618168 0.993
0.008634168463618168 0.9925
0.008634168463618168 0.992
0.010552872566644427 0.9915
0.010552872566644427 0.991
0.010552872566644427 0.9905
0.011512224618157556 0.99
0.012471576669670685 0.9895
0.013430928721183816 0.989
0.013430928721183816 0.9885
0.015349632824210075 0.988
0.015349632824210075 0.9875
0.016308984875723204 0.987
0.016308984875723204 0.9865
0.017268336927236335 0.986
0.018227688978749462 0.9855
0.018227688978749462 0.985
0.018227688978749462 0.9845
0.018227688978749462 0.984
0.019187041030262593 0.9835
0.019187041030262593 0.983
0.019187041030262593 0.9825
0.021105745133288854 0.982
0.021105745133288854 0.9815
0.021105745133288854 0.981
0.02206509718480198 0.9805
0.02206509718480198 0.98
0.02206509718480198 0.9795
0.023983801287828243 0.979
0.023983801287828243 0.9785
0.02494315333934137 0.978
0.02494315333934137 0.9775
0.02494315333934137 0.977
0.0259025053908545 0.9765
0.0259025053908545 0.976
0.02686185744236763 0.9755
0.02686185744236763 0.975
0.027821209493880762 0.9745
0.02878056154539389 0.974
0.02878056154539389 0.9735
0.02973991359690702 0.973
0.02973991359690702 0.9725
0.03165861769993328 0.972
0.03165861769993328 0.9715
0.03261796975144641 0.971
0.03261796975144641 0.9705
0.03357732180295954 0.97
0.03453667385447267 0.9695
0.03453667385447267 0.969
0.0354960259059858 0.9685
0.0354960259059858 0.968
0.0354960259059858 0.9675
0.036455377957498925 0.967
0.038374082060525186 0.9665
0.038374082060525186 0.966
0.038374082060525186 0.9655
0.03933343411203832 0.965
0.03933343411203832 0.9645
0.04029278616355145 0.964
0.04125213821506458 0.9635
0.04125213821506458 0.963
0.04125213821506458 0.9625
0.04125213821506458 0.962
0.04221149026657771 0.9615
0.04317084231809083 0.961
0.04413019436960396 0.9605
0.04413019436960396 0.96
0.04413019436960396 0.9595
0.045089546421117094 0.959
0.046048898472630224 0.9585
0.046048898472630224 0.958
0.047008250524143355 0.9575
0.047967602575656486 0.957
0.048926954627169617 0.9565
0.048926954627169617 0.956
0.04988630667868274 0.9555
0.04988630667868274 0.955
0.04988630667868274 0.9545
0.04988630667868274 0.954
0.05084565873019587 0.9535
0.051805010781709 0.953
0.05372371488473526 0.9525
0.054683066936248394 0.952
0.054683066936248394 0.9515
0.054683066936248394 0.951
0.055642418987761524 0.9505
0.055642418987761524 0.95
0.055642418987761524 0.9495
0.055642418987761524 0.949
0.05660177103927465 0.9485
0.05660177103927465 0.948
0.05660177103927465 0.9475
0.05660177103927465 0.947
0.05660177103927465 0.9465
0.05756112309078778 0.946
0.05756112309078778 0.9455
0.05852047514230091 0.945
0.05947982719381404 0.9445
0.06043917924532717 0.944
0.0613985312968403 0.9435
0.0613985312968403 0.943
0.06235788334835343 0.9425
0.06331723539986656 0.942
0.06523593950289282 0.9415
0.06523593950289282 0.9410000000000001
0.06619529155440594 0.9405
0.06715464360591908 0.94
0.06715464360591908 0.9395
0.06907334770894534 0.9390000000000001
0.06907334770894534 0.9385
0.06907334770894534 0.938
0.07003269976045846 0.9375
0.07003269976045846 0.937
0.07195140386348473 0.9365
0.07195140386348473 0.9359999999999999
0.07195140386348473 0.9355
0.07291075591499785 0.935
0.07291075591499785 0.9345
0.07387010796651099 0.9339999999999999
0.07387010796651099 0.9335
0.07482946001802411 0.933
0.07578881206953725 0.9325
0.07578881206953725 0.9319999999999999
0.07674816412105037 0.9315
0.07770751617256351 0.931
0.07866686822407663 0.9305
0.07866686822407663 0.9299999999999999
0.07866686822407663 0.9295
0.07962622027558976 0.929
0.0805855723271029 0.9285
0.08250427643012916 0.928
0.08538233258466854 0.9275
0.08538233258466854 0.927
0.08538233258466854 0.9265
0.08634168463618166 0.926
0.0873010366876948 0.9255
0.0873010366876948 0.925
0.0873010366876948 0.9245
0.08826038873920793 0.924
0.08921974079072106 0.9235
0.08921974079072106 0.923
0.08921974079072106 0.9225
0.08921974079072106 0.922
0.09017909284223419 0.9215
0.09017909284223419 0.921
0.09113844489374733 0.9205
0.09113844489374733 0.92
0.09401650104828671 0.9195
0.09401650104828671 0.919
0.09401650104828671 0.9185
0.09401650104828671 0.918
0.09497585309979983 0.9175
0.09497585309979983 0.917
0.09497585309979983 0.9165
0.09593520515131297 0.916
0.09593520515131297 0.9155
0.0968945572028261 0.915
0.0968945572028261 0.9145
0.0968945572028261 0.914
0.09785390925433923 0.9135
0.09785390925433923 0.913
0.09881326130585236 0.9125
0.09977261335736548 0.912
0.09977261335736548 0.9115
0.10169131746039174 0.911
0.103610021563418 0.9105
0.103610021563418 0.91
0.10552872566644426 0.9095
0.10648807771795739 0.909
0.10648807771795739 0.9085
0.10648807771795739 0.908
0.10744742976947053 0.9075
0.10840678182098365 0.907
0.10936613387249679 0.9065
0.10936613387249679 0.906
0.11128483797552305 0.9055
0.11224419002703617 0.905
0.11224419002703617 0.9045
0.11224419002703617 0.904
0.11224419002703617 0.9035
0.1132035420785493 0.903
0.11416289413006243 0.9025
0.11416289413006243 0.902
0.11416289413006243 0.9015
0.11416289413006243 0.901
0.11512224618157556 0.9005
0.1160815982330887 0.9
0.1160815982330887 0.8995
0.11895965438762808 0.899
0.11895965438762808 0.8985
0.1199190064391412 0.898
0.1199190064391412 0.8975
0.1199190064391412 0.897
0.12087835849065434 0.8965
0.12183771054216747 0.896
0.1227970625936806 0.8955
0.1227970625936806 0.895
0.12375641464519373 0.8945
0.12375641464519373 0.894
0.12471576669670686 0.8935
0.12471576669670686 0.893
0.12471576669670686 0.8925
0.12567511874822 0.892
0.1285531749027594 0.8915
0.1285531749027594 0.891
0.1295125269542725 0.8905
0.1295125269542725 0.89
0.13143123105729876 0.8895
0.13239058310881188 0.889
0.13334993516032503 0.8885
0.13334993516032503 0.888
0.13526863926335128 0.8875
0.1391060474694038 0.887
0.14006539952091693 0.8865
0.14102475157243005 0.886
0.14102475157243005 0.8855
0.14102475157243005 0.885
0.1419841036239432 0.8845
0.14294345567545633 0.884
0.14390280772696945 0.8835
0.14390280772696945 0.883
0.14486215977848257 0.8825000000000001
0.14486215977848257 0.882
0.14486215977848257 0.8815
0.1458215118299957 0.881
0.14678086388150885 0.8805000000000001
0.14678086388150885 0.88
0.14678086388150885 0.8795
0.14678086388150885 0.879
0.14774021593302197 0.8785000000000001
0.14774021593302197 0.878
0.14965892003604822 0.8775
0.14965892003604822 0.877
0.14965892003604822 0.8765000000000001
0.15061827208756137 0.876
0.1515776241390745 0.8755
0.1515776241390745 0.875
0.15253697619058762 0.8745
0.15253697619058762 0.874
0.15253697619058762 0.8734999999999999
0.15349632824210074 0.873
0.15349632824210074 0.8725
0.15349632824210074 0.872
0.15445568029361387 0.8714999999999999
0.15637438439664014 0.871
0.15637438439664014 0.8705
0.15733373644815327 0.87
0.15733373644815327 0.8694999999999999
0.1582930884996664 0.869
0.1582930884996664 0.8685
0.1582930884996664 0.868
0.1582930884996664 0.8674999999999999
0.1592524405511795 0.867
0.1592524405511795 0.8665
0.16021179260269267 0.866
0.1611711446542058 0.8654999999999999
0.1611711446542058 0.865
0.1621304967057189 0.8645
0.16308984875723204 0.864
0.16308984875723204 0.8634999999999999
0.16308984875723204 0.863
0.1650085528602583 0.8625
0.16596790491177144 0.862
0.16692725696328456 0.8614999999999999
0.16788660901479768 0.861
0.16788660901479768 0.8605
0.16788660901479768 0.86
0.16884596106631083 0.8594999999999999
0.16884596106631083 0.859
0.16980531311782396 0.8585
0.16980531311782396 0.858
0.16980531311782396 0.8575
0.17076466516933708 0.857
0.17076466516933708 0.8565
0.17076466516933708 0.856
0.1717240172208502 0.8555
0.1717240172208502 0.855
0.17268336927236333 0.8545
0.17364272132387648 0.854
0.17364272132387648 0.8535
0.17364272132387648 0.853
0.1746020733753896 0.8525
0.1746020733753896 0.852
0.17556142542690273 0.8515
0.17652077747841585 0.851
0.17652077747841585 0.8505
0.17652077747841585 0.85
0.17652077747841585 0.8495
0.177480129529929 0.849
0.177480129529929 0.8485
0.17843948158144213 0.848
0.18035818568446838 0.8475
0.18035818568446838 0.847
0.1813175377359815 0.8465
0.1813175377359815 0.846
0.18227688978749465 0.8455
0.18515494594203402 0.845
0.18515494594203402 0.8445
0.18611429799354715 0.844
0.1870736500450603 0.8435
0.1870736500450603 0.843
0.18803300209657342 0.8425
0.18899235414808654 0.842
0.19091105825111282 0.8415
0.19187041030262594 0.841
0.1966671705601916 0.8405
0.1976265226117047 0.84
0.1976265226117047 0.8395
0.1976265226117047 0.839
0.19858587466321784 0.8385
0.19858587466321784 0.838
0.19954522671473096 0.8375
0.2005045787662441 0.837
0.20146393081775724 0.8365
0.20242328286927036 0.836
0.20242328286927036 0.8355
0.20338263492078348 0.835
0.20338263492078348 0.8345
0.20338263492078348 0.834
0.20530133902380976 0.8335
0.20530133902380976 0.833
0.20530133902380976 0.8325
0.20626069107532288 0.832
0.20817939517834913 0.8315
0.20913874722986228 0.831
0.2100980992813754 0.8305
0.2100980992813754 0.83
0.2100980992813754 0.8295
0.21105745133288853 0.829
0.21297615543591478 0.8285
0.21393550748742793 0.8280000000000001
0.21393550748742793 0.8275
0.21489485953894105 0.827
0.21585421159045418 0.8265
0.2168135636419673 0.8260000000000001
0.2168135636419673 0.8255
0.2196916197965067 0.825
0.2196916197965067 0.8245
0.22161032389953295 0.8240000000000001
0.22161032389953295 0.8235
0.2225696759510461 0.823
0.2225696759510461 0.8225
0.2225696759510461 0.8220000000000001
0.22352902800255922 0.8215
0.22448838005407235 0.821
0.22448838005407235 0.8205
0.22544773210558547 0.8200000000000001
0.22544773210558547 0.8195
0.22736643620861174 0.819
0.23120384441466424 0.8185
0.23120384441466424 0.8180000000000001
0.2321631964661774 0.8175
0.23312254851769051 0.817
0.23408190056920364 0.8165
0.23504125262071676 0.8160000000000001
0.23504125262071676 0.8155
0.2360006046722299 0.815
0.23695995672374304 0.8145
0.23695995672374304 0.8140000000000001
0.23791930877525616 0.8135
0.23887866082676928 0.813
0.2398380128782824 0.8125
0.2398380128782824 0.812
0.24079736492979556 0.8115
0.24079736492979556 0.8109999999999999
0.24079736492979556 0.8105
0.24175671698130868 0.81
0.24175671698130868 0.8095
0.2427160690328218 0.8089999999999999
0.2427160690328218 0.8085
0.24367542108433493 0.808
0.24463477313584805 0.8075
0.2455941251873612 0.8069999999999999
0.2455941251873612 0.8065
0.2455941251873612 0.806
0.24655347723887433 0.8055
0.24751282929038745 0.8049999999999999
0.24751282929038745 0.8045
0.24847218134190058 0.804
0.2503908854449268 0.8035
0.2503908854449268 0.8029999999999999
0.25135023749644 0.8025
0.25135023749644 0.802
0.25230958954795313 0.8015
0.2532689415994662 0.8009999999999999
0.25518764570249247 0.8005
0.25518764570249247 0.8
0.2561469977540056 0.7995
0.2571063498055188 0.7989999999999999
0.2571063498055188 0.7985
0.25806570185703187 0.798
0.259025053908545 0.7975
0.2599844059600581 0.7969999999999999
0.2599844059600581 0.7965
0.2599844059600581 0.796
0.2599844059600581 0.7955
0.2599844059600581 0.795
0.2599844059600581 0.7945
0.26094375801157127 0.794
0.26094375801157127 0.7935
0.26094375801157127 0.793
0.2619031100630844 0.7925
0.2619031100630844 0.792
0.26478116621762376 0.7915
0.2657405182691369 0.791
0.2657405182691369 0.7905
0.2657405182691369 0.79
0.26669987032065007 0.7895
0.26669987032065007 0.789
0.26669987032065007 0.7885
0.26669987032065007 0.788
0.2686185744236763 0.7875
0.26957792647518947 0.787
0.27053727852670256 0.7865
0.27053727852670256 0.786
0.27053727852670256 0.7855
0.27053727852670256 0.785
0.27053727852670256 0.7845
0.27053727852670256 0.784
0.27053727852670256 0.7835
0.2714966305782157 0.783
0.2714966305782157 0.7825
0.2724559826297288 0.782
0.2724559826297288 0.7815
0.27341533468124196 0.781
0.27341533468124196 0.7805
0.27341533468124196 0.78
0.2743746867327551 0.7795
0.2743746867327551 0.779
0.2753340387842682 0.7785
0.2753340387842682 0.778
0.27629339083578136 0.7775
0.27629339083578136 0.777
0.27629339083578136 0.7765
0.27725274288729446 0.776
0.2782120949388076 0.7755
0.27917144699032076 0.775
0.28013079904183386 0.7745
0.28013079904183386 0.774
0.281090151093347 0.7735
0.2820495031448601 0.773
0.2820495031448601 0.7725
0.2820495031448601 0.772
0.28300885519637325 0.7715
0.2839682072478864 0.771
0.2849275592993995 0.7705
0.28588691135091265 0.77
0.28588691135091265 0.7695
0.2878056154539389 0.769
0.28972431955696515 0.7685
0.28972431955696515 0.768
0.2906836716084783 0.7675
0.2916430236599914 0.767
0.29260237571150455 0.7665
0.29260237571150455 0.766
0.2935617277630177 0.7655000000000001
0.2935617277630177 0.765
0.2935617277630177 0.7645
0.2935617277630177 0.764
0.2945210798145308 0.7635000000000001
0.29548043186604395 0.763
0.2973991359690702 0.7625
0.2973991359690702 0.762
0.29835848802058335 0.7615000000000001
0.29931784007209644 0.761
0.30219589622663584 0.7605
0.30219589622663584 0.76
0.303155248278149 0.7595000000000001
0.303155248278149 0.759
0.303155248278149 0.7585
0.303155248278149 0.758
0.30507395238117524 0.7575000000000001
0.3060333044326884 0.757
0.3060333044326884 0.7565
0.3069926564842015 0.756
0.3069926564842015 0.7555000000000001
0.30795200853571464 0.755
0.30795200853571464 0.7545
0.30891136058722773 0.754
0.31083006469025404 0.7535000000000001
0.31083006469025404 0.753
0.31083006469025404 0.7525
0.31083006469025404 0.752
0.31178941674176713 0.7515000000000001
0.31178941674176713 0.751
0.3127487687932803 0.7505
0.31466747289630653 0.75
0.31466747289630653 0.7495
0.3156268249478197 0.749
0.3165861769993328 0.7484999999999999
0.3165861769993328 0.748
0.31754552905084593 0.7475
0.31754552905084593 0.747
0.318504881102359 0.7464999999999999
0.318504881102359 0.746
0.3213829372568984 0.7455
0.3213829372568984 0.745
0.32330164135992473 0.7444999999999999
0.32330164135992473 0.744
0.32330164135992473 0.7435
0.32330164135992473 0.743
0.3242609934114378 0.7424999999999999
0.3242609934114378 0.742
0.3261796975144641 0.7415
0.3261796975144641 0.741
0.3271390495659772 0.7404999999999999
0.3271390495659772 0.74
0.3271390495659772 0.7395
0.3280984016174904 0.739
0.32905775366900347 0.7384999999999999
0.3300171057205166 0.738
0.3300171057205166 0.7375
0.3309764577720297 0.737
0.33193580982354287 0.7364999999999999
0.33193580982354287 0.736
0.33193580982354287 0.7355
0.332895161875056 0.735
0.3338545139265691 0.7344999999999999
0.3338545139265691 0.734
0.33481386597808227 0.7335
0.33577321802959537 0.733
0.3367325700811085 0.7324999999999999
0.33769192213262167 0.732
0.3396106262356479 0.7315
0.3396106262356479 0.731
0.340569978287161 0.7304999999999999
0.340569978287161 0.73
0.340569978287161 0.7295
0.34152933033867416 0.729
0.34152933033867416 0.7284999999999999
0.34152933033867416 0.728
0.34152933033867416 0.7275
0.34152933033867416 0.727
0.3424886823901873 0.7264999999999999
0.3424886823901873 0.726
0.34440738649321356 0.7255
0.34536673854472666 0.725
0.34824479469926606 0.7244999999999999
0.3492041467507792 0.724
0.3492041467507792 0.7235
0.35112285085380546 0.723
0.3520822029053186 0.7224999999999999
0.3530415549568317 0.722
0.3530415549568317 0.7215
0.354960259059858 0.721
0.35687896316288426 0.7204999999999999
0.35687896316288426 0.72
0.35783831521439735 0.7195
0.35783831521439735 0.719
0.3587976672659105 0.7185
0.3587976672659105 0.718
0.3587976672659105 0.7175
0.36071637136893675 0.7170000000000001
0.3616757234204499 0.7165
0.362635075471963 0.716
0.362635075471963 0.7155
0.3655131316265024 0.7150000000000001
0.36647248367801555 0.7145
0.36647248367801555 0.714
0.36647248367801555 0.7135
0.36743183572952864 0.7130000000000001
0.36743183572952864 0.7125
0.36743183572952864 0.712
0.3683911877810418 0.7115
0.36935053983255495 0.7110000000000001
0.36935053983255495 0.7105
0.3712692439355812 0.71
0.3722285959870943 0.7095
0.3722285959870943 0.7090000000000001
0.37318794803860744 0.7085
0.3741473000901206 0.708
0.3741473000901206 0.7075
0.3751066521416337 0.7070000000000001
0.37606600419314684 0.7065
0.37606600419314684 0.706
0.37606600419314684 0.7055
0.37606600419314684 0.7050000000000001
0.37702535624465994 0.7045
0.37702535624465994 0.704
0.3779847082961731 0.7035
0.38278146855373874 0.7030000000000001
0.38278146855373874 0.7025
0.3837408206052519 0.702
0.3837408206052519 0.7015
0.3837408206052519 0.7010000000000001
0.3837408206052519 0.7005
0.38565952470827813 0.7
0.38565952470827813 0.6995
0.38565952470827813 0.6990000000000001
0.3866188767597913 0.6985
0.3866188767597913 0.698
0.3866188767597913 0.6975
0.38853758086281753 0.6970000000000001
0.38853758086281753 0.6965
0.38853758086281753 0.696
0.38949693291433063 0.6955
0.3904562849658438 0.6950000000000001
0.3904562849658438 0.6945
0.3904562849658438 0.694
0.39237498906887003 0.6935
0.39237498906887003 0.6930000000000001
0.39237498906887003 0.6925
0.3933343411203832 0.692
0.3933343411203832 0.6915
0.3942936931718963 0.6910000000000001
0.3942936931718963 0.6905
0.3942936931718963 0.69
0.3942936931718963 0.6895
0.3962123972749226 0.6890000000000001
0.3962123972749226 0.6885
0.3962123972749226 0.688
0.3981311013779488 0.6875
0.3990904534294619 0.687
0.4000498054809751 0.6865
0.4010091575324882 0.6859999999999999
0.4010091575324882 0.6855
0.4029278616355145 0.685
0.4029278616355145 0.6845
0.40388721368702757 0.6839999999999999
0.40388721368702757 0.6835
0.40388721368702757 0.683
0.40580591779005387 0.6825
0.40580591779005387 0.6819999999999999
0.40676526984156697 0.6815
0.40868397394459327 0.681
0.40868397394459327 0.6805
0.40868397394459327 0.6799999999999999
0.40964332599610637 0.6795
0.40964332599610637 0.679
0.40964332599610637 0.6785
0.40964332599610637 0.6779999999999999
0.4106026780476195 0.6775
0.4106026780476195 0.677
0.4106026780476195 0.6765
0.4115620300991326 0.6759999999999999
0.4115620300991326 0.6755
0.41252138215064577 0.675
0.4134807342021589 0.6745
0.4134807342021589 0.6739999999999999
0.414440086253672 0.6735
0.414440086253672 0.673
0.414440086253672 0.6725
0.41539943830518516 0.6719999999999999
0.41539943830518516 0.6715
0.41827749445972456 0.671
0.41827749445972456 0.6705
0.41923684651123766 0.6699999999999999
0.41923684651123766 0.6695
0.41923684651123766 0.669
0.4211555506142639 0.6685
0.4211555506142639 0.6679999999999999
0.4230742547172902 0.6675
0.4230742547172902 0.667
0.4230742547172902 0.6665
0.4230742547172902 0.6659999999999999
0.4230742547172902 0.6655
0.4240336067688033 0.665
0.4240336067688033 0.6645
0.4240336067688033 0.6639999999999999
0.4240336067688033 0.6635
0.42595231087182955 0.663
0.42787101497485586 0.6625
0.42787101497485586 0.6619999999999999
0.4307490711293952 0.6615
0.4307490711293952 0.661
0.43170842318090835 0.6605
0.43170842318090835 0.6599999999999999
0.4326677752324215 0.6595
0.4326677752324215 0.659
0.4326677752324215 0.6585
0.4326677752324215 0.6579999999999999
0.4336271272839346 0.6575
0.4336271272839346 0.657
0.4336271272839346 0.6565
0.4355458313869609 0.656
0.436505183438474 0.6555
0.43746453548998715 0.655
0.43842388754150025 0.6545000000000001
0.43842388754150025 0.654
0.4393832395930134 0.6535
0.44034259164452655 0.653
0.44034259164452655 0.6525000000000001
0.44130194369603964 0.652
0.4422612957475528 0.6515
0.44417999985057904 0.651
0.44417999985057904 0.6505000000000001
0.44417999985057904 0.65
0.44417999985057904 0.6495
0.44417999985057904 0.649
0.4460987039536053 0.6485000000000001
0.44801740805663154 0.648
0.44993611215965784 0.6475
0.45089546421117094 0.647
0.4518548162626841 0.6465000000000001
0.4518548162626841 0.646
0.4518548162626841 0.6455
0.4528141683141972 0.645
0.4528141683141972 0.6445000000000001
0.45377352036571034 0.644
0.45377352036571034 0.6435
0.4547328724172235 0.643
0.4547328724172235 0.6425000000000001
0.4556922244687366 0.642
0.4556922244687366 0.6415
0.4556922244687366 0.641
0.4556922244687366 0.6405000000000001
0.45665157652024974 0.64
0.45665157652024974 0.6395
0.458570280623276 0.639
0.45952963267478913 0.6385000000000001
0.45952963267478913 0.638
0.46048898472630223 0.6375
0.46048898472630223 0.637
0.4614483367778154 0.6365000000000001
0.4614483367778154 0.636
0.4624076888293285 0.6355
0.4624076888293285 0.635
0.4624076888293285 0.6345000000000001
0.46336704088084163 0.634
0.46336704088084163 0.6335
0.4643263929323548 0.633
0.4652857449838679 0.6325000000000001
0.46624509703538103 0.632
0.46624509703538103 0.6315
0.4672044490868942 0.631
0.4672044490868942 0.6305000000000001
0.4672044490868942 0.63
0.4672044490868942 0.6295
0.4681638011384073 0.629
0.4700825052414335 0.6285000000000001
0.4700825052414335 0.628
0.4710418572929467 0.6275
0.4729605613959729 0.627
0.4739199134474861 0.6265000000000001
0.47487926549899917 0.626
0.47487926549899917 0.6255
0.4758386175505123 0.625
0.4758386175505123 0.6245
0.4758386175505123 0.624
0.4767979696020255 0.6234999999999999
0.4767979696020255 0.623
0.47775732165353857 0.6225
0.47775732165353857 0.622
0.4796760257565648 0.6214999999999999
0.4796760257565648 0.621
0.48063537780807797 0.6205
0.48063537780807797 0.62
0.4815947298595911 0.6194999999999999
0.4825540819111042 0.619
0.4825540819111042 0.6185
0.4825540819111042 0.618
0.48447278601413046 0.6174999999999999
0.4854321380656436 0.617
0.4854321380656436 0.6165
0.48639149011715677 0.616
0.48639149011715677 0.6154999999999999
0.488310194220183 0.615
0.488310194220183 0.6145
0.4892695462716961 0.614
0.4892695462716961 0.6134999999999999
0.4892695462716961 0.613
0.49022889832320926 0.6125
0.49022889832320926 0.612
0.4911882503747224 0.6114999999999999
0.4921476024262355 0.611
0.4921476024262355 0.6105
0.49598501063228806 0.61
0.49694436268380116 0.6094999999999999
0.49694436268380116 0.609
0.49694436268380116 0.6085
0.4979037147353143 0.608
0.49886306678682746 0.6074999999999999
0.49886306678682746 0.607
0.49982241883834055 0.6065
0.49982241883834055 0.606
0.49982241883834055 0.6054999999999999
0.5007817708898537 0.605
0.5007817708898537 0.6045
0.5017411229413669 0.604
0.5017411229413669 0.6034999999999999
0.5017411229413669 0.603
0.5017411229413669 0.6025
0.50270047499288 0.602
0.503659827044393 0.6014999999999999
0.5046191790959063 0.601
0.5046191790959063 0.6005
0.5046191790959063 0.6
0.5046191790959063 0.5994999999999999
0.5055785311474194 0.599
0.5065378831989324 0.5985
0.5084565873019588 0.598
0.5084565873019588 0.5974999999999999
0.5084565873019588 0.597
0.5094159393534718 0.5965
0.5103752914049849 0.596
0.5103752914049849 0.5954999999999999
0.5113346434564982 0.595
0.5122939955080112 0.5945
0.5132533475595243 0.594
0.5132533475595243 0.5935
0.5132533475595243 0.593
0.5142126996110375 0.5925
0.5151720516625506 0.5920000000000001
0.517090755765577 0.5915
0.51805010781709 0.591
0.5209281639716294 0.5905
0.5218875160231425 0.5900000000000001
0.5218875160231425 0.5895
0.5218875160231425 0.589
0.5238062201261688 0.5885
0.5238062201261688 0.5880000000000001
0.5247655721776819 0.5875
0.525724924229195 0.587
0.525724924229195 0.5865
0.5266842762807082 0.5860000000000001
0.5266842762807082 0.5855
0.5266842762807082 0.585
0.5266842762807082 0.5845
0.5276436283322213 0.5840000000000001
0.5295623324352475 0.5835
0.5295623324352475 0.583
0.5305216844867607 0.5825
0.5305216844867607 0.5820000000000001
0.5305216844867607 0.5815
0.5305216844867607 0.581
0.5324403885897869 0.5805
0.5324403885897869 0.5800000000000001
0.5333997406413001 0.5795
0.5372371488473526 0.579
0.5381965008988657 0.5785
0.5391558529503789 0.5780000000000001
0.5391558529503789 0.5775
0.540115205001892 0.577
0.5410745570534051 0.5765
0.5410745570534051 0.5760000000000001
0.5420339091049182 0.5755
0.5420339091049182 0.575
0.5420339091049182 0.5745
0.5429932611564314 0.5740000000000001
0.5449119652594576 0.5735
0.5458713173109708 0.573
0.5458713173109708 0.5725
0.5458713173109708 0.5720000000000001
0.5468306693624839 0.5715
0.547790021413997 0.571
0.547790021413997 0.5705
0.547790021413997 0.5700000000000001
0.5487493734655102 0.5695
0.5487493734655102 0.569
0.5506680775685364 0.5685
0.5506680775685364 0.5680000000000001
0.5506680775685364 0.5675
0.5506680775685364 0.567
0.5506680775685364 0.5665
0.5516274296200495 0.5660000000000001
0.5525867816715627 0.5655
0.5535461337230758 0.565
0.5554648378261021 0.5645
0.5554648378261021 0.5640000000000001
0.5564241898776152 0.5635
0.5573835419291283 0.563
0.5583428939806415 0.5625
0.5583428939806415 0.562
0.5593022460321546 0.5615
0.5602615980836677 0.5609999999999999
0.562180302186694 0.5605
0.562180302186694 0.56
0.5631396542382071 0.5595
0.5640990062897202 0.5589999999999999
0.5640990062897202 0.5585
0.5650583583412334 0.558
0.5669770624442596 0.5575
0.5679364144957728 0.5569999999999999
0.5679364144957728 0.5565
0.5688957665472859 0.556
0.569855118598799 0.5555
0.5717738227018253 0.5549999999999999
0.5717738227018253 0.5545
0.5727331747533384 0.554
0.5727331747533384 0.5535
0.5727331747533384 0.5529999999999999
0.5736925268048515 0.5525
0.5746518788563647 0.552
0.5756112309078778 0.5515
0.5756112309078778 0.5509999999999999
0.5756112309078778 0.5505
0.5756112309078778 0.55
0.5775299350109041 0.5495
0.5794486391139303 0.5489999999999999
0.5794486391139303 0.5485
0.5813673432169566 0.548
0.5813673432169566 0.5475
0.5823266952684697 0.5469999999999999
0.5823266952684697 0.5465
0.5832860473199828 0.546
0.5832860473199828 0.5455
0.5832860473199828 0.5449999999999999
0.584245399371496 0.5445
0.5852047514230091 0.544
0.5852047514230091 0.5435
0.5852047514230091 0.5429999999999999
0.5871234555260354 0.5425
0.5871234555260354 0.542
0.5871234555260354 0.5415
0.5880828075775485 0.5409999999999999
0.5890421596290616 0.5405
0.5900015116805748 0.54
0.5900015116805748 0.5395
0.5909608637320879 0.5389999999999999
0.591920215783601 0.5385
0.591920215783601 0.538
0.591920215783601 0.5375
0.5928795678351142 0.5369999999999999
0.5938389198866273 0.5365
0.5938389198866273 0.536
0.5938389198866273 0.5355
0.5938389198866273 0.5349999999999999
0.5938389198866273 0.5345
0.5957576239896535 0.534
0.5976763280926798 0.5335
0.5976763280926798 0.5329999999999999
0.5986356801441929 0.5325
0.5995950321957061 0.532
0.5995950321957061 0.5315
0.5995950321957061 0.531
0.6015137362987323 0.5305
0.6034324404017586 0.53
0.6053511445047848 0.5295000000000001
0.6053511445047848 0.529
0.606310496556298 0.5285
0.606310496556298 0.528
0.606310496556298 0.5275000000000001
0.606310496556298 0.527
0.606310496556298 0.5265
0.606310496556298 0.526
0.6072698486078111 0.5255000000000001
0.6082292006593242 0.525
0.6082292006593242 0.5245
0.6091885527108374 0.524
0.6111072568138636 0.5235000000000001
0.6111072568138636 0.523
0.6130259609168899 0.5225
0.613985312968403 0.522
0.613985312968403 0.5215000000000001
0.613985312968403 0.521
0.6149446650199161 0.5205
0.6149446650199161 0.52
0.6168633691229424 0.5195000000000001
0.6178227211744555 0.519
0.6178227211744555 0.5185
0.6187820732259687 0.518
0.6197414252774818 0.5175000000000001
0.6207007773289949 0.517
0.6216601293805081 0.5165
0.6226194814320212 0.516
0.6235788334835343 0.5155000000000001
0.6245381855350475 0.515
0.6245381855350475 0.5145
0.6254975375865606 0.514
0.6254975375865606 0.5135000000000001
0.6264568896380737 0.513
0.6274162416895868 0.5125
0.6274162416895868 0.512
0.6283755937411 0.5115000000000001
0.6322130019471525 0.511
0.6322130019471525 0.5105
0.6331723539986656 0.51
0.6331723539986656 0.5095000000000001
0.6341317060501788 0.509
0.6350910581016919 0.5085
0.636050410153205 0.508
0.636050410153205 0.5075000000000001
0.637009762204718 0.507
0.6379691142562313 0.5065
0.6379691142562313 0.506
0.6389284663077444 0.5055000000000001
0.6389284663077444 0.505
0.6398878183592575 0.5045
0.6408471704107707 0.504
0.6408471704107707 0.5035000000000001
0.6408471704107707 0.503
0.6408471704107707 0.5025
0.6427658745137969 0.502
0.6437252265653101 0.5015000000000001
0.6437252265653101 0.501
0.6437252265653101 0.5005
0.6446845786168232 0.5
0.6466032827198495 0.49950000000000006
0.6475626347713626 0.499
0.6485219868228757 0.49850000000000005
0.6485219868228757 0.498
0.6494813388743887 0.49750000000000005
0.6523593950289281 0.497
0.6533187470804414 0.49650000000000005
0.6542780991319544 0.496
0.6542780991319544 0.49550000000000005
0.6600342114410332 0.495
0.6609935634925463 0.49450000000000005
0.6619529155440594 0.494
0.6619529155440594 0.49350000000000005
0.6629122675955726 0.493
0.6638716196470857 0.49250000000000005
0.6638716196470857 0.492
0.6648309716985988 0.49150000000000005
0.6648309716985988 0.491
0.6667496758016251 0.49050000000000005
0.6667496758016251 0.49
0.6677090278531382 0.48950000000000005
0.6686683799046513 0.489
0.6686683799046513 0.48850000000000005
0.6696277319561645 0.488
0.6696277319561645 0.48750000000000004
0.6715464360591907 0.487
0.6725057881107039 0.48650000000000004
0.673465140162217 0.486
0.6744244922137301 0.48550000000000004
0.6753838442652433 0.485
0.6763431963167564 0.48450000000000004
0.6782619004197827 0.484
0.6782619004197827 0.48350000000000004
0.6782619004197827 0.483
0.6792212524712958 0.48250000000000004
0.6792212524712958 0.482
0.6792212524712958 0.48150000000000004
0.6801806045228089 0.481
0.6801806045228089 0.48050000000000004
0.6801806045228089 0.48
0.6820993086258352 0.47950000000000004
0.6820993086258352 0.479
0.6820993086258352 0.47850000000000004
0.6830586606773483 0.478
0.6849773647803746 0.47750000000000004
0.6859367168318877 0.477
0.6859367168318877 0.47650000000000003
0.6868960688834008 0.476
0.6888147729864271 0.47550000000000003
0.6888147729864271 0.475
0.6897741250379402 0.47450000000000003
0.6907334770894533 0.474
0.6916928291409665 0.47350000000000003
0.6926521811924796 0.473
0.6926521811924796 0.47250000000000003
0.6945708852955059 0.472
0.6945708852955059 0.47150000000000003
0.695530237347019 0.471
0.695530237347019 0.47050000000000003
0.6984082935015584 0.47
0.6984082935015584 0.46950000000000003
0.7003269976045846 0.469
0.7003269976045846 0.4685
0.7022457017076109 0.46799999999999997
0.703205053759124 0.4675
0.7051237578621503 0.46699999999999997
0.7060831099136634 0.4665
0.7060831099136634 0.46599999999999997
0.7070424619651766 0.4655
0.7070424619651766 0.46499999999999997
0.7070424619651766 0.4645
0.7070424619651766 0.46399999999999997
0.7089611660682028 0.4635
0.7089611660682028 0.46299999999999997
0.7089611660682028 0.4625
0.7108798701712291 0.46199999999999997
0.7108798701712291 0.4615
0.7127985742742553 0.46099999999999997
0.7137579263257685 0.4605
0.7147172783772816 0.45999999999999996
0.7147172783772816 0.4595
0.7147172783772816 0.45899999999999996
0.717595334531821 0.4585
0.7185546865833341 0.45799999999999996
0.7195140386348473 0.4575
0.7214327427378735 0.45699999999999996
0.7214327427378735 0.4565
0.7214327427378735 0.45599999999999996
0.7223920947893866 0.4555
0.7233514468408998 0.45499999999999996
0.7243107988924129 0.4545
0.7271888550469523 0.45399999999999996
0.7291075591499786 0.4535
0.7291075591499786 0.45299999999999996
0.7300669112014917 0.4525
0.7300669112014917 0.45199999999999996
0.7300669112014917 0.4515
0.731985615304518 0.45099999999999996
0.731985615304518 0.4505
0.7329449673560311 0.44999999999999996
0.7339043194075442 0.4495
0.7348636714590573 0.44899999999999995
0.7348636714590573 0.4485
0.7348636714590573 0.44799999999999995
0.7358230235105705 0.4475
0.7367823755620836 0.44699999999999995
0.7377417276135967 0.4465
0.7387010796651099 0.44599999999999995
0.739660431716623 0.4455
0.739660431716623 0.44499999999999995
0.7406197837681361 0.4445
0.7406197837681361 0.44399999999999995
0.7406197837681361 0.4435
0.7434978399226755 0.44299999999999995
0.747335248128728 0.4425
0.747335248128728 0.44199999999999995
0.747335248128728 0.4415
0.7482946001802412 0.44099999999999995
0.7492539522317543 0.4405
0.7521320083862937 0.43999999999999995
0.7530913604378068 0.4395
0.7530913604378068 0.43899999999999995
0.7540507124893199 0.4385
0.7550100645408331 0.43799999999999994
0.7559694165923462 0.4375
0.7569287686438593 0.43700000000000006
0.7598068247983987 0.4365
0.761725528901425 0.43600000000000005
0.7626848809529381 0.4355
0.7636442330044513 0.43500000000000005
0.7665222891589906 0.4345
0.7674816412105038 0.43400000000000005
0.7674816412105038 0.4335
0.7674816412105038 0.43300000000000005
0.7674816412105038 0.4325
0.7684409932620169 0.43200000000000005
0.7684409932620169 0.4315
0.7703596973650432 0.43100000000000005
0.7703596973650432 0.4305
0.7732377535195826 0.43000000000000005
0.7761158096741219 0.4295
0.7761158096741219 0.42900000000000005
0.7780345137771482 0.4285
0.7789938658286613 0.42800000000000005
0.7789938658286613 0.4275
0.7789938658286613 0.42700000000000005
0.7799532178801745 0.4265
0.7809125699316876 0.42600000000000005
0.7809125699316876 0.4255
0.783790626086227 0.42500000000000004
0.7847499781377401 0.4245
0.7847499781377401 0.42400000000000004
0.7847499781377401 0.4235
0.7847499781377401 0.42300000000000004
0.7847499781377401 0.4225
0.7857093301892533 0.42200000000000004
0.7866686822407664 0.4215
0.7885873863437926 0.42100000000000004
0.7895467383953058 0.4205
0.7905060904468189 0.42000000000000004
0.791465442498332 0.4195
0.791465442498332 0.41900000000000004
0.7933841466013583 0.4185
0.7953028507043846 0.41800000000000004
0.7953028507043846 0.4175
0.7962622027558977 0.41700000000000004
0.7981809068589238 0.4165
0.7981809068589238 0.41600000000000004
0.799140258910437 0.4155
0.799140258910437 0.41500000000000004
0.8000996109619501 0.4145
0.8010589630134632 0.41400000000000003
0.8020183150649765 0.4135
0.8020183150649765 0.41300000000000003
0.8020183150649765 0.4125
0.8039370191680026 0.41200000000000003
0.8039370191680026 0.4115
0.8048963712195158 0.41100000000000003
0.8048963712195158 0.4105
0.806815075322542 0.41000000000000003
0.8077744273740551 0.4095
0.8077744273740551 0.40900000000000003
0.8087337794255683 0.4085
0.8087337794255683 0.40800000000000003
0.8096931314770814 0.4075
0.8096931314770814 0.40700000000000003
0.8096931314770814 0.4065
0.8106524835285945 0.406
0.8106524835285945 0.40549999999999997
0.8106524835285945 0.405
0.8125711876316208 0.40449999999999997
0.8125711876316208 0.404
0.8144898917346471 0.40349999999999997
0.8144898917346471 0.403
0.8154492437861602 0.40249999999999997
0.8173679478891865 0.402
0.8183272999406996 0.40149999999999997
0.8192866519922127 0.401
0.8192866519922127 0.40049999999999997
0.8202460040437258 0.4
0.8202460040437258 0.39949999999999997
0.8221647081467521 0.399
0.8221647081467521 0.39849999999999997
0.8221647081467521 0.398
0.8231240601982652 0.39749999999999996
0.8260021163528046 0.397
0.8269614684043178 0.39649999999999996
0.8279208204558309 0.396
0.828880172507344 0.39549999999999996
0.828880172507344 0.395
0.828880172507344 0.39449999999999996
0.8298395245588571 0.394
0.8307988766103703 0.39349999999999996
0.8307988766103703 0.393
0.8307988766103703 0.39249999999999996
0.8317582286618834 0.392
0.8317582286618834 0.39149999999999996
0.8327175807133965 0.391
0.8346362848164228 0.39049999999999996
0.8365549889194491 0.39
0.8365549889194491 0.38949999999999996
0.8394330450739884 0.389
0.8403923971255016 0.38849999999999996
0.8403923971255016 0.388
0.8413517491770147 0.38749999999999996
0.8423111012285278 0.387
0.8423111012285278 0.38649999999999995
0.8423111012285278 0.386
0.843270453280041 0.38549999999999995
0.843270453280041 0.385
0.8442298053315541 0.38449999999999995
0.8451891573830672 0.384
0.8461485094345804 0.38349999999999995
0.8471078614860935 0.383
0.8471078614860935 0.38249999999999995
0.8480672135376066 0.382
0.8490265655891198 0.38149999999999995
0.8499859176406329 0.381
0.850945269692146 0.38049999999999995
0.850945269692146 0.38
0.8519046217436591 0.37949999999999995
0.8519046217436591 0.379
0.8528639737951723 0.37849999999999995
0.8547826778981985 0.378
0.8567013820012248 0.37749999999999995
0.8567013820012248 0.377
0.8576607340527379 0.37649999999999995
0.8576607340527379 0.376
0.8576607340527379 0.37549999999999994
0.8576607340527379 0.375
0.8595794381557642 0.37450000000000006
0.8614981422587904 0.374
0.8614981422587904 0.37350000000000005
0.8614981422587904 0.373
0.8624574943103036 0.37250000000000005
0.8624574943103036 0.372
0.865335550464843 0.37150000000000005
0.8672542545678692 0.371
0.8682136066193824 0.37050000000000005
0.8691729586708955 0.37
0.8701323107224086 0.36950000000000005
0.8701323107224086 0.369
0.8710916627739218 0.36850000000000005
0.8710916627739218 0.368
0.8739697189284611 0.36750000000000005
0.8739697189284611 0.367
0.8758884230314874 0.36650000000000005
0.8758884230314874 0.366
0.8778071271345137 0.36550000000000005
0.8787664791860268 0.365
0.8806851832890531 0.36450000000000005
0.8806851832890531 0.364
0.8826038873920793 0.36350000000000005
0.8826038873920793 0.363
0.8835632394435924 0.36250000000000004
0.8864412955981318 0.362
0.887400647649645 0.36150000000000004
0.887400647649645 0.361
0.887400647649645 0.36050000000000004
0.8883599997011581 0.36
0.8893193517526712 0.35950000000000004
0.8893193517526712 0.359
0.8912380558556975 0.35850000000000004
0.8912380558556975 0.358
0.8931567599587237 0.35750000000000004
0.8960348161132631 0.357
0.8969941681647763 0.35650000000000004
0.8979535202162894 0.356
0.8979535202162894 0.35550000000000004
0.8989128722678025 0.355
0.8998722243193157 0.35450000000000004
0.9017909284223419 0.354
0.9037096325253682 0.35350000000000004
0.9056283366283944 0.353
0.9065876886799076 0.35250000000000004
0.9075470407314207 0.352
0.9075470407314207 0.35150000000000003
0.9085063927829338 0.351
0.9085063927829338 0.35050000000000003
0.909465744834447 0.35
0.909465744834447 0.34950000000000003
0.9123438009889864 0.349
0.9142625050920126 0.34850000000000003
0.9152218571435257 0.348
0.9161812091950389 0.34750000000000003
0.9161812091950389 0.347
0.9161812091950389 0.34650000000000003
0.9180999132980651 0.346
0.9200186174010914 0.34550000000000003
0.9228966735556308 0.345
0.924815377658657 0.34450000000000003
0.9267340817616833 0.344
0.9267340817616833 0.3435
0.9267340817616833 0.34299999999999997
0.9276934338131964 0.3425
0.9286527858647096 0.34199999999999997
0.9305714899677358 0.3415
0.9305714899677358 0.34099999999999997
0.931530842019249 0.3405
0.9324901940707621 0.33999999999999997
0.9324901940707621 0.3395
0.9334495461222752 0.33899999999999997
0.9334495461222752 0.3385
0.9344088981737884 0.33799999999999997
0.9353682502253015 0.3375
0.9382463063798409 0.33699999999999997
0.9430430666374064 0.3365
0.9440024186889197 0.33599999999999997
0.9440024186889197 0.3355
0.9459211227919458 0.33499999999999996
0.9468804748434589 0.3345
0.9468804748434589 0.33399999999999996
0.9468804748434589 0.3335
0.9468804748434589 0.33299999999999996
0.9478398268949721 0.3325
0.9487991789464852 0.33199999999999996
0.9487991789464852 0.3315
0.9487991789464852 0.33099999999999996
0.9497585309979983 0.3305
0.9507178830495115 0.32999999999999996
0.9507178830495115 0.3295
0.9507178830495115 0.32899999999999996
0.9516772351010246 0.3285
0.953595939204051 0.32799999999999996
0.954555291255564 0.3275
0.9574333474101034 0.32699999999999996
0.9583926994616165 0.3265
0.962230107667669 0.32599999999999996
0.962230107667669 0.3255
0.9641488117706953 0.32499999999999996
0.9660675158737216 0.3245
0.9670268679252347 0.32399999999999995
0.9679862199767478 0.3235
0.9689455720282609 0.32299999999999995
0.9689455720282609 0.3225
0.9699049240797741 0.32199999999999995
0.9727829802343135 0.3215
0.9737423322858266 0.32099999999999995
0.9747016843373397 0.3205
0.9747016843373397 0.31999999999999995
0.9756610363888529 0.3195
0.9785390925433922 0.31899999999999995
0.9785390925433922 0.3185
0.9785390925433922 0.31799999999999995
0.9794984445949054 0.3175
0.9804577966464185 0.31699999999999995
0.9804577966464185 0.3165
0.9804577966464185 0.31599999999999995
0.9814171486979316 0.3155
0.9814171486979316 0.31499999999999995
0.9814171486979316 0.3145
0.9823765007494448 0.31399999999999995
0.984295204852471 0.3135
0.984295204852471 0.31299999999999994
0.9852545569039842 0.3125
0.9881326130585236 0.31200000000000006
0.9890919651100367 0.3115
0.9890919651100367 0.31100000000000005
0.9919700212645761 0.3105
0.9938887253676023 0.31000000000000005
0.9938887253676023 0.3095
0.9938887253676023 0.30900000000000005
0.9938887253676023 0.3085
0.9938887253676023 0.30800000000000005
0.9948480774191155 0.3075
0.9977261335736549 0.30700000000000005
0.9977261335736549 0.3065
0.998685485625168 0.30600000000000005
1.0006041897281943 0.3055
1.0034822458827337 0.30500000000000005
1.0044415979342467 0.3045
1.0044415979342467 0.30400000000000005
1.00540094998576 0.3035
1.0063603020372731 0.30300000000000005
1.007319654088786 0.3025
1.0092383581918125 0.30200000000000005
1.012116414346352 0.3015
1.013075766397865 0.30100000000000005
1.014035118449378 0.3005
1.0149944705008913 0.30000000000000004
1.0159538225524043 0.2995
1.0159538225524043 0.29900000000000004
1.0169131746039175 0.2985
1.0178725266554305 0.29800000000000004
1.0188318787069437 0.2975
1.0226692869129963 0.29700000000000004
1.0236286389645093 0.2965
1.0245879910160225 0.29600000000000004
1.0255473430675357 0.2955
1.0255473430675357 0.29500000000000004
1.0265066951190487 0.2945
1.027466047170562 0.29400000000000004
1.028425399222075 0.2935
1.0322628074281275 0.29300000000000004
1.0332221594796407 0.2925
1.0418563279432589 0.29200000000000004
1.0428156799947719 0.2915
1.043775032046285 0.29100000000000004
1.043775032046285 0.2905
1.0485717923038507 0.29000000000000004
1.0485717923038507 0.2895
1.050490496406877 0.28900000000000003
1.0524092005099033 0.2885
1.0524092005099033 0.28800000000000003
1.0552872566644427 0.2875
1.0562466087159559 0.28700000000000003
1.0562466087159559 0.2865
1.0572059607674689 0.28600000000000003
1.0572059607674689 0.2855
1.0572059607674689 0.28500000000000003
1.0600840169220083 0.2845
1.0600840169220083 0.28400000000000003
1.0629620730765477 0.2835
1.0629620730765477 0.28300000000000003
1.0648807771795739 0.2825
1.0648807771795739 0.28200000000000003
1.0648807771795739 0.2815
1.0648807771795739 0.281
1.065840129231087 0.28049999999999997
1.065840129231087 0.28
1.0677588333341133 0.27949999999999997
1.0687181853856265 0.279
1.072555593591679 0.27849999999999997
1.0744742976947053 0.278
1.0754336497462185 0.27749999999999997
1.0763930017977315 0.277
1.0763930017977315 0.27649999999999997
1.0783117059007579 0.276
1.0792710579522709 0.27549999999999997
1.080230410003784 0.275
1.081189762055297 0.27449999999999997
1.081189762055297 0.274
1.0840678182098364 0.27349999999999997
1.0840678182098364 0.273
1.0840678182098364 0.27249999999999996
1.0859865223128629 0.272
1.0869458743643758 0.27149999999999996
1.0869458743643758 0.271
1.0869458743643758 0.27049999999999996
1.087905226415889 0.27
1.087905226415889 0.26949999999999996
1.0888645784674023 0.269
1.0898239305189152 0.26849999999999996
1.0917426346219417 0.268
1.0917426346219417 0.26749999999999996
1.0927019866734546 0.267
1.0936613387249678 0.26649999999999996
1.0936613387249678 0.266
1.0936613387249678 0.26549999999999996
1.0936613387249678 0.265
1.094620690776481 0.26449999999999996
1.0974987469310205 0.264
1.0994174510340466 0.26349999999999996
1.1003768030855599 0.263
1.103254859240099 0.26249999999999996
1.1061329153946384 0.262
1.1090109715491778 0.26149999999999995
1.109970323600691 0.261
1.109970323600691 0.26049999999999995
1.1109296756522042 0.26
1.1128483797552304 0.25949999999999995
1.1128483797552304 0.259
1.1128483797552304 0.25849999999999995
1.1128483797552304 0.258
1.1147670838582566 0.25749999999999995
1.1214825482188486 0.257
1.1214825482188486 0.25649999999999995
1.1224419002703618 0.256
1.125319956424901 0.25549999999999995
1.1272386605279274 0.255
1.1291573646309536 0.25449999999999995
1.1291573646309536 0.254
1.1329947728370062 0.25349999999999995
1.1339541248885192 0.253
1.1339541248885192 0.25249999999999995
1.1349134769400324 0.252
1.1377915330945718 0.25149999999999995
1.1377915330945718 0.251
1.1377915330945718 0.25049999999999994
1.138750885146085 0.25
1.1416289413006244 0.24950000000000006
1.1425882933521374 0.249
1.1425882933521374 0.24850000000000005
1.1445069974551636 0.248
1.147385053609703 0.24750000000000005
1.1483444056612162 0.247
1.1493037577127294 0.24650000000000005
1.1493037577127294 0.246
1.1512224618157556 0.24550000000000005
1.1512224618157556 0.245
1.1512224618157556 0.24450000000000005
1.154100517970295 0.244
1.1550598700218082 0.24350000000000005
1.1569785741248344 0.243
1.1588972782278606 0.24250000000000005
1.1598566302793738 0.242
1.1636940384854264 0.24150000000000005
1.1656127425884526 0.241
1.1665720946399656 0.24050000000000005
1.1665720946399656 0.24
1.169450150794505 0.23950000000000005
1.1713688548975314 0.239
1.1723282069490444 0.23850000000000005
1.1732875590005576 0.238
1.1752062631035838 0.23750000000000004
1.1771249672066102 0.237
1.1771249672066102 0.23650000000000004
1.1780843192581232 0.236
1.1800030233611496 0.23550000000000004
1.1800030233611496 0.235
1.1857591356702284 0.23450000000000004
1.1867184877217414 0.23399999999999999
1.1895965438762808 0.23350000000000004
1.1895965438762808 0.23299999999999998
1.1895965438762808 0.23250000000000004
1.190555895927794 0.23199999999999998
1.191515247979307 0.23150000000000004
1.191515247979307 0.23099999999999998
1.191515247979307 0.23050000000000004
1.1924746000308202 0.22999999999999998
1.1943933041338464 0.22950000000000004
1.1943933041338464 0.22899999999999998
1.1953526561853596 0.22850000000000004
1.1963120082368728 0.22799999999999998
1.1963120082368728 0.22750000000000004
1.1972713602883858 0.22699999999999998
1.198230712339899 0.22650000000000003
1.204946176700491 0.22599999999999998
1.205905528752004 0.22550000000000003
1.2068648808035172 0.22499999999999998
1.2097429369580566 0.22450000000000003
1.2097429369580566 0.22399999999999998
1.2097429369580566 0.22350000000000003
1.2107022890095696 0.22299999999999998
1.212620993112596 0.22250000000000003
1.2145396972156222 0.22199999999999998
1.2145396972156222 0.22150000000000003
1.2183771054216748 0.22099999999999997
1.2212551615762142 0.22050000000000003
1.2222145136277272 0.21999999999999997
1.2260519218337798 0.21950000000000003
1.2260519218337798 0.21899999999999997
1.2260519218337798 0.21850000000000003
1.2289299779883192 0.21799999999999997
1.2308486820913453 0.21750000000000003
1.2327673861943715 0.21699999999999997
1.234686090297398 0.21650000000000003
1.2366047944004241 0.21599999999999997
1.2375641464519374 0.21550000000000002
1.2375641464519374 0.21499999999999997
1.2394828505549635 0.21450000000000002
1.2404422026064768 0.21399999999999997
1.2433202587610162 0.21350000000000002
1.2442796108125291 0.21299999999999997
1.2471576669670685 0.21250000000000002
1.249076371070095 0.21199999999999997
1.2519544272246341 0.21150000000000002
1.2529137792761473 0.21099999999999997
1.2548324833791735 0.21050000000000002
1.2567511874822 0.20999999999999996
1.2615479477397655 0.20950000000000002
1.2634666518427917 0.20899999999999996
1.264426003894305 0.20850000000000002
1.2663447079973311 0.20799999999999996
1.2663447079973311 0.20750000000000002
1.2673040600488443 0.20699999999999996
1.2682634121003575 0.20650000000000002
1.2692227641518705 0.20599999999999996
1.2701821162033837 0.20550000000000002
1.27210082030641 0.20499999999999996
1.274019524409436 0.20450000000000002
1.274019524409436 0.20399999999999996
1.2768975805639755 0.20350000000000001
1.278816284667002 0.20299999999999996
1.278816284667002 0.2025
1.2807349887700281 0.20199999999999996
1.2807349887700281 0.2015
1.2807349887700281 0.20099999999999996
1.2807349887700281 0.2005
1.2836130449245675 0.19999999999999996
1.2845723969760807 0.1995
1.2845723969760807 0.19899999999999995
1.288409805182133 0.1985
1.2903285092851595 0.19799999999999995
1.2912878613366725 0.1975
1.2912878613366725 0.19699999999999995
1.2912878613366725 0.1965
1.293206565439699 0.19599999999999995
1.294165917491212 0.1955
1.294165917491212 0.19499999999999995
1.294165917491212 0.1945
1.296084621594238 0.19399999999999995
1.2970439736457513 0.1935
1.2999220298002907 0.19299999999999995
1.301840733903317 0.1925
1.30280008595483 0.19199999999999995
1.3037594380063433 0.1915
1.3056781421093695 0.19099999999999995
1.308556198263909 0.1905
1.3152716626245007 0.18999999999999995
1.3162310146760139 0.1895
1.317190366727527 0.18899999999999995
1.3191090708305533 0.1885
1.3200684228820665 0.18799999999999994
1.3200684228820665 0.1875
1.3200684228820665 0.18700000000000006
1.3210277749335795 0.1865
1.3210277749335795 0.18600000000000005
1.3210277749335795 0.1855
1.3239058310881189 0.18500000000000005
1.324865183139632 0.1845
1.3258245351911453 0.18400000000000005
1.3277432392941715 0.1835
1.3287025913456847 0.18300000000000005
1.3334993516032503 0.1825
1.3334993516032503 0.18200000000000005
1.3344587036547635 0.1815
1.3354180557062765 0.18100000000000005
1.3354180557062765 0.1805
1.3354180557062765 0.18000000000000005
1.3354180557062765 0.1795
1.340214815963842 0.17900000000000005
1.340214815963842 0.1785
1.3450115762214079 0.17800000000000005
1.3526863926335129 0.1775
1.353645744685026 0.17700000000000005
1.3565238008395655 0.1765
1.3574831528910785 0.17600000000000005
1.3574831528910785 0.1755
1.3584425049425917 0.17500000000000004
1.3594018569941047 0.1745
1.362279913148644 0.17400000000000004
1.3632392652001573 0.1735
1.3632392652001573 0.17300000000000004
1.3641986172516705 0.1725
1.3641986172516705 0.17200000000000004
1.3641986172516705 0.17149999999999999
1.3661173213546967 0.17100000000000004
1.3661173213546967 0.17049999999999998
1.368995377509236 0.17000000000000004
1.368995377509236 0.16949999999999998
1.3699547295607493 0.16900000000000004
1.3737921377668016 0.16849999999999998
1.3747514898183149 0.16800000000000004
1.375710841869828 0.16749999999999998
1.3795482500758804 0.16700000000000004
1.3824263062304198 0.16649999999999998
1.3824263062304198 0.16600000000000004
1.3862637144364724 0.16549999999999998
1.3872230664879854 0.16500000000000004
1.3881824185394986 0.16449999999999998
1.3881824185394986 0.16400000000000003
1.3881824185394986 0.16349999999999998
1.3891417705910118 0.16300000000000003
1.3891417705910118 0.16249999999999998
1.3901011226425248 0.16200000000000003
1.3901011226425248 0.16149999999999998
1.3929791787970642 0.16100000000000003
1.3929791787970642 0.16049999999999998
1.3939385308485774 0.16000000000000003
1.3939385308485774 0.15949999999999998
1.3958572349516036 0.15900000000000003
1.4016133472606824 0.15849999999999997
1.4016133472606824 0.15800000000000003
1.4044914034152218 0.15749999999999997
1.406410107518248 0.15700000000000003
1.4083288116212744 0.15649999999999997
1.4083288116212744 0.15600000000000003
1.4083288116212744 0.15549999999999997
1.4102475157243006 0.15500000000000003
1.4112068677758138 0.15449999999999997
1.4112068677758138 0.15400000000000003
1.41312557187884 0.15349999999999997
1.4150442759818662 0.15300000000000002
1.4169629800848926 0.15249999999999997
1.4179223321364056 0.15200000000000002
1.419841036239432 0.15149999999999997
1.419841036239432 0.15100000000000002
1.419841036239432 0.15049999999999997
1.4217597403424582 0.15000000000000002
1.427515852651537 0.14949999999999997
1.4303939088060764 0.14900000000000002
1.4313532608575894 0.14849999999999997
1.4313532608575894 0.14800000000000002
1.4323126129091026 0.14749999999999996
1.4332719649606158 0.14700000000000002
1.4342313170121288 0.14649999999999996
1.4342313170121288 0.14600000000000002
1.4371093731666682 0.14549999999999996
1.4390280772696946 0.14500000000000002
1.4399874293212076 0.14449999999999996
1.4457435416302864 0.14400000000000002
1.4467028936817996 0.14349999999999996
1.4467028936817996 0.14300000000000002
1.4514996539393652 0.14249999999999996
1.4543777100939046 0.14200000000000002
1.457255766248444 0.14149999999999996
1.457255766248444 0.14100000000000001
1.4591744703514702 0.14049999999999996
1.4610931744544966 0.14
1.4630118785575228 0.13949999999999996
1.471646047021141 0.139
1.471646047021141 0.13849999999999996
1.4745241031756804 0.138
1.4774021593302198 0.13749999999999996
1.4783615113817328 0.137
1.4802802154847592 0.13649999999999995
1.4860363277938378 0.136
1.486995679845351 0.13549999999999995
1.486995679845351 0.135
1.486995679845351 0.13449999999999995
1.4889143839483772 0.134
1.4898737359998904 0.13349999999999995
1.4917924401029166 0.133
1.4927517921544298 0.13249999999999995
1.493711144205943 0.132
1.4965892003604824 0.13149999999999995
1.5004266085665348 0.131
1.5071420729271268 0.13049999999999995
1.5071420729271268 0.13
1.509060777030153 0.12949999999999995
1.5138575372877185 0.129
1.5148168893392318 0.12849999999999995
1.5176949454937712 0.128
1.5186542975452844 0.12749999999999995
1.5205730016483106 0.127
1.5205730016483106 0.12649999999999995
1.5205730016483106 0.126
1.52345105780285 0.12549999999999994
1.5244104098543632 0.125
1.5253697619058761 0.12450000000000006
1.5253697619058761 0.124
1.5263291139573893 0.12350000000000005
1.5320852262664681 0.123
1.5340039303694943 0.12250000000000005
1.5349632824210075 0.122
1.5368819865240337 0.12150000000000005
1.537841338575547 0.121
1.5426380988331125 0.12050000000000005
1.545516154987652 0.12
1.5503129152452175 0.11950000000000005
1.5522316193482437 0.119
1.5541503234512701 0.11850000000000005
1.5541503234512701 0.118
1.5541503234512701 0.11750000000000005
1.5551096755027831 0.11699999999999999
1.5704593083269933 0.11650000000000005
1.575256068584559 0.11599999999999999
1.5762154206360721 0.11550000000000005
1.5790934767906115 0.11499999999999999
1.5790934767906115 0.11450000000000005
1.582930884996664 0.11399999999999999
1.5877276452542297 0.11350000000000005
1.5886869973057427 0.11299999999999999
1.5906057014087691 0.11250000000000004
1.591565053460282 0.11199999999999999
1.5934837575633083 0.11150000000000004
1.5963618137178477 0.11099999999999999
1.599239869872387 0.11050000000000004
1.6011585739754135 0.10999999999999999
1.6030772780784397 0.10950000000000004
1.6030772780784397 0.10899999999999999
1.6069146862844923 0.10850000000000004
1.6078740383360053 0.10799999999999998
1.6088333903875185 0.10750000000000004
1.6107520944905447 0.10699999999999998
1.612670798593571 0.10650000000000004
1.6155488547481103 0.10599999999999998
1.6155488547481103 0.10550000000000004
1.6174675588511367 0.10499999999999998
1.6174675588511367 0.10450000000000004
1.6193862629541629 0.10399999999999998
1.620345615005676 0.10350000000000004
1.6222643191087023 0.10299999999999998
1.6261017273147549 0.10250000000000004
1.6270610793662679 0.10199999999999998
1.6308984875723205 0.10150000000000003
1.6328171916753467 0.10099999999999998
1.6337765437268599 0.10050000000000003
1.635695247829886 0.09999999999999998
1.635695247829886 0.09950000000000003
1.6376139519329123 0.09899999999999998
1.6404920080874517 0.09850000000000003
1.6404920080874517 0.09799999999999998
1.642410712190478 0.09750000000000003
1.6443294162935043 0.09699999999999998
1.6481668244995569 0.09650000000000003
1.650085528602583 0.09599999999999997
1.6510448806540963 0.09550000000000003
1.6520042327056093 0.09499999999999997
1.6539229368086357 0.09450000000000003
1.6558416409116619 0.09399999999999997
1.656800992963175 0.09350000000000003
1.6606384011692275 0.09299999999999997
1.66447580937528 0.09250000000000003
1.665435161426793 0.09199999999999997
1.6692725696328456 0.09150000000000003
1.6702319216843589 0.09099999999999997
1.6750286819419244 0.09050000000000002
1.6779067380964638 0.08999999999999997
1.67982544219949 0.08950000000000002
1.6807847942510032 0.08899999999999997
1.6970937791267264 0.08850000000000002
1.6970937791267264 0.08799999999999997
1.701890539384292 0.08750000000000002
1.7114840598994234 0.08699999999999997
1.7134027640024496 0.08650000000000002
1.7153214681054758 0.08599999999999997
1.7191588763115284 0.08550000000000002
1.7277930447751466 0.08499999999999996
1.7277930447751466 0.08450000000000002
1.7287523968266596 0.08399999999999996
1.731630452981199 0.08350000000000002
1.7345085091357384 0.08299999999999996
1.7345085091357384 0.08250000000000002
1.7364272132387648 0.08199999999999996
1.7373865652902778 0.08150000000000002
1.738345917341791 0.08099999999999996
1.7479394378569222 0.08050000000000002
1.7488987899084354 0.07999999999999996
1.7488987899084354 0.07950000000000002
1.752736198114488 0.07899999999999996
1.752736198114488 0.07850000000000001
1.752736198114488 0.07799999999999996
1.7575329583720536 0.07750000000000001
1.7584923104235668 0.07699999999999996
1.7623297186296192 0.07650000000000001
1.7632890706811324 0.07599999999999996
1.7632890706811324 0.07550000000000001
1.7690451829902112 0.07499999999999996
1.7719232391447506 0.07450000000000001
1.7728825911962636 0.07399999999999995
1.775760647350803 0.07350000000000001
1.7795980555568556 0.07299999999999995
1.782476111711395 0.07250000000000001
1.7843948158144212 0.07199999999999995
1.7891915760719868 0.07150000000000001
1.7911102801750132 0.07099999999999995
1.7920696322265262 0.07050000000000001
1.797825744535605 0.06999999999999995
1.804541208896197 0.0695
1.8112566732567887 0.06899999999999995
1.8112566732567887 0.0685
1.8179721376173807 0.06799999999999995
1.8179721376173807 0.0675
1.8237282499264595 0.06699999999999995
1.8237282499264595 0.0665
1.8246876019779728 0.06599999999999995
1.8256469540294857 0.0655
1.826606306080999 0.06499999999999995
1.8333217704415907 0.0645
1.834281122493104 0.06399999999999995
1.848671403265801 0.0635
1.848671403265801 0.06299999999999994
1.8534681635233665 0.0625
1.8544275155748797 0.062000000000000055
1.8601836278839585 0.0615
1.8611429799354715 0.061000000000000054
1.8678584442960635 0.0605
1.871695852502116 0.06000000000000005
1.871695852502116 0.0595
1.878411316862708 0.05900000000000005
1.880330020965734 0.058499999999999996
1.8822487250687605 0.05800000000000005
1.8889641894293523 0.057499999999999996
1.8899235414808655 0.05700000000000005
1.8995170619959967 0.056499999999999995
1.901435766099023 0.05600000000000005
1.9081512304596149 0.055499999999999994
1.9081512304596149 0.05500000000000005
1.9158260468717199 0.05449999999999999
1.916785398923233 0.05400000000000005
1.93117567969593 0.05349999999999999
1.9330943837989563 0.05300000000000005
1.9369317920050089 0.05249999999999999
1.9407692002110613 0.052000000000000046
1.9426879043140877 0.05149999999999999
1.9474846645716533 0.051000000000000045
1.9474846645716533 0.05049999999999999
1.9484440166231665 0.050000000000000044
1.9542001289322453 0.04949999999999999
1.9666717056019158 0.049000000000000044
1.967631057653429 0.04849999999999999
1.9733871699625078 0.04800000000000004
1.9801026343230996 0.04749999999999999
1.9839400425291522 0.04700000000000004
1.9877774507352046 0.046499999999999986
1.9887368027867178 0.04600000000000004
1.9887368027867178 0.045499999999999985
1.9925742109927704 0.04500000000000004
1.9935335630442834 0.044499999999999984
1.9954522671473098 0.04400000000000004
1.9954522671473098 0.04349999999999998
2.0002490274048754 0.04300000000000004
2.0002490274048754 0.04249999999999998
2.005045787662441 0.04200000000000004
2.006005139713954 0.04149999999999998
2.0069644917654674 0.041000000000000036
2.01080189997152 0.04049999999999998
2.0165580122805986 0.040000000000000036
2.018476716383625 0.03949999999999998
2.021354772538164 0.039000000000000035
2.027110884847243 0.03849999999999998
2.032866997156322 0.038000000000000034
2.040541813568427 0.03749999999999998
2.0606882066502026 0.03700000000000003
2.0606882066502026 0.03649999999999998
2.0674036710107946 0.03600000000000003
2.07220043126836 0.035499999999999976
2.0769971915259258 0.03500000000000003
2.101940344865267 0.034499999999999975
2.1076964571743457 0.03400000000000003
2.108655809225859 0.033499999999999974
2.1134525694834245 0.03300000000000003
2.1144119215349377 0.03249999999999997
2.1201680338440165 0.03200000000000003
2.122086737947043 0.03149999999999997
2.138395722822766 0.031000000000000028
2.152786003595463 0.03049999999999997
2.1556640597500025 0.030000000000000027
2.184444621295396 0.02949999999999997
2.1873226774499357 0.029000000000000026
2.1997942541196065 0.02849999999999997
2.2237780554074345 0.028000000000000025
2.2247374074589477 0.02749999999999997
2.228574815665 0.027000000000000024
2.2439244484892105 0.026499999999999968
2.2535179690043416 0.026000000000000023
2.283257882601249 0.025499999999999967
2.294770107219406 0.025000000000000022
2.2976481633739456 0.024499999999999966
2.298607515425459 0.02400000000000002
2.322591316713287 0.023499999999999965
2.3484938221041416 0.02300000000000002
2.353290582361707 0.022499999999999964
2.355209286464733 0.02200000000000002
2.3571279905677596 0.021499999999999964
2.3580873426192728 0.02100000000000002
2.3638434549283516 0.020499999999999963
2.383989848010127 0.020000000000000018
2.3887866082676927 0.019499999999999962
2.396461424679798 0.019000000000000017
2.399339480834337 0.01849999999999996
2.4089330013494687 0.018000000000000016
2.4108517054524947 0.01749999999999996
2.427160690328218 0.017000000000000015
2.427160690328218 0.01649999999999996
2.43387615468881 0.016000000000000014
2.4549818998220987 0.015499999999999958
2.4549818998220987 0.015000000000000013
2.470331532646309 0.014499999999999957
2.4770469970069007 0.014000000000000012
2.4828031093159795 0.013499999999999956
2.484721813419006 0.013000000000000012
2.5115836708613735 0.012499999999999956
2.550917104973412 0.01200000000000001
2.5844944267763714 0.011499999999999955
2.6161530444763046 0.01100000000000001
2.627665269094462 0.010499999999999954
2.6660393511549874 0.010000000000000009
2.6679580552580138 0.009499999999999953
2.8463975368394556 0.009000000000000008
2.8531130012000476 0.008499999999999952
2.8675032819727444 0.008000000000000007
2.9797474719997807 0.007499999999999951
2.983584880205833 0.007000000000000006
2.9989345130300435 0.00649999999999995
3.009487385596688 0.006000000000000005
3.0680078607389887 0.005499999999999949
3.098707126387409 0.0050000000000000044
3.1495527851176046 0.0044999999999999485
3.1649024179418146 0.0040000000000000036
3.195601683590235 0.0034999999999999476
3.227260301290168 0.0030000000000000027
3.4181713595412813 0.0024999999999999467
3.523700085207725 0.0020000000000000018
3.6417003875438403 0.0014999999999999458
3.8815384004221225 0.0010000000000000009
4.060937234055078 0.0004999999999999449
