0.0013873141988143935 1.0
0.0013873141988143935 0.9995
0.002774628397628787 0.999
0.002774628397628787 0.9985
0.002774628397628787 0.998
0.0041619425964431805 0.9975
0.0041619425964431805 0.997
0.005549256795257574 0.9965
0.005549256795257574 0.996
0.0069365709940719675 0.9955
0.008323885192886361 0.995
0.009711199391700754 0.9945
0.011098513590515148 0.994
0.011098513590515148 0.9935
0.011098513590515148 0.993
0.011098513590515148 0.9925
0.011098513590515148 0.992
0.01248582778932954 0.9915
0.01248582778932954 0.991
0.01248582778932954 0.9905
0.01248582778932954 0.99
0.01248582778932954 0.9895
0.013873141988143935 0.989
0.013873141988143935 0.9885
0.015260456186958328 0.988
0.015260456186958328 0.9875
0.016647770385772722 0.987
0.019422398783401507 0.9865
0.019422398783401507 0.986
0.0208097129822159 0.9855
0.0208097129822159 0.985
0.0208097129822159 0.9845
0.02358434137984469 0.984
0.02358434137984469 0.9835
0.02358434137984469 0.983
0.02497165557865908 0.9825
0.026358969777473474 0.982
0.02774628397628787 0.9815
0.029133598175102263 0.981
0.029133598175102263 0.9805
0.029133598175102263 0.98
0.030520912373916655 0.9795
0.030520912373916655 0.979
0.03190822657273105 0.9785
0.03190822657273105 0.978
0.033295540771545444 0.9775
0.033295540771545444 0.977
0.03468285497035983 0.9765
0.03468285497035983 0.976
0.03607016916917423 0.9755
0.03607016916917423 0.975
0.037457483367988625 0.9745
0.038844797566803015 0.974
0.038844797566803015 0.9735
0.038844797566803015 0.973
0.04023211176561741 0.9725
0.04023211176561741 0.972
0.0416194259644318 0.9715
0.0416194259644318 0.971
0.0416194259644318 0.9705
0.0416194259644318 0.97
0.043006740163246196 0.9695
0.043006740163246196 0.969
0.043006740163246196 0.9685
0.04439405436206059 0.968
0.04439405436206059 0.9675
0.04439405436206059 0.967
0.04578136856087498 0.9665
0.04716868275968938 0.966
0.04716868275968938 0.9655
0.04716868275968938 0.965
0.04855599695850377 0.9645
0.04994331115731816 0.964
0.04994331115731816 0.9635
0.04994331115731816 0.963
0.05133062535613256 0.9625
0.05133062535613256 0.962
0.05271793955494695 0.9615
0.054105253753761344 0.961
0.054105253753761344 0.9605
0.05549256795257574 0.96
0.05549256795257574 0.9595
0.05549256795257574 0.959
0.05549256795257574 0.9585
0.05549256795257574 0.958
0.05687988215139013 0.9575
0.05687988215139013 0.957
0.05687988215139013 0.9565
0.058267196350204525 0.956
0.058267196350204525 0.9555
0.058267196350204525 0.955
0.058267196350204525 0.9545
0.058267196350204525 0.954
0.05965451054901892 0.9535
0.05965451054901892 0.953
0.05965451054901892 0.9525
0.05965451054901892 0.952
0.05965451054901892 0.9515
0.06104182474783331 0.951
0.06104182474783331 0.9505
0.06242913894664771 0.95
0.06242913894664771 0.9495
0.06242913894664771 0.949
0.06242913894664771 0.9485
0.06242913894664771 0.948
0.06242913894664771 0.9475
0.0638164531454621 0.947
0.0638164531454621 0.9465
0.06520376734427649 0.946
0.06659108154309089 0.9455
0.06659108154309089 0.945
0.06659108154309089 0.9445
0.06797839574190528 0.944
0.06797839574190528 0.9435
0.06797839574190528 0.943
0.06936570994071967 0.9425
0.07075302413953406 0.942
0.07075302413953406 0.9415
0.07075302413953406 0.9410000000000001
0.07075302413953406 0.9405
0.07214033833834846 0.94
0.07214033833834846 0.9395
0.07352765253716285 0.9390000000000001
0.07352765253716285 0.9385
0.07491496673597725 0.938
0.07768959513360603 0.9375
0.07768959513360603 0.937
0.07907690933242043 0.9365
0.07907690933242043 0.9359999999999999
0.08046422353123482 0.9355
0.08046422353123482 0.935
0.08185153773004922 0.9345
0.08185153773004922 0.9339999999999999
0.08185153773004922 0.9335
0.0832388519288636 0.933
0.0832388519288636 0.9325
0.0832388519288636 0.9319999999999999
0.084626166127678 0.9315
0.08740079452530679 0.931
0.08740079452530679 0.9305
0.08740079452530679 0.9299999999999999
0.08740079452530679 0.9295
0.08878810872412118 0.929
0.08878810872412118 0.9285
0.08878810872412118 0.928
0.09017542292293558 0.9275
0.09017542292293558 0.927
0.09156273712174996 0.9265
0.09295005132056436 0.926
0.09295005132056436 0.9255
0.09295005132056436 0.925
0.09433736551937875 0.9245
0.09433736551937875 0.924
0.09433736551937875 0.9235
0.09572467971819315 0.923
0.09572467971819315 0.9225
0.09711199391700755 0.922
0.09711199391700755 0.9215
0.09711199391700755 0.921
0.09711199391700755 0.9205
0.09711199391700755 0.92
0.09849930811582193 0.9195
0.10266125071226512 0.919
0.10404856491107951 0.9185
0.10404856491107951 0.918
0.10404856491107951 0.9175
0.10404856491107951 0.917
0.1054358791098939 0.9165
0.10682319330870829 0.916
0.10682319330870829 0.9155
0.10682319330870829 0.915
0.10821050750752269 0.9145
0.10959782170633708 0.914
0.10959782170633708 0.9135
0.11098513590515148 0.913
0.11098513590515148 0.9125
0.11098513590515148 0.912
0.11237245010396586 0.9115
0.11237245010396586 0.911
0.11237245010396586 0.9105
0.11237245010396586 0.91
0.11375976430278026 0.9095
0.11514707850159465 0.909
0.11514707850159465 0.9085
0.11514707850159465 0.908
0.11514707850159465 0.9075
0.11514707850159465 0.907
0.11514707850159465 0.9065
0.11653439270040905 0.906
0.11653439270040905 0.9055
0.11653439270040905 0.905
0.11653439270040905 0.9045
0.12069633529685223 0.904
0.12069633529685223 0.9035
0.12069633529685223 0.903
0.12208364949566662 0.9025
0.12208364949566662 0.902
0.12208364949566662 0.9015
0.12485827789329541 0.901
0.12485827789329541 0.9005
0.1262455920921098 0.9
0.1262455920921098 0.8995
0.1262455920921098 0.899
0.1262455920921098 0.8985
0.1276329062909242 0.898
0.1276329062909242 0.8975
0.1276329062909242 0.897
0.1276329062909242 0.8965
0.1290202204897386 0.896
0.1290202204897386 0.8955
0.13040753468855298 0.895
0.13179484888736737 0.8945
0.13318216308618178 0.894
0.13318216308618178 0.8935
0.13318216308618178 0.893
0.13456947728499616 0.8925
0.13456947728499616 0.892
0.13595679148381057 0.8915
0.13734410568262495 0.891
0.13734410568262495 0.8905
0.13873141988143933 0.89
0.13873141988143933 0.8895
0.13873141988143933 0.889
0.14011873408025374 0.8885
0.14011873408025374 0.888
0.14150604827906813 0.8875
0.14150604827906813 0.887
0.14289336247788254 0.8865
0.14428067667669692 0.886
0.1456679908755113 0.8855
0.1456679908755113 0.885
0.1456679908755113 0.8845
0.1470553050743257 0.884
0.1470553050743257 0.8835
0.1484426192731401 0.883
0.1484426192731401 0.8825000000000001
0.1484426192731401 0.882
0.1484426192731401 0.8815
0.1498299334719545 0.881
0.1498299334719545 0.8805000000000001
0.1498299334719545 0.88
0.1498299334719545 0.8795
0.1498299334719545 0.879
0.15121724767076888 0.8785000000000001
0.15121724767076888 0.878
0.15121724767076888 0.8775
0.15260456186958327 0.877
0.15260456186958327 0.8765000000000001
0.15260456186958327 0.876
0.15399187606839768 0.8755
0.15399187606839768 0.875
0.15399187606839768 0.8745
0.15399187606839768 0.874
0.15537919026721206 0.8734999999999999
0.15537919026721206 0.873
0.15537919026721206 0.8725
0.15676650446602647 0.872
0.15676650446602647 0.8714999999999999
0.15815381866484085 0.871
0.15954113286365523 0.8705
0.15954113286365523 0.87
0.15954113286365523 0.8694999999999999
0.16231576126128403 0.869
0.16231576126128403 0.8685
0.16370307546009844 0.868
0.16370307546009844 0.8674999999999999
0.16509038965891282 0.867
0.16509038965891282 0.8665
0.16509038965891282 0.866
0.1664777038577272 0.8654999999999999
0.1678650180565416 0.865
0.1678650180565416 0.8645
0.1678650180565416 0.864
0.1678650180565416 0.8634999999999999
0.1678650180565416 0.863
0.1678650180565416 0.8625
0.169252332255356 0.862
0.169252332255356 0.8614999999999999
0.1706396464541704 0.861
0.1706396464541704 0.8605
0.17202696065298478 0.86
0.1734142748517992 0.8594999999999999
0.1734142748517992 0.859
0.17480158905061358 0.8585
0.17618890324942796 0.858
0.17757621744824237 0.8575
0.18035084584587116 0.857
0.18173816004468554 0.8565
0.18312547424349992 0.856
0.18312547424349992 0.8555
0.18312547424349992 0.855
0.18312547424349992 0.8545
0.18451278844231433 0.854
0.18451278844231433 0.8535
0.18451278844231433 0.853
0.18451278844231433 0.8525
0.18590010264112872 0.852
0.18728741683994313 0.8515
0.1886747310387575 0.851
0.1886747310387575 0.8505
0.1900620452375719 0.85
0.1900620452375719 0.8495
0.1900620452375719 0.849
0.1900620452375719 0.8485
0.1900620452375719 0.848
0.1900620452375719 0.8475
0.1914493594363863 0.847
0.19283667363520068 0.8465
0.1942239878340151 0.846
0.1942239878340151 0.8455
0.19699861623164386 0.845
0.19699861623164386 0.8445
0.19699861623164386 0.844
0.19838593043045827 0.8435
0.19838593043045827 0.843
0.19838593043045827 0.8425
0.19838593043045827 0.842
0.19838593043045827 0.8415
0.19977324462927265 0.841
0.19977324462927265 0.8405
0.20116055882808706 0.84
0.20116055882808706 0.8395
0.20116055882808706 0.839
0.20254787302690144 0.8385
0.20532250142453023 0.838
0.20532250142453023 0.8375
0.20532250142453023 0.837
0.20532250142453023 0.8365
0.20670981562334462 0.836
0.2094844440209734 0.8355
0.2108717582197878 0.835
0.2122590724186022 0.8345
0.2122590724186022 0.834
0.2122590724186022 0.8335
0.21364638661741658 0.833
0.215033700816231 0.8325
0.215033700816231 0.832
0.21642101501504538 0.8315
0.21780832921385976 0.831
0.21919564341267417 0.8305
0.21919564341267417 0.83
0.22058295761148855 0.8295
0.22197027181030296 0.829
0.22197027181030296 0.8285
0.22197027181030296 0.8280000000000001
0.22335758600911734 0.8275
0.22474490020793172 0.827
0.22474490020793172 0.8265
0.22474490020793172 0.8260000000000001
0.22613221440674613 0.8255
0.22751952860556052 0.825
0.22890684280437493 0.8245
0.22890684280437493 0.8240000000000001
0.22890684280437493 0.8235
0.22890684280437493 0.823
0.22890684280437493 0.8225
0.22890684280437493 0.8220000000000001
0.22890684280437493 0.8215
0.22890684280437493 0.821
0.22890684280437493 0.8205
0.2302941570031893 0.8200000000000001
0.2302941570031893 0.8195
0.2302941570031893 0.819
0.2330687854008181 0.8185
0.2330687854008181 0.8180000000000001
0.2358434137984469 0.8175
0.23723072799726128 0.817
0.24000535639489007 0.8165
0.24000535639489007 0.8160000000000001
0.24000535639489007 0.8155
0.24000535639489007 0.815
0.24000535639489007 0.8145
0.24139267059370445 0.8140000000000001
0.24139267059370445 0.8135
0.24277998479251886 0.813
0.24416729899133324 0.8125
0.24416729899133324 0.812
0.24416729899133324 0.8115
0.24416729899133324 0.8109999999999999
0.24416729899133324 0.8105
0.24416729899133324 0.81
0.24555461319014765 0.8095
0.24694192738896203 0.8089999999999999
0.24694192738896203 0.8085
0.24694192738896203 0.808
0.24832924158777642 0.8075
0.24971655578659083 0.8069999999999999
0.24971655578659083 0.8065
0.24971655578659083 0.806
0.24971655578659083 0.8055
0.25110386998540524 0.8049999999999999
0.25110386998540524 0.8045
0.25110386998540524 0.804
0.2524911841842196 0.8035
0.2552658125818484 0.8029999999999999
0.2552658125818484 0.8025
0.2552658125818484 0.802
0.25665312678066277 0.8015
0.2580404409794772 0.8009999999999999
0.2594277551782916 0.8005
0.26081506937710597 0.8
0.26220238357592035 0.7995
0.26358969777473473 0.7989999999999999
0.26358969777473473 0.7985
0.26358969777473473 0.798
0.26497701197354917 0.7975
0.26497701197354917 0.7969999999999999
0.26497701197354917 0.7965
0.26636432617236355 0.796
0.26636432617236355 0.7955
0.26636432617236355 0.795
0.26636432617236355 0.7945
0.26775164037117793 0.794
0.26775164037117793 0.7935
0.26775164037117793 0.793
0.26775164037117793 0.7925
0.26775164037117793 0.792
0.2691389545699923 0.7915
0.2705262687688067 0.791
0.27191358296762114 0.7905
0.2746882113652499 0.79
0.2760755255640643 0.7895
0.27746283976287867 0.789
0.27746283976287867 0.7885
0.27746283976287867 0.788
0.2788501539616931 0.7875
0.2788501539616931 0.787
0.28162478235932187 0.7865
0.28439941075695063 0.786
0.28439941075695063 0.7855
0.28439941075695063 0.785
0.28578672495576507 0.7845
0.28578672495576507 0.784
0.28717403915457945 0.7835
0.2899486675522082 0.783
0.2899486675522082 0.7825
0.2899486675522082 0.782
0.2899486675522082 0.7815
0.29272329594983704 0.781
0.29272329594983704 0.7805
0.29272329594983704 0.78
0.29272329594983704 0.7795
0.2941106101486514 0.779
0.2941106101486514 0.7785
0.2941106101486514 0.778
0.2968852385462802 0.7775
0.29827255274509457 0.777
0.29827255274509457 0.7765
0.29827255274509457 0.776
0.299659866943909 0.7755
0.299659866943909 0.775
0.299659866943909 0.7745
0.299659866943909 0.774
0.299659866943909 0.7735
0.3010471811427234 0.773
0.3010471811427234 0.7725
0.30243449534153777 0.772
0.30382180954035215 0.7715
0.30382180954035215 0.771
0.30520912373916653 0.7705
0.30520912373916653 0.77
0.30659643793798097 0.7695
0.30659643793798097 0.769
0.30659643793798097 0.7685
0.30659643793798097 0.768
0.30659643793798097 0.7675
0.30659643793798097 0.767
0.30798375213679535 0.7665
0.30937106633560973 0.766
0.30937106633560973 0.7655000000000001
0.30937106633560973 0.765
0.3107583805344241 0.7645
0.3121456947332385 0.764
0.3121456947332385 0.7635000000000001
0.3121456947332385 0.763
0.3121456947332385 0.7625
0.3121456947332385 0.762
0.3163076373296817 0.7615000000000001
0.3163076373296817 0.761
0.3176949515284961 0.7605
0.3176949515284961 0.76
0.3176949515284961 0.7595000000000001
0.3176949515284961 0.759
0.3176949515284961 0.7585
0.31908226572731047 0.758
0.31908226572731047 0.7575000000000001
0.31908226572731047 0.757
0.31908226572731047 0.7565
0.3204695799261249 0.756
0.32324420832375367 0.7555000000000001
0.32324420832375367 0.755
0.32324420832375367 0.7545
0.32463152252256805 0.754
0.32463152252256805 0.7535000000000001
0.32463152252256805 0.753
0.32601883672138243 0.7525
0.32601883672138243 0.752
0.32740615092019687 0.7515000000000001
0.32879346511901125 0.751
0.32879346511901125 0.7505
0.32879346511901125 0.75
0.33018077931782563 0.7495
0.33156809351664 0.749
0.3329554077154544 0.7484999999999999
0.33434272191426884 0.748
0.3357300361130832 0.7475
0.3371173503118976 0.747
0.3371173503118976 0.7464999999999999
0.3398919787095264 0.746
0.3398919787095264 0.7455
0.3412792929083408 0.745
0.3412792929083408 0.7444999999999999
0.3412792929083408 0.744
0.3426666071071552 0.7435
0.34405392130596957 0.743
0.34544123550478395 0.7424999999999999
0.34544123550478395 0.742
0.34544123550478395 0.7415
0.3468285497035984 0.741
0.3468285497035984 0.7404999999999999
0.3468285497035984 0.74
0.35099049230004153 0.7395
0.35099049230004153 0.739
0.35099049230004153 0.7384999999999999
0.3523778064988559 0.738
0.3523778064988559 0.7375
0.3523778064988559 0.737
0.3523778064988559 0.7364999999999999
0.3523778064988559 0.736
0.3523778064988559 0.7355
0.3523778064988559 0.735
0.3523778064988559 0.7344999999999999
0.3523778064988559 0.734
0.35376512069767035 0.7335
0.35376512069767035 0.733
0.35376512069767035 0.7324999999999999
0.35515243489648474 0.732
0.3565397490952991 0.7315
0.3579270632941135 0.731
0.3579270632941135 0.7304999999999999
0.3579270632941135 0.73
0.3579270632941135 0.7295
0.3593143774929279 0.729
0.3593143774929279 0.7284999999999999
0.3593143774929279 0.728
0.3607016916917423 0.7275
0.3607016916917423 0.727
0.3620890058905567 0.7264999999999999
0.36486363428818547 0.726
0.36486363428818547 0.7255
0.36486363428818547 0.725
0.36486363428818547 0.7244999999999999
0.36486363428818547 0.724
0.36486363428818547 0.7235
0.36625094848699985 0.723
0.36625094848699985 0.7224999999999999
0.3676382626858143 0.722
0.3676382626858143 0.7215
0.36902557688462867 0.721
0.37041289108344305 0.7204999999999999
0.37041289108344305 0.72
0.37041289108344305 0.7195
0.37180020528225743 0.719
0.37180020528225743 0.7185
0.37457483367988625 0.718
0.37457483367988625 0.7175
0.37596214787870064 0.7170000000000001
0.37596214787870064 0.7165
0.3787367762763294 0.716
0.3787367762763294 0.7155
0.3787367762763294 0.7150000000000001
0.3787367762763294 0.7145
0.3801240904751438 0.714
0.3801240904751438 0.7135
0.3801240904751438 0.7130000000000001
0.3815114046739582 0.7125
0.3815114046739582 0.712
0.3815114046739582 0.7115
0.3815114046739582 0.7110000000000001
0.3815114046739582 0.7105
0.3828987188727726 0.71
0.3828987188727726 0.7095
0.3828987188727726 0.7090000000000001
0.384286033071587 0.7085
0.384286033071587 0.708
0.384286033071587 0.7075
0.38567334727040137 0.7070000000000001
0.38567334727040137 0.7065
0.38567334727040137 0.706
0.38706066146921575 0.7055
0.38983528986684457 0.7050000000000001
0.39122260406565895 0.7045
0.39260991826447333 0.704
0.39260991826447333 0.7035
0.39260991826447333 0.7030000000000001
0.39260991826447333 0.7025
0.3939972324632877 0.702
0.3939972324632877 0.7015
0.3939972324632877 0.7010000000000001
0.3939972324632877 0.7005
0.39538454666210215 0.7
0.39677186086091654 0.6995
0.3981591750597309 0.6990000000000001
0.3981591750597309 0.6985
0.3981591750597309 0.698
0.3981591750597309 0.6975
0.4009338034573597 0.6970000000000001
0.4009338034573597 0.6965
0.4009338034573597 0.696
0.4037084318549885 0.6955
0.4037084318549885 0.6950000000000001
0.4050957460538029 0.6945
0.4050957460538029 0.694
0.40648306025261727 0.6935
0.40648306025261727 0.6930000000000001
0.40787037445143165 0.6925
0.4092576886502461 0.692
0.4092576886502461 0.6915
0.4092576886502461 0.6910000000000001
0.41064500284906047 0.6905
0.41203231704787485 0.69
0.41203231704787485 0.6895
0.4148069454455036 0.6890000000000001
0.41758157384313244 0.6885
0.41758157384313244 0.688
0.4189688880419468 0.6875
0.4189688880419468 0.687
0.4189688880419468 0.6865
0.4203562022407612 0.6859999999999999
0.4217435164395756 0.6855
0.4217435164395756 0.685
0.4217435164395756 0.6845
0.42313083063839 0.6839999999999999
0.42313083063839 0.6835
0.42313083063839 0.683
0.4245181448372044 0.6825
0.4245181448372044 0.6819999999999999
0.4245181448372044 0.6815
0.4245181448372044 0.681
0.4245181448372044 0.6805
0.42729277323483317 0.6799999999999999
0.42868008743364755 0.6795
0.43145471583127637 0.679
0.43145471583127637 0.6785
0.43422934422890513 0.6779999999999999
0.43422934422890513 0.6775
0.43422934422890513 0.677
0.43422934422890513 0.6765
0.43422934422890513 0.6759999999999999
0.4356166584277195 0.6755
0.4356166584277195 0.675
0.43700397262653395 0.6745
0.43700397262653395 0.6739999999999999
0.43700397262653395 0.6735
0.43700397262653395 0.673
0.43700397262653395 0.6725
0.43700397262653395 0.6719999999999999
0.4397786010241627 0.6715
0.4411659152229771 0.671
0.4411659152229771 0.6705
0.4425532294217915 0.6699999999999999
0.4439405436206059 0.6695
0.4439405436206059 0.669
0.4453278578194203 0.6685
0.4467151720182347 0.6679999999999999
0.4467151720182347 0.6675
0.44810248621704907 0.667
0.44810248621704907 0.6665
0.44948980041586345 0.6659999999999999
0.45226442881349227 0.6655
0.45226442881349227 0.665
0.45503905721112103 0.6645
0.4564263714099354 0.6639999999999999
0.4564263714099354 0.6635
0.4564263714099354 0.663
0.45781368560874985 0.6625
0.45781368560874985 0.6619999999999999
0.45781368560874985 0.6615
0.45781368560874985 0.661
0.45920099980756424 0.6605
0.4605883140063786 0.6599999999999999
0.4605883140063786 0.6595
0.4605883140063786 0.659
0.4633629424040074 0.6585
0.4647502566028218 0.6579999999999999
0.4661375708016362 0.6575
0.4661375708016362 0.657
0.4661375708016362 0.6565
0.4675248850004506 0.656
0.4675248850004506 0.6555
0.4675248850004506 0.655
0.46891219919926497 0.6545000000000001
0.46891219919926497 0.654
0.46891219919926497 0.6535
0.46891219919926497 0.653
0.46891219919926497 0.6525000000000001
0.47029951339807935 0.652
0.4716868275968938 0.6515
0.4716868275968938 0.651
0.47307414179570817 0.6505000000000001
0.47307414179570817 0.65
0.47446145599452255 0.6495
0.47446145599452255 0.649
0.47446145599452255 0.6485000000000001
0.47584877019333693 0.648
0.47584877019333693 0.6475
0.47584877019333693 0.647
0.47584877019333693 0.6465000000000001
0.47584877019333693 0.646
0.47723608439215137 0.6455
0.48001071278978014 0.645
0.48001071278978014 0.6445000000000001
0.48001071278978014 0.644
0.4813980269885945 0.6435
0.4827853411874089 0.643
0.4827853411874089 0.6425000000000001
0.48417265538622334 0.642
0.4855599695850377 0.6415
0.4855599695850377 0.641
0.4869472837838521 0.6405000000000001
0.4869472837838521 0.64
0.4869472837838521 0.6395
0.4883345979826665 0.639
0.4883345979826665 0.6385000000000001
0.48972191218148087 0.638
0.4911092263802953 0.6375
0.4911092263802953 0.637
0.49388385477792407 0.6365000000000001
0.49527116897673845 0.636
0.49665848317555283 0.6355
0.49665848317555283 0.635
0.49665848317555283 0.6345000000000001
0.49804579737436727 0.634
0.49804579737436727 0.6335
0.500820425771996 0.633
0.500820425771996 0.6325000000000001
0.500820425771996 0.632
0.500820425771996 0.6315
0.500820425771996 0.631
0.5022077399708105 0.6305000000000001
0.5022077399708105 0.63
0.5022077399708105 0.6295
0.5035950541696248 0.629
0.5035950541696248 0.6285000000000001
0.5049823683684392 0.628
0.507756996766068 0.6275
0.507756996766068 0.627
0.5091443109648824 0.6265000000000001
0.5105316251636968 0.626
0.5119189393625112 0.6255
0.5119189393625112 0.625
0.5119189393625112 0.6245
0.5119189393625112 0.624
0.5133062535613255 0.6234999999999999
0.5133062535613255 0.623
0.5133062535613255 0.6225
0.5133062535613255 0.622
0.5133062535613255 0.6214999999999999
0.5133062535613255 0.621
0.51469356776014 0.6205
0.5160808819589544 0.62
0.5174681961577687 0.6194999999999999
0.5174681961577687 0.619
0.5188555103565832 0.6185
0.5188555103565832 0.618
0.5188555103565832 0.6174999999999999
0.5188555103565832 0.617
0.5188555103565832 0.6165
0.5202428245553975 0.616
0.5202428245553975 0.6154999999999999
0.5202428245553975 0.615
0.5216301387542119 0.6145
0.5216301387542119 0.614
0.5216301387542119 0.6134999999999999
0.5230174529530264 0.613
0.5230174529530264 0.6125
0.5230174529530264 0.612
0.5244047671518407 0.6114999999999999
0.5244047671518407 0.611
0.5257920813506551 0.6105
0.5257920813506551 0.61
0.5271793955494695 0.6094999999999999
0.5271793955494695 0.609
0.5271793955494695 0.6085
0.5285667097482839 0.608
0.5285667097482839 0.6074999999999999
0.5285667097482839 0.607
0.5299540239470983 0.6065
0.5299540239470983 0.606
0.5327286523447271 0.6054999999999999
0.5327286523447271 0.605
0.5327286523447271 0.6045
0.5327286523447271 0.604
0.5341159665435414 0.6034999999999999
0.5341159665435414 0.603
0.5341159665435414 0.6025
0.5341159665435414 0.602
0.5355032807423559 0.6014999999999999
0.5368905949411703 0.601
0.5368905949411703 0.6005
0.5368905949411703 0.6
0.5368905949411703 0.5994999999999999
0.5382779091399846 0.599
0.5382779091399846 0.5985
0.5382779091399846 0.598
0.5382779091399846 0.5974999999999999
0.5396652233387991 0.597
0.5396652233387991 0.5965
0.5410525375376134 0.596
0.5410525375376134 0.5954999999999999
0.5410525375376134 0.595
0.5424398517364278 0.5945
0.5424398517364278 0.594
0.5424398517364278 0.5935
0.5438271659352423 0.593
0.546601794332871 0.5925
0.5479891085316854 0.5920000000000001
0.5493764227304998 0.5915
0.5507637369293142 0.591
0.5507637369293142 0.5905
0.5507637369293142 0.5900000000000001
0.5507637369293142 0.5895
0.5521510511281286 0.589
0.5521510511281286 0.5885
0.5563129937245718 0.5880000000000001
0.5577003079233862 0.5875
0.5577003079233862 0.587
0.5590876221222005 0.5865
0.560474936321015 0.5860000000000001
0.560474936321015 0.5855
0.560474936321015 0.585
0.560474936321015 0.5845
0.5618622505198293 0.5840000000000001
0.5632495647186437 0.5835
0.5660241931162725 0.583
0.5660241931162725 0.5825
0.5674115073150869 0.5820000000000001
0.5674115073150869 0.5815
0.5687988215139013 0.581
0.5701861357127157 0.5805
0.5701861357127157 0.5800000000000001
0.5701861357127157 0.5795
0.5715734499115301 0.579
0.5729607641103445 0.5785
0.5729607641103445 0.5780000000000001
0.5757353925079732 0.5775
0.5757353925079732 0.577
0.5757353925079732 0.5765
0.5757353925079732 0.5760000000000001
0.5757353925079732 0.5755
0.5771227067067877 0.575
0.5798973351044164 0.5745
0.5798973351044164 0.5740000000000001
0.5798973351044164 0.5735
0.5798973351044164 0.573
0.5812846493032309 0.5725
0.5812846493032309 0.5720000000000001
0.5812846493032309 0.5715
0.5812846493032309 0.571
0.5826719635020452 0.5705
0.5854465918996741 0.5700000000000001
0.5854465918996741 0.5695
0.5854465918996741 0.569
0.5868339060984884 0.5685
0.5868339060984884 0.5680000000000001
0.5868339060984884 0.5675
0.5882212202973028 0.567
0.5882212202973028 0.5665
0.5882212202973028 0.5660000000000001
0.5896085344961172 0.5655
0.5896085344961172 0.565
0.5909958486949316 0.5645
0.5909958486949316 0.5640000000000001
0.592383162893746 0.5635
0.592383162893746 0.563
0.592383162893746 0.5625
0.5951577912913748 0.562
0.5965451054901891 0.5615
0.599319733887818 0.5609999999999999
0.599319733887818 0.5605
0.6007070480866323 0.56
0.6007070480866323 0.5595
0.6007070480866323 0.5589999999999999
0.6020943622854468 0.5585
0.6020943622854468 0.558
0.6020943622854468 0.5575
0.6020943622854468 0.5569999999999999
0.6020943622854468 0.5565
0.6048689906830755 0.556
0.6048689906830755 0.5555
0.60625630488189 0.5549999999999999
0.60625630488189 0.5545
0.6076436190807043 0.554
0.6076436190807043 0.5535
0.6076436190807043 0.5529999999999999
0.6090309332795187 0.5525
0.6090309332795187 0.552
0.6090309332795187 0.5515
0.6104182474783331 0.5509999999999999
0.6118055616771475 0.5505
0.6118055616771475 0.55
0.6118055616771475 0.5495
0.6131928758759619 0.5489999999999999
0.6131928758759619 0.5485
0.6159675042735907 0.548
0.617354818472405 0.5475
0.6187421326712195 0.5469999999999999
0.6187421326712195 0.5465
0.6187421326712195 0.546
0.6187421326712195 0.5455
0.6201294468700339 0.5449999999999999
0.6201294468700339 0.5445
0.6201294468700339 0.544
0.6215167610688482 0.5435
0.6229040752676627 0.5429999999999999
0.6229040752676627 0.5425
0.624291389466477 0.542
0.624291389466477 0.5415
0.6256787036652914 0.5409999999999999
0.6256787036652914 0.5405
0.6270660178641059 0.54
0.6270660178641059 0.5395
0.6284533320629202 0.5389999999999999
0.6326152746593634 0.5385
0.6326152746593634 0.538
0.6340025888581778 0.5375
0.6340025888581778 0.5369999999999999
0.6340025888581778 0.5365
0.6340025888581778 0.536
0.6353899030569922 0.5355
0.6353899030569922 0.5349999999999999
0.6353899030569922 0.5345
0.6395518456534354 0.534
0.6395518456534354 0.5335
0.6409391598522498 0.5329999999999999
0.6423264740510641 0.5325
0.6464884166475073 0.532
0.6464884166475073 0.5315
0.6478757308463218 0.531
0.6478757308463218 0.5305
0.6478757308463218 0.53
0.6478757308463218 0.5295000000000001
0.6478757308463218 0.529
0.6492630450451361 0.5285
0.6492630450451361 0.528
0.6520376734427649 0.5275000000000001
0.6520376734427649 0.527
0.6520376734427649 0.5265
0.6520376734427649 0.526
0.6520376734427649 0.5255000000000001
0.6534249876415793 0.525
0.6534249876415793 0.5245
0.6548123018403937 0.524
0.6548123018403937 0.5235000000000001
0.6548123018403937 0.523
0.6575869302380225 0.5225
0.6589742444368368 0.522
0.6603615586356513 0.5215000000000001
0.6603615586356513 0.521
0.6617488728344657 0.5205
0.66313618703328 0.52
0.66313618703328 0.5195000000000001
0.66313618703328 0.519
0.66313618703328 0.5185
0.66313618703328 0.518
0.66313618703328 0.5175000000000001
0.66313618703328 0.517
0.6645235012320945 0.5165
0.6645235012320945 0.516
0.6672981296297232 0.5155000000000001
0.6672981296297232 0.515
0.6672981296297232 0.5145
0.6672981296297232 0.514
0.6686854438285377 0.5135000000000001
0.6686854438285377 0.513
0.670072758027352 0.5125
0.670072758027352 0.512
0.670072758027352 0.5115000000000001
0.670072758027352 0.511
0.670072758027352 0.5105
0.670072758027352 0.51
0.670072758027352 0.5095000000000001
0.6714600722261664 0.509
0.6728473864249808 0.5085
0.6728473864249808 0.508
0.6728473864249808 0.5075000000000001
0.6742347006237952 0.507
0.6756220148226096 0.5065
0.6756220148226096 0.506
0.6756220148226096 0.5055000000000001
0.6756220148226096 0.505
0.6756220148226096 0.5045
0.677009329021424 0.504
0.677009329021424 0.5035000000000001
0.6783966432202384 0.503
0.6783966432202384 0.5025
0.6811712716178672 0.502
0.6825585858166816 0.5015000000000001
0.6825585858166816 0.501
0.6825585858166816 0.5005
0.6825585858166816 0.5
0.6839459000154959 0.49950000000000006
0.6839459000154959 0.499
0.6839459000154959 0.49850000000000005
0.6853332142143104 0.498
0.6867205284131248 0.49750000000000005
0.6867205284131248 0.497
0.6867205284131248 0.49650000000000005
0.6867205284131248 0.496
0.6881078426119391 0.49550000000000005
0.6881078426119391 0.495
0.6881078426119391 0.49450000000000005
0.6881078426119391 0.494
0.6894951568107536 0.49350000000000005
0.6894951568107536 0.493
0.6908824710095679 0.49250000000000005
0.6908824710095679 0.492
0.6908824710095679 0.49150000000000005
0.6922697852083823 0.491
0.6922697852083823 0.49050000000000005
0.6922697852083823 0.49
0.6922697852083823 0.48950000000000005
0.6936570994071968 0.489
0.6936570994071968 0.48850000000000005
0.6950444136060111 0.488
0.6950444136060111 0.48750000000000004
0.6964317278048255 0.487
0.6992063562024543 0.48650000000000004
0.6992063562024543 0.486
0.6992063562024543 0.48550000000000004
0.7033682987988975 0.485
0.7033682987988975 0.48450000000000004
0.7033682987988975 0.484
0.7047556129977118 0.48350000000000004
0.7075302413953407 0.483
0.708917555594155 0.48250000000000004
0.708917555594155 0.482
0.7103048697929695 0.48150000000000004
0.7103048697929695 0.481
0.7103048697929695 0.48050000000000004
0.7116921839917838 0.48
0.7116921839917838 0.47950000000000004
0.7144668123894127 0.479
0.7144668123894127 0.47850000000000004
0.7144668123894127 0.478
0.715854126588227 0.47750000000000004
0.715854126588227 0.477
0.715854126588227 0.47650000000000003
0.7172414407870414 0.476
0.7172414407870414 0.47550000000000003
0.7172414407870414 0.475
0.7172414407870414 0.47450000000000003
0.7200160691846702 0.474
0.7214033833834846 0.47350000000000003
0.722790697582299 0.473
0.722790697582299 0.47250000000000003
0.722790697582299 0.472
0.7241780117811134 0.47150000000000003
0.7255653259799277 0.471
0.7269526401787422 0.47050000000000003
0.7297272685763709 0.47
0.7297272685763709 0.46950000000000003
0.7311145827751854 0.469
0.7311145827751854 0.4685
0.7311145827751854 0.46799999999999997
0.7311145827751854 0.4675
0.7311145827751854 0.46699999999999997
0.7311145827751854 0.4665
0.7311145827751854 0.46599999999999997
0.7311145827751854 0.4655
0.7325018969739997 0.46499999999999997
0.7325018969739997 0.4645
0.7325018969739997 0.46399999999999997
0.7338892111728141 0.4635
0.7338892111728141 0.46299999999999997
0.7352765253716286 0.4625
0.7352765253716286 0.46199999999999997
0.7366638395704429 0.4615
0.7366638395704429 0.46099999999999997
0.7366638395704429 0.4605
0.7380511537692573 0.45999999999999996
0.7394384679680717 0.4595
0.7394384679680717 0.45899999999999996
0.7394384679680717 0.4585
0.7394384679680717 0.45799999999999996
0.7408257821668861 0.4575
0.7408257821668861 0.45699999999999996
0.7408257821668861 0.4565
0.7408257821668861 0.45599999999999996
0.7436004105645149 0.4555
0.7449877247633293 0.45499999999999996
0.7463750389621436 0.4545
0.7477623531609581 0.45399999999999996
0.7491496673597725 0.4535
0.7491496673597725 0.45299999999999996
0.7505369815585868 0.4525
0.7519242957574013 0.45199999999999996
0.75469892415503 0.4515
0.75469892415503 0.45099999999999996
0.75469892415503 0.4505
0.75469892415503 0.44999999999999996
0.75469892415503 0.4495
0.7560862383538445 0.44899999999999995
0.7560862383538445 0.4485
0.7574735525526588 0.44799999999999995
0.7574735525526588 0.4475
0.7588608667514732 0.44699999999999995
0.7588608667514732 0.4465
0.7602481809502876 0.44599999999999995
0.761635495149102 0.4455
0.761635495149102 0.44499999999999995
0.7630228093479164 0.4445
0.7630228093479164 0.44399999999999995
0.7644101235467308 0.4435
0.7644101235467308 0.44299999999999995
0.7657974377455452 0.4425
0.7657974377455452 0.44199999999999995
0.7657974377455452 0.4415
0.7657974377455452 0.44099999999999995
0.7657974377455452 0.4405
0.7671847519443595 0.43999999999999995
0.7671847519443595 0.4395
0.7671847519443595 0.43899999999999995
0.7699593803419884 0.4385
0.7699593803419884 0.43799999999999994
0.7699593803419884 0.4375
0.7699593803419884 0.43700000000000006
0.7713466945408027 0.4365
0.7713466945408027 0.43600000000000005
0.7727340087396172 0.4355
0.7727340087396172 0.43500000000000005
0.7768959513360604 0.4345
0.7768959513360604 0.43400000000000005
0.7782832655348747 0.4335
0.7796705797336891 0.43300000000000005
0.7810578939325035 0.4325
0.7810578939325035 0.43200000000000005
0.7824452081313179 0.4315
0.7838325223301323 0.43100000000000005
0.7838325223301323 0.4305
0.7852198365289467 0.43000000000000005
0.7852198365289467 0.4295
0.7852198365289467 0.42900000000000005
0.7866071507277611 0.4285
0.7866071507277611 0.42800000000000005
0.7866071507277611 0.4275
0.7866071507277611 0.42700000000000005
0.7879944649265754 0.4265
0.7893817791253899 0.42600000000000005
0.7893817791253899 0.4255
0.7921564075230186 0.42500000000000004
0.7935437217218331 0.4245
0.7949310359206474 0.42400000000000004
0.7949310359206474 0.4235
0.7949310359206474 0.42300000000000004
0.7963183501194618 0.4225
0.7963183501194618 0.42200000000000004
0.7963183501194618 0.4215
0.7990929785170906 0.42100000000000004
0.7990929785170906 0.4205
0.800480292715905 0.42000000000000004
0.8018676069147194 0.4195
0.8018676069147194 0.41900000000000004
0.8018676069147194 0.4185
0.8018676069147194 0.41800000000000004
0.8032549211135338 0.4175
0.8032549211135338 0.41700000000000004
0.8032549211135338 0.4165
0.8046422353123482 0.41600000000000004
0.8046422353123482 0.4155
0.8060295495111626 0.41500000000000004
0.8060295495111626 0.4145
0.807416863709977 0.41400000000000003
0.8115788063064202 0.4135
0.8129661205052345 0.41300000000000003
0.8129661205052345 0.4125
0.814353434704049 0.41200000000000003
0.814353434704049 0.4115
0.8171280631016777 0.41100000000000003
0.8171280631016777 0.4105
0.8171280631016777 0.41000000000000003
0.8171280631016777 0.4095
0.8171280631016777 0.40900000000000003
0.8185153773004922 0.4085
0.8185153773004922 0.40800000000000003
0.8199026914993065 0.4075
0.8212900056981209 0.40700000000000003
0.8212900056981209 0.4065
0.8226773198969353 0.406
0.8226773198969353 0.40549999999999997
0.8226773198969353 0.405
0.8240646340957497 0.40449999999999997
0.8240646340957497 0.404
0.8268392624933785 0.40349999999999997
0.8282265766921929 0.403
0.8310012050898217 0.40249999999999997
0.8310012050898217 0.402
0.8310012050898217 0.40149999999999997
0.8323885192886361 0.401
0.8337758334874504 0.40049999999999997
0.8337758334874504 0.4
0.8337758334874504 0.39949999999999997
0.8393250902827081 0.399
0.8407124044815224 0.39849999999999997
0.8420997186803368 0.398
0.8420997186803368 0.39749999999999996
0.8434870328791512 0.397
0.8448743470779656 0.39649999999999996
0.8448743470779656 0.396
0.8448743470779656 0.39549999999999996
0.84626166127678 0.395
0.8476489754755944 0.39449999999999996
0.8476489754755944 0.394
0.8490362896744088 0.39349999999999996
0.8490362896744088 0.393
0.8490362896744088 0.39249999999999996
0.8490362896744088 0.392
0.8518109180720376 0.39149999999999996
0.853198232270852 0.391
0.853198232270852 0.39049999999999996
0.853198232270852 0.39
0.853198232270852 0.38949999999999996
0.8545855464696663 0.389
0.8559728606684808 0.38849999999999996
0.8559728606684808 0.388
0.8587474890661095 0.38749999999999996
0.8587474890661095 0.387
0.8587474890661095 0.38649999999999995
0.860134803264924 0.386
0.860134803264924 0.38549999999999995
0.8615221174637383 0.385
0.8615221174637383 0.38449999999999995
0.8615221174637383 0.384
0.8615221174637383 0.38349999999999995
0.8629094316625527 0.383
0.8642967458613671 0.38249999999999995
0.8656840600601815 0.382
0.8656840600601815 0.38149999999999995
0.8684586884578103 0.381
0.8684586884578103 0.38049999999999995
0.8684586884578103 0.38
0.8684586884578103 0.37949999999999995
0.8684586884578103 0.379
0.871233316855439 0.37849999999999995
0.871233316855439 0.378
0.871233316855439 0.37749999999999995
0.8726206310542535 0.377
0.8726206310542535 0.37649999999999995
0.8740079452530679 0.376
0.8740079452530679 0.37549999999999994
0.8767825736506967 0.375
0.8767825736506967 0.37450000000000006
0.8795572020483254 0.374
0.8795572020483254 0.37350000000000005
0.8795572020483254 0.373
0.8809445162471399 0.37250000000000005
0.8809445162471399 0.372
0.8809445162471399 0.37150000000000005
0.8823318304459542 0.371
0.8837191446447686 0.37050000000000005
0.8837191446447686 0.37
0.8837191446447686 0.36950000000000005
0.8864937730423974 0.369
0.8878810872412118 0.36850000000000005
0.8878810872412118 0.368
0.8892684014400262 0.36750000000000005
0.8920430298376549 0.367
0.8934303440364694 0.36650000000000005
0.8934303440364694 0.366
0.8934303440364694 0.36550000000000005
0.8934303440364694 0.365
0.8948176582352838 0.36450000000000005
0.8948176582352838 0.364
0.8948176582352838 0.36350000000000005
0.8962049724340981 0.363
0.8975922866329126 0.36250000000000004
0.9003669150305413 0.362
0.9003669150305413 0.36150000000000004
0.9003669150305413 0.361
0.9017542292293558 0.36050000000000004
0.9017542292293558 0.36
0.9031415434281701 0.35950000000000004
0.9031415434281701 0.359
0.9031415434281701 0.35850000000000004
0.9045288576269845 0.358
0.9059161718257989 0.35750000000000004
0.9059161718257989 0.357
0.9073034860246133 0.35650000000000004
0.9073034860246133 0.356
0.9086908002234277 0.35550000000000004
0.9100781144222421 0.355
0.9100781144222421 0.35450000000000004
0.9114654286210565 0.354
0.9114654286210565 0.35350000000000004
0.9114654286210565 0.353
0.9142400570186853 0.35250000000000004
0.9142400570186853 0.352
0.9156273712174997 0.35150000000000003
0.917014685416314 0.351
0.917014685416314 0.35050000000000003
0.917014685416314 0.35
0.917014685416314 0.34950000000000003
0.9184019996151285 0.349
0.9184019996151285 0.34850000000000003
0.9184019996151285 0.348
0.9197893138139428 0.34750000000000003
0.9197893138139428 0.347
0.9211766280127572 0.34650000000000003
0.9211766280127572 0.346
0.9225639422115717 0.34550000000000003
0.9225639422115717 0.345
0.9225639422115717 0.34450000000000003
0.9225639422115717 0.344
0.9225639422115717 0.3435
0.9253385706092004 0.34299999999999997
0.9267258848080148 0.3425
0.9281131990068292 0.34199999999999997
0.930887827404458 0.3415
0.930887827404458 0.34099999999999997
0.930887827404458 0.3405
0.9322751416032724 0.33999999999999997
0.9322751416032724 0.3395
0.9350497700009012 0.33899999999999997
0.9392117125973444 0.3385
0.9392117125973444 0.33799999999999997
0.9419863409949731 0.3375
0.9419863409949731 0.33699999999999997
0.9419863409949731 0.3365
0.9433736551937876 0.33599999999999997
0.9447609693926019 0.3355
0.9447609693926019 0.33499999999999996
0.9447609693926019 0.3345
0.9447609693926019 0.33399999999999996
0.9461482835914163 0.3335
0.9461482835914163 0.33299999999999996
0.9461482835914163 0.3325
0.9475355977902308 0.33199999999999996
0.9489229119890451 0.3315
0.9503102261878595 0.33099999999999996
0.9503102261878595 0.3305
0.9516975403866739 0.32999999999999996
0.9572467971819315 0.3295
0.9586341113807458 0.32899999999999996
0.9586341113807458 0.3285
0.9586341113807458 0.32799999999999996
0.9600214255795603 0.3275
0.9614087397783747 0.32699999999999996
0.9614087397783747 0.3265
0.962796053977189 0.32599999999999996
0.9641833681760035 0.3255
0.9655706823748178 0.32499999999999996
0.9655706823748178 0.3245
0.9669579965736322 0.32399999999999995
0.9683453107724467 0.3235
0.969732624971261 0.32299999999999995
0.9711199391700754 0.3225
0.9711199391700754 0.32199999999999995
0.9711199391700754 0.3215
0.9725072533688898 0.32099999999999995
0.9752818817665186 0.3205
0.976669195965333 0.31999999999999995
0.976669195965333 0.3195
0.9794438243629617 0.31899999999999995
0.9836057669594049 0.3185
0.9836057669594049 0.31799999999999995
0.9849930811582194 0.3175
0.9849930811582194 0.31699999999999995
0.9849930811582194 0.3165
0.9849930811582194 0.31599999999999995
0.9849930811582194 0.3155
0.9849930811582194 0.31499999999999995
0.9849930811582194 0.3145
0.9863803953570337 0.31399999999999995
0.9891550237546626 0.3135
0.9905423379534769 0.31299999999999994
0.9905423379534769 0.3125
0.9919296521522913 0.31200000000000006
0.9919296521522913 0.3115
0.9919296521522913 0.31100000000000005
0.9933169663511057 0.3105
0.9933169663511057 0.31000000000000005
0.9933169663511057 0.3095
0.9947042805499201 0.30900000000000005
0.9947042805499201 0.3085
0.9960915947487345 0.30800000000000005
0.9960915947487345 0.3075
0.9960915947487345 0.30700000000000005
0.9974789089475489 0.3065
0.9974789089475489 0.30600000000000005
0.9988662231463633 0.3055
0.9988662231463633 0.30500000000000005
1.001640851543992 0.3045
1.0030281657428064 0.30400000000000005
1.0030281657428064 0.3035
1.0030281657428064 0.30300000000000005
1.004415479941621 0.3025
1.004415479941621 0.30200000000000005
1.0058027941404353 0.3015
1.0058027941404353 0.30100000000000005
1.0071901083392496 0.3005
1.008577422538064 0.30000000000000004
1.008577422538064 0.2995
1.0099647367368785 0.29900000000000004
1.0099647367368785 0.2985
1.0099647367368785 0.29800000000000004
1.0099647367368785 0.2975
1.0113520509356928 0.29700000000000004
1.0127393651345071 0.2965
1.0127393651345071 0.29600000000000004
1.0141266793333217 0.2955
1.0141266793333217 0.29500000000000004
1.0141266793333217 0.2945
1.0141266793333217 0.29400000000000004
1.0169013077309503 0.2935
1.0169013077309503 0.29300000000000004
1.0169013077309503 0.2925
1.0182886219297649 0.29200000000000004
1.0196759361285792 0.2915
1.0196759361285792 0.29100000000000004
1.0196759361285792 0.2905
1.0210632503273935 0.29000000000000004
1.0210632503273935 0.2895
1.0210632503273935 0.28900000000000003
1.0224505645262079 0.2885
1.0252251929238367 0.28800000000000003
1.0252251929238367 0.2875
1.026612507122651 0.28700000000000003
1.0307744497190943 0.2865
1.0307744497190943 0.28600000000000003
1.0307744497190943 0.2855
1.0307744497190943 0.28500000000000003
1.0335490781167231 0.2845
1.0335490781167231 0.28400000000000003
1.0335490781167231 0.2835
1.0349363923155375 0.28300000000000003
1.0349363923155375 0.2825
1.0363237065143518 0.28200000000000003
1.0363237065143518 0.2815
1.0363237065143518 0.281
1.0363237065143518 0.28049999999999997
1.0377110207131663 0.28
1.0377110207131663 0.27949999999999997
1.0418729633096095 0.279
1.0432602775084239 0.27849999999999997
1.0432602775084239 0.278
1.047422220104867 0.27749999999999997
1.047422220104867 0.277
1.0488095343036814 0.27649999999999997
1.0501968485024957 0.276
1.0515841627013103 0.27549999999999997
1.0529714769001246 0.275
1.0529714769001246 0.27449999999999997
1.0529714769001246 0.274
1.0557461052977535 0.27349999999999997
1.0571334194965678 0.273
1.0585207336953821 0.27249999999999996
1.0599080478941967 0.272
1.0599080478941967 0.27149999999999996
1.0626826762918253 0.271
1.0654573046894542 0.27049999999999996
1.0654573046894542 0.27
1.0682319330870829 0.26949999999999996
1.0682319330870829 0.269
1.0696192472858974 0.26849999999999996
1.072393875683526 0.268
1.0737811898823406 0.26749999999999996
1.075168504081155 0.267
1.075168504081155 0.26649999999999996
1.0765558182799693 0.266
1.0779431324787836 0.26549999999999996
1.0793304466775981 0.265
1.0807177608764125 0.26449999999999996
1.0807177608764125 0.264
1.0807177608764125 0.26349999999999996
1.0807177608764125 0.263
1.0821050750752268 0.26249999999999996
1.0834923892740413 0.262
1.0848797034728557 0.26149999999999995
1.0848797034728557 0.261
1.08626701767167 0.26049999999999995
1.08626701767167 0.26
1.08626701767167 0.25949999999999995
1.0876543318704845 0.259
1.0876543318704845 0.25849999999999995
1.0904289602681132 0.258
1.0918162744669277 0.25749999999999995
1.093203588665742 0.257
1.0945909028645564 0.25649999999999995
1.0959782170633707 0.256
1.0959782170633707 0.25549999999999995
1.0959782170633707 0.255
1.0973655312621853 0.25449999999999995
1.0987528454609996 0.254
1.0987528454609996 0.25349999999999995
1.1056894164550717 0.253
1.1056894164550717 0.25249999999999995
1.107076730653886 0.252
1.1084640448527003 0.25149999999999995
1.1084640448527003 0.251
1.1098513590515147 0.25049999999999994
1.1126259874491435 0.25
1.1126259874491435 0.24950000000000006
1.118175244244401 0.249
1.1223371868408443 0.24850000000000005
1.1223371868408443 0.248
1.1251118152384731 0.24750000000000005
1.1292737578349163 0.247
1.1292737578349163 0.24650000000000005
1.132048386232545 0.246
1.132048386232545 0.24550000000000005
1.1334357004313595 0.245
1.1334357004313595 0.24450000000000005
1.1334357004313595 0.244
1.1362103288289882 0.24350000000000005
1.138984957226617 0.243
1.1403722714254314 0.24250000000000005
1.1403722714254314 0.242
1.1431468998230603 0.24150000000000005
1.1445342140218746 0.241
1.1473088424195035 0.24050000000000005
1.1473088424195035 0.24
1.1473088424195035 0.23950000000000005
1.1514707850159465 0.239
1.152858099214761 0.23850000000000005
1.1556327276123897 0.238
1.1570200418112042 0.23750000000000004
1.1570200418112042 0.237
1.1584073560100185 0.23650000000000004
1.1597946702088329 0.236
1.166731241202905 0.23550000000000004
1.166731241202905 0.235
1.1681185554017193 0.23450000000000004
1.1708931837993481 0.23399999999999999
1.1764424405946057 0.23350000000000004
1.1806043831910489 0.23299999999999998
1.1806043831910489 0.23250000000000004
1.1819916973898632 0.23199999999999998
1.1875409541851207 0.23150000000000004
1.191702896781564 0.23099999999999998
1.191702896781564 0.23050000000000004
1.1958648393780071 0.22999999999999998
1.1958648393780071 0.22950000000000004
1.2014140961732647 0.22899999999999998
1.2028014103720792 0.22850000000000004
1.2041887245708935 0.22799999999999998
1.2041887245708935 0.22750000000000004
1.2055760387697079 0.22699999999999998
1.2069633529685222 0.22650000000000003
1.2083506671673367 0.22599999999999998
1.209737981366151 0.22550000000000003
1.209737981366151 0.22499999999999998
1.209737981366151 0.22450000000000003
1.209737981366151 0.22399999999999998
1.2111252955649654 0.22350000000000003
1.2138999239625943 0.22299999999999998
1.2152872381614086 0.22250000000000003
1.2166745523602231 0.22199999999999998
1.2194491807578518 0.22150000000000003
1.2222238091554807 0.22099999999999997
1.2249984375531093 0.22050000000000003
1.2249984375531093 0.21999999999999997
1.2249984375531093 0.21950000000000003
1.2263857517519239 0.21899999999999997
1.2291603801495525 0.21850000000000003
1.230547694348367 0.21799999999999997
1.230547694348367 0.21750000000000003
1.230547694348367 0.21699999999999997
1.2319350085471814 0.21650000000000003
1.2319350085471814 0.21599999999999997
1.2333223227459957 0.21550000000000002
1.2360969511436246 0.21499999999999997
1.2388715795412533 0.21450000000000002
1.244420836336511 0.21399999999999997
1.2499700931317685 0.21350000000000002
1.2513574073305829 0.21299999999999997
1.2527447215293972 0.21250000000000002
1.2527447215293972 0.21199999999999997
1.2541320357282117 0.21150000000000002
1.2569066641258404 0.21099999999999997
1.2610686067222836 0.21050000000000002
1.2610686067222836 0.20999999999999996
1.262455920921098 0.20950000000000002
1.2638432351199125 0.20899999999999996
1.2652305493187268 0.20850000000000002
1.2666178635175411 0.20799999999999996
1.26939249191517 0.20750000000000002
1.2707798061139843 0.20699999999999996
1.2707798061139843 0.20650000000000002
1.2707798061139843 0.20599999999999996
1.2763290629092419 0.20550000000000002
1.2777163771080564 0.20499999999999996
1.2791036913068707 0.20450000000000002
1.2791036913068707 0.20399999999999996
1.280491005505685 0.20350000000000001
1.2846529481021283 0.20299999999999996
1.2860402623009428 0.2025
1.2860402623009428 0.20199999999999996
1.2860402623009428 0.2015
1.2874275764997571 0.20099999999999996
1.2874275764997571 0.2005
1.2915895190962003 0.19999999999999996
1.2929768332950147 0.1995
1.2929768332950147 0.19899999999999995
1.294364147493829 0.1985
1.294364147493829 0.19799999999999995
1.2999134042890867 0.1975
1.301300718487901 0.19699999999999995
1.3040753468855297 0.1965
1.3054626610843443 0.19599999999999995
1.3068499752831586 0.1955
1.3068499752831586 0.19499999999999995
1.3068499752831586 0.1945
1.3123992320784161 0.19399999999999995
1.3137865462772307 0.1935
1.3165611746748593 0.19299999999999995
1.3165611746748593 0.1925
1.3165611746748593 0.19199999999999995
1.3179484888736737 0.1915
1.3179484888736737 0.19099999999999995
1.3193358030724882 0.1905
1.3221104314701169 0.18999999999999995
1.3234977456689314 0.1895
1.3234977456689314 0.18899999999999995
1.3248850598677457 0.1885
1.3248850598677457 0.18799999999999994
1.329047002464189 0.1875
1.3318216308618176 0.18700000000000006
1.3359835734582608 0.1865
1.3373708876570753 0.18600000000000005
1.3387582018558897 0.1855
1.3443074586511472 0.18500000000000005
1.3443074586511472 0.1845
1.347082087048776 0.18400000000000005
1.3484694012475904 0.1835
1.3498567154464047 0.18300000000000005
1.3498567154464047 0.1825
1.3526313438440336 0.18200000000000005
1.3567932864404768 0.1815
1.3595679148381057 0.18100000000000005
1.36095522903692 0.1805
1.36095522903692 0.18000000000000005
1.36095522903692 0.1795
1.3623425432357343 0.17900000000000005
1.3623425432357343 0.1785
1.3637298574345487 0.17800000000000005
1.3651171716333632 0.1775
1.3651171716333632 0.17700000000000005
1.3665044858321775 0.1765
1.3665044858321775 0.17600000000000005
1.3678918000309919 0.1755
1.3678918000309919 0.17500000000000004
1.3678918000309919 0.1745
1.3692791142298064 0.17400000000000004
1.372053742627435 0.1735
1.374828371025064 0.17300000000000004
1.3762156852238783 0.1725
1.3762156852238783 0.17200000000000004
1.3789903136215071 0.17149999999999999
1.3803776278203215 0.17100000000000004
1.3817649420191358 0.17049999999999998
1.3817649420191358 0.17000000000000004
1.3817649420191358 0.16949999999999998
1.3831522562179503 0.16900000000000004
1.3831522562179503 0.16849999999999998
1.3845395704167647 0.16800000000000004
1.3873141988143936 0.16749999999999998
1.3914761414108365 0.16700000000000004
1.392863455609651 0.16649999999999998
1.3942507698084654 0.16600000000000004
1.3956380840072797 0.16549999999999998
1.3970253982060943 0.16500000000000004
1.4025746550013518 0.16449999999999998
1.4039619692001661 0.16400000000000003
1.4053492833989805 0.16349999999999998
1.4053492833989805 0.16300000000000003
1.406736597597795 0.16249999999999998
1.4095112259954237 0.16200000000000003
1.4108985401942382 0.16149999999999998
1.4122858543930525 0.16100000000000003
1.4136731685918669 0.16049999999999998
1.4164477969894957 0.16000000000000003
1.41783511118831 0.15949999999999998
1.4192224253871244 0.15900000000000003
1.4261589963811965 0.15849999999999997
1.4275463105800108 0.15800000000000003
1.4289336247788254 0.15749999999999997
1.431708253176454 0.15700000000000003
1.4330955673752683 0.15649999999999997
1.4400321383693404 0.15600000000000003
1.4414194525681547 0.15549999999999997
1.445581395164598 0.15500000000000003
1.445581395164598 0.15449999999999997
1.445581395164598 0.15400000000000003
1.4469687093634123 0.15349999999999997
1.4497433377610411 0.15300000000000002
1.4511306519598555 0.15249999999999997
1.45251796615867 0.15200000000000002
1.4552925945562987 0.15149999999999997
1.4552925945562987 0.15100000000000002
1.4566799087551132 0.15049999999999997
1.4580672229539275 0.15000000000000002
1.4608418513515562 0.14949999999999997
1.4650037939479994 0.14900000000000002
1.466391108146814 0.14849999999999997
1.4691657365444426 0.14800000000000002
1.4705530507432572 0.14749999999999996
1.4747149933397001 0.14700000000000002
1.4761023075385147 0.14649999999999996
1.4761023075385147 0.14600000000000002
1.4761023075385147 0.14549999999999996
1.4761023075385147 0.14500000000000002
1.4816515643337722 0.14449999999999996
1.484426192731401 0.14400000000000002
1.484426192731401 0.14349999999999996
1.4858135069302154 0.14300000000000002
1.488588135327844 0.14249999999999996
1.488588135327844 0.14200000000000002
1.4899754495266586 0.14149999999999996
1.491362763725473 0.14100000000000001
1.4955247063219161 0.14049999999999996
1.4955247063219161 0.14
1.4955247063219161 0.13949999999999996
1.4955247063219161 0.139
1.4969120205207305 0.13849999999999996
1.4996866489183593 0.138
1.4996866489183593 0.13749999999999996
1.5038485915148025 0.137
1.5038485915148025 0.13649999999999995
1.5080105341112457 0.136
1.5107851625088744 0.13549999999999995
1.512172476707689 0.135
1.5149471051053176 0.13449999999999995
1.5177217335029465 0.134
1.5177217335029465 0.13349999999999995
1.5177217335029465 0.133
1.5191090477017608 0.13249999999999995
1.5246583044970183 0.132
1.5246583044970183 0.13149999999999995
1.5260456186958329 0.131
1.5315948754910904 0.13049999999999995
1.5329821896899047 0.13
1.537144132286348 0.12949999999999995
1.537144132286348 0.129
1.5385314464851623 0.12849999999999995
1.5385314464851623 0.128
1.5440807032804198 0.12749999999999995
1.5510172742744919 0.127
1.5524045884733062 0.12649999999999995
1.5524045884733062 0.126
1.5524045884733062 0.12549999999999994
1.5537919026721208 0.125
1.5579538452685637 0.12450000000000006
1.562115787865007 0.124
1.5648904162626358 0.12350000000000005
1.5662777304614501 0.123
1.5676650446602647 0.12250000000000005
1.5676650446602647 0.122
1.569052358859079 0.12150000000000005
1.5759889298531509 0.121
1.580150872449594 0.12050000000000005
1.5843128150460373 0.12
1.5857001292448516 0.11950000000000005
1.5884747576424805 0.119
1.5912493860401093 0.11850000000000005
1.5912493860401093 0.118
1.594024014437738 0.11750000000000005
1.5954113286365526 0.11699999999999999
1.5981859570341812 0.11650000000000005
1.6023478996306244 0.11599999999999999
1.6037352138294387 0.11550000000000005
1.6065098422270676 0.11499999999999999
1.6065098422270676 0.11450000000000005
1.607897156425882 0.11399999999999999
1.6092844706246965 0.11350000000000005
1.6092844706246965 0.11299999999999999
1.6092844706246965 0.11250000000000004
1.6134464132211395 0.11199999999999999
1.614833727419954 0.11150000000000004
1.6162210416187683 0.11099999999999999
1.6176083558175827 0.11050000000000004
1.6189956700163972 0.10999999999999999
1.6217702984140259 0.10950000000000004
1.625932241010469 0.10899999999999999
1.6273195552092836 0.10850000000000004
1.6300941836069123 0.10799999999999998
1.6314814978057266 0.10750000000000004
1.6342561262033555 0.10699999999999998
1.6356434404021698 0.10650000000000004
1.6356434404021698 0.10599999999999998
1.6370307546009844 0.10550000000000004
1.6370307546009844 0.10499999999999998
1.6384180687997987 0.10450000000000004
1.6439673255950562 0.10399999999999998
1.6439673255950562 0.10350000000000004
1.6439673255950562 0.10299999999999998
1.6495165823903137 0.10250000000000004
1.653678524986757 0.10199999999999998
1.6550658391855715 0.10150000000000003
1.6564531533843858 0.10099999999999998
1.6689389811737154 0.10050000000000003
1.6689389811737154 0.09999999999999998
1.6703262953725297 0.09950000000000003
1.6772628663666016 0.09899999999999998
1.6772628663666016 0.09850000000000003
1.6800374947642305 0.09799999999999998
1.6800374947642305 0.09750000000000003
1.69252332255356 0.09699999999999998
1.6939106367523744 0.09650000000000003
1.6939106367523744 0.09599999999999997
1.6952979509511887 0.09550000000000003
1.699459893547632 0.09499999999999997
1.7022345219452608 0.09450000000000003
1.7050091503428895 0.09399999999999997
1.7050091503428895 0.09350000000000003
1.7105584071381472 0.09299999999999997
1.7119457213369615 0.09250000000000003
1.7133330355357759 0.09199999999999997
1.7133330355357759 0.09150000000000003
1.7133330355357759 0.09099999999999997
1.7133330355357759 0.09050000000000002
1.7161076639334047 0.08999999999999997
1.7188822923310334 0.08950000000000002
1.7216569207286623 0.08899999999999997
1.7230442349274766 0.08850000000000002
1.7244315491262912 0.08799999999999997
1.7258188633251055 0.08750000000000002
1.7272061775239198 0.08699999999999997
1.7299808059215487 0.08650000000000002
1.731368120120363 0.08599999999999997
1.731368120120363 0.08550000000000002
1.7341427485179919 0.08499999999999996
1.738304691114435 0.08450000000000002
1.745241262108507 0.08399999999999996
1.7494032047049501 0.08350000000000002
1.7549524615002077 0.08299999999999996
1.7549524615002077 0.08250000000000002
1.756339775699022 0.08199999999999996
1.7605017182954652 0.08150000000000002
1.763276346693094 0.08099999999999996
1.763276346693094 0.08050000000000002
1.770212917687166 0.07999999999999996
1.7729875460847948 0.07950000000000002
1.7743748602836091 0.07899999999999996
1.7813114312776812 0.07850000000000001
1.7854733738741244 0.07799999999999996
1.7896353164705676 0.07750000000000001
1.7937972590670108 0.07699999999999996
1.7937972590670108 0.07650000000000001
1.7951845732658251 0.07599999999999996
1.7965718874646395 0.07550000000000001
1.7979592016634538 0.07499999999999996
1.802121144259897 0.07450000000000001
1.802121144259897 0.07399999999999995
1.8048957726575259 0.07350000000000001
1.8048957726575259 0.07299999999999995
1.8048957726575259 0.07250000000000001
1.8076704010551548 0.07199999999999995
1.8076704010551548 0.07150000000000001
1.809057715253969 0.07099999999999995
1.8187689146456698 0.07050000000000001
1.822930857242113 0.06999999999999995
1.8257054856397417 0.0695
1.834029370832628 0.06899999999999995
1.8381913134290713 0.0685
1.8395786276278856 0.06799999999999995
1.8409659418267001 0.0675
1.8409659418267001 0.06699999999999995
1.8409659418267001 0.0665
1.847902512820772 0.06599999999999995
1.8492898270195866 0.0655
1.8506771412184009 0.06499999999999995
1.8590010264112873 0.0645
1.861775654808916 0.06399999999999995
1.8631629690077305 0.0635
1.8645502832065448 0.06299999999999994
1.8659375974053591 0.0625
1.8673249116041735 0.062000000000000055
1.868712225802988 0.0615
1.8700995400018023 0.061000000000000054
1.8700995400018023 0.0605
1.8728741683994312 0.06000000000000005
1.8756487967970599 0.0595
1.882585367791132 0.05900000000000005
1.882585367791132 0.058499999999999996
1.8853599961887606 0.05800000000000005
1.8881346245863895 0.057499999999999996
1.8922965671828327 0.05700000000000005
1.8950711955804616 0.056499999999999995
1.900620452375719 0.05600000000000005
1.9020077665745334 0.055499999999999994
1.9061697091709766 0.05500000000000005
1.9131062801650485 0.05449999999999999
1.9214301653579349 0.05400000000000005
1.9228174795567494 0.05349999999999999
1.925592107954378 0.05300000000000005
1.9269794221531924 0.05249999999999999
1.9269794221531924 0.052000000000000046
1.9339159931472645 0.05149999999999999
1.9422398783401509 0.051000000000000045
1.9422398783401509 0.05049999999999999
1.9477891351354084 0.050000000000000044
1.9505637635330373 0.04949999999999999
1.960274962924738 0.049000000000000044
1.9699861623164387 0.04849999999999999
1.971373476515253 0.04800000000000004
1.9810846759069538 0.04749999999999999
1.9907958752986545 0.04700000000000004
1.9977324462927266 0.046499999999999986
2.00189438888917 0.04600000000000004
2.006056331485613 0.045499999999999985
2.0157675308773135 0.04500000000000004
2.0254787302690143 0.044499999999999984
2.0324153012630863 0.04400000000000004
2.035189929660715 0.04349999999999998
2.037964558058344 0.04300000000000004
2.0449011290524157 0.04249999999999998
2.0462884432512305 0.04200000000000004
2.047675757450045 0.04149999999999998
2.053225014245302 0.041000000000000036
2.0559996426429312 0.04049999999999998
2.05877427104056 0.040000000000000036
2.060161585239374 0.03949999999999998
2.062936213637003 0.039000000000000035
2.0643235278358176 0.03849999999999998
2.0754220414263327 0.038000000000000034
2.076809355625147 0.03749999999999998
2.0795839840227757 0.03700000000000003
2.08097129822159 0.03649999999999998
2.083745926619219 0.03600000000000003
2.1017810112038062 0.035499999999999976
2.1031683254026206 0.03500000000000003
2.105942953800249 0.034499999999999975
2.1073302679990635 0.03400000000000003
2.1128795247943213 0.033499999999999974
2.1309146093789084 0.03300000000000003
2.144787751367052 0.03249999999999997
2.1600482075540106 0.03200000000000003
2.1669847785480827 0.03149999999999997
2.1697594069457113 0.031000000000000028
2.175308663740969 0.03049999999999997
2.1808579205362264 0.030000000000000027
2.1836325489338555 0.02949999999999997
2.1836325489338555 0.029000000000000026
2.186407177331484 0.02849999999999997
2.1877944915302985 0.028000000000000025
2.1919564341267415 0.02749999999999997
2.1988930051208135 0.027000000000000024
2.203054947717257 0.026499999999999968
2.2058295761148856 0.026000000000000023
2.2099915187113286 0.025499999999999967
2.2280266032959157 0.025000000000000022
2.230801231693545 0.024499999999999966
2.2377378026876165 0.02400000000000002
2.2557728872722036 0.023499999999999965
2.2585475156698327 0.02300000000000002
2.259934829868647 0.022499999999999964
2.259934829868647 0.02200000000000002
2.2696460292603478 0.021499999999999964
2.305716198429522 0.02100000000000002
2.323751283014109 0.020499999999999963
2.3251385972129235 0.020000000000000018
2.3320751682069956 0.019499999999999962
2.351497566990397 0.019000000000000017
2.351497566990397 0.01849999999999996
2.379243850966685 0.018000000000000016
2.3820184793643135 0.01749999999999996
2.3861804219607565 0.017000000000000015
2.3875677361595713 0.01649999999999996
2.397278935551272 0.016000000000000014
2.4000535639489007 0.015499999999999958
2.418088648533488 0.015000000000000013
2.4277998479251885 0.014499999999999957
2.4277998479251885 0.014000000000000012
2.440285675714518 0.013499999999999956
2.4805177874801356 0.013000000000000012
2.486067044275393 0.012499999999999956
2.5124260140528665 0.01200000000000001
2.520749899245753 0.011499999999999955
2.5290737844386393 0.01100000000000001
2.566531267806628 0.010499999999999954
2.5901156091864728 0.010000000000000009
2.606763379572245 0.009499999999999953
2.616474578963946 0.009000000000000008
2.623411149958018 0.008499999999999952
2.6289604067532757 0.008000000000000007
2.648382805536677 0.007499999999999951
2.6844529747058514 0.007000000000000006
2.728847029067912 0.00649999999999995
2.755205998845385 0.006000000000000005
2.7871142254181165 0.005499999999999949
2.7912761680145595 0.0050000000000000044
2.859254563756465 0.0044999999999999485
2.950817300878215 0.0040000000000000036
3.0618024367833665 0.0034999999999999476
3.0881614065608396 0.0030000000000000027
3.11035843374187 0.0024999999999999467
3.124231575730014 0.0020000000000000018
3.158914430700374 0.0014999999999999458
3.2948712221841845 0.0010000000000000009
3.5099049230004153 0.0004999999999999449
