# NormalizedAsset CCDF
0.0023047383570618525 1.0
0.0034571075355927785 0.9995
0.004609476714123705 0.999
0.004609476714123705 0.9985
0.005761845892654631 0.998
0.005761845892654631 0.9975
0.005761845892654631 0.997
0.006914215071185557 0.9965
0.006914215071185557 0.996
0.006914215071185557 0.9955
0.006914215071185557 0.995
0.00921895342824741 0.9945
0.010371322606778336 0.994
0.011523691785309261 0.9935
0.011523691785309261 0.993
0.011523691785309261 0.9925
0.011523691785309261 0.992
0.012676060963840188 0.9915
0.012676060963840188 0.991
0.013828430142371114 0.9905
0.01498079932090204 0.99
0.016133168499432967 0.9895
0.016133168499432967 0.989
0.016133168499432967 0.9885
0.016133168499432967 0.988
0.016133168499432967 0.9875
0.017285537677963893 0.987
0.017285537677963893 0.9865
0.017285537677963893 0.986
0.017285537677963893 0.9855
0.01843790685649482 0.985
0.01843790685649482 0.9845
0.01843790685649482 0.984
0.019590276035025746 0.9835
0.019590276035025746 0.983
0.019590276035025746 0.9825
0.020742645213556673 0.982
0.020742645213556673 0.9815
0.0218950143920876 0.981
0.0218950143920876 0.9805
0.023047383570618522 0.98
0.023047383570618522 0.9795
0.02419975274914945 0.979
0.02419975274914945 0.9785
0.025352121927680375 0.978
0.025352121927680375 0.9775
0.025352121927680375 0.977
0.0265044911062113 0.9765
0.0265044911062113 0.976
0.0265044911062113 0.9755
0.0265044911062113 0.975
0.027656860284742228 0.9745
0.027656860284742228 0.974
0.027656860284742228 0.9735
0.027656860284742228 0.973
0.028809229463273155 0.9725
0.028809229463273155 0.972
0.028809229463273155 0.9715
0.031113967820335008 0.971
0.031113967820335008 0.9705
0.032266336998865934 0.97
0.032266336998865934 0.9695
0.032266336998865934 0.969
0.032266336998865934 0.9685
0.032266336998865934 0.968
0.03341870617739686 0.9675
0.03341870617739686 0.967
0.03341870617739686 0.9665
0.03341870617739686 0.966
0.03341870617739686 0.9655
0.03457107535592779 0.965
0.03572344453445871 0.9645
0.03572344453445871 0.964
0.03687581371298964 0.9635
0.03687581371298964 0.963
0.03687581371298964 0.9625
0.03918055207005149 0.962
0.04033292124858242 0.9615
0.04033292124858242 0.961
0.04263765960564427 0.9605
0.04263765960564427 0.96
0.0437900287841752 0.9595
0.0437900287841752 0.959
0.0437900287841752 0.9585
0.0483995054982989 0.958
0.0483995054982989 0.9575
0.05185661303389168 0.957
0.0530089822124226 0.9565
0.05416135139095353 0.956
0.05416135139095353 0.9555
0.05416135139095353 0.955
0.055313720569484456 0.9545
0.055313720569484456 0.954
0.05646608974801538 0.9535
0.05646608974801538 0.953
0.05646608974801538 0.9525
0.05761845892654631 0.952
0.05761845892654631 0.9515
0.05992319728360816 0.951
0.05992319728360816 0.9505
0.062227935640670015 0.95
0.062227935640670015 0.9495
0.062227935640670015 0.949
0.062227935640670015 0.9485
0.06338030481920094 0.948
0.06338030481920094 0.9475
0.06338030481920094 0.947
0.06453267399773187 0.9465
0.0656850431762628 0.946
0.06683741235479372 0.9455
0.06683741235479372 0.945
0.06683741235479372 0.9445
0.06798978153332465 0.944
0.06798978153332465 0.9435
0.06914215071185557 0.943
0.06914215071185557 0.9425
0.06914215071185557 0.942
0.06914215071185557 0.9415
0.07144688906891743 0.9410000000000001
0.07144688906891743 0.9405
0.07259925824744835 0.94
0.07375162742597928 0.9395
0.0749039966045102 0.9390000000000001
0.0749039966045102 0.9385
0.0749039966045102 0.938
0.0749039966045102 0.9375
0.07720873496157206 0.937
0.07720873496157206 0.9365
0.07720873496157206 0.9359999999999999
0.07836110414010299 0.9355
0.07836110414010299 0.935
0.07836110414010299 0.9345
0.07836110414010299 0.9339999999999999
0.07836110414010299 0.9335
0.07951347331863391 0.933
0.07951347331863391 0.9325
0.08066584249716484 0.9319999999999999
0.08181821167569577 0.9315
0.08181821167569577 0.931
0.08181821167569577 0.9305
0.08297058085422669 0.9299999999999999
0.08527531921128854 0.9295
0.08527531921128854 0.929
0.08873242674688132 0.9285
0.08988479592541225 0.928
0.08988479592541225 0.9275
0.08988479592541225 0.927
0.08988479592541225 0.9265
0.08988479592541225 0.926
0.09103716510394316 0.9255
0.09103716510394316 0.925
0.09218953428247409 0.9245
0.09218953428247409 0.924
0.09334190346100502 0.9235
0.09449427263953594 0.923
0.09449427263953594 0.9225
0.09449427263953594 0.922
0.09449427263953594 0.9215
0.09564664181806687 0.921
0.09564664181806687 0.9205
0.0967990109965978 0.92
0.09795138017512872 0.9195
0.09910374935365965 0.919
0.09910374935365965 0.9185
0.09910374935365965 0.918
0.10025611853219057 0.9175
0.1014084877107215 0.917
0.1014084877107215 0.9165
0.10256085688925243 0.916
0.10371322606778335 0.9155
0.10371322606778335 0.915
0.10717033360337613 0.9145
0.10717033360337613 0.914
0.10717033360337613 0.9135
0.10717033360337613 0.913
0.10947507196043799 0.9125
0.11062744113896891 0.912
0.11177981031749984 0.9115
0.11177981031749984 0.911
0.11408454867456169 0.9105
0.11523691785309262 0.91
0.11638928703162355 0.9095
0.11638928703162355 0.909
0.11754165621015447 0.9085
0.11754165621015447 0.908
0.11754165621015447 0.9075
0.11754165621015447 0.907
0.11754165621015447 0.9065
0.1186940253886854 0.906
0.1186940253886854 0.9055
0.1186940253886854 0.905
0.11984639456721632 0.9045
0.12099876374574725 0.904
0.1233035021028091 0.9035
0.12445587128134003 0.903
0.12445587128134003 0.9025
0.12560824045987096 0.902
0.12676060963840188 0.9015
0.12906534799546374 0.901
0.12906534799546374 0.9005
0.13021771717399466 0.9
0.13021771717399466 0.8995
0.13021771717399466 0.899
0.13021771717399466 0.8985
0.1313700863525256 0.898
0.1313700863525256 0.8975
0.13252245553105652 0.897
0.13367482470958744 0.8965
0.13367482470958744 0.896
0.13367482470958744 0.8955
0.13367482470958744 0.895
0.13367482470958744 0.8945
0.13367482470958744 0.894
0.13367482470958744 0.8935
0.1359795630666493 0.893
0.1359795630666493 0.8925
0.13713193224518022 0.892
0.13828430142371115 0.8915
0.13943667060224207 0.891
0.13943667060224207 0.8905
0.14174140895930393 0.89
0.14174140895930393 0.8895
0.14289377813783485 0.889
0.14289377813783485 0.8885
0.14404614731636578 0.888
0.14404614731636578 0.8875
0.1451985164948967 0.887
0.14635088567342763 0.8865
0.14635088567342763 0.886
0.14635088567342763 0.8855
0.14635088567342763 0.885
0.14635088567342763 0.8845
0.1498079932090204 0.884
0.1498079932090204 0.8835
0.15096036238755134 0.883
0.15096036238755134 0.8825000000000001
0.15211273156608227 0.882
0.15211273156608227 0.8815
0.1532651007446132 0.881
0.1532651007446132 0.8805000000000001
0.15441746992314412 0.88
0.15441746992314412 0.8795
0.15441746992314412 0.879
0.15556983910167504 0.8785000000000001
0.15556983910167504 0.878
0.15556983910167504 0.8775
0.15672220828020597 0.877
0.15672220828020597 0.8765000000000001
0.1578745774587369 0.876
0.1578745774587369 0.8755
0.15902694663726782 0.875
0.15902694663726782 0.8745
0.16017931581579875 0.874
0.16017931581579875 0.8734999999999999
0.16133168499432968 0.873
0.16133168499432968 0.8725
0.16133168499432968 0.872
0.1624840541728606 0.8714999999999999
0.1624840541728606 0.871
0.1624840541728606 0.8705
0.16363642335139153 0.87
0.16363642335139153 0.8694999999999999
0.16363642335139153 0.869
0.16363642335139153 0.8685
0.16594116170845338 0.868
0.16594116170845338 0.8674999999999999
0.16824590006551524 0.867
0.16824590006551524 0.8665
0.16824590006551524 0.866
0.16939826924404616 0.8654999999999999
0.16939826924404616 0.865
0.1705506384225771 0.8645
0.17170300760110802 0.864
0.17170300760110802 0.8634999999999999
0.17285537677963894 0.863
0.17285537677963894 0.8625
0.17285537677963894 0.862
0.17400774595816987 0.8614999999999999
0.1751601151367008 0.861
0.1751601151367008 0.8605
0.1751601151367008 0.86
0.17631248431523172 0.8594999999999999
0.17861722267229357 0.859
0.17861722267229357 0.8585
0.1797695918508245 0.858
0.1797695918508245 0.8575
0.1797695918508245 0.857
0.1797695918508245 0.8565
0.1797695918508245 0.856
0.18092196102935543 0.8555
0.18207433020788633 0.855
0.18207433020788633 0.8545
0.18322669938641725 0.854
0.18322669938641725 0.8535
0.18437906856494818 0.853
0.18437906856494818 0.8525
0.1855314377434791 0.852
0.18668380692201003 0.8515
0.18668380692201003 0.851
0.18668380692201003 0.8505
0.18668380692201003 0.85
0.18783617610054096 0.8495
0.18898854527907188 0.849
0.1901409144576028 0.8485
0.1901409144576028 0.848
0.19244565281466466 0.8475
0.1935980219931956 0.847
0.1935980219931956 0.8465
0.19590276035025744 0.846
0.19590276035025744 0.8455
0.1982074987073193 0.845
0.1982074987073193 0.8445
0.1982074987073193 0.844
0.19935986788585022 0.8435
0.19935986788585022 0.843
0.20051223706438115 0.8425
0.20166460624291208 0.842
0.20166460624291208 0.8415
0.20166460624291208 0.841
0.202816975421443 0.8405
0.202816975421443 0.84
0.20396934459997393 0.8395
0.20396934459997393 0.839
0.20396934459997393 0.8385
0.20512171377850485 0.838
0.20512171377850485 0.8375
0.20627408295703578 0.837
0.2074264521355667 0.8365
0.20857882131409763 0.836
0.20973119049262856 0.8355
0.20973119049262856 0.835
0.2108835596711595 0.8345
0.2108835596711595 0.834
0.2108835596711595 0.8335
0.2108835596711595 0.833
0.2108835596711595 0.8325
0.2108835596711595 0.832
0.2120359288496904 0.8315
0.21318829802822134 0.831
0.21434066720675227 0.8305
0.21434066720675227 0.83
0.21434066720675227 0.8295
0.2154930363852832 0.829
0.2154930363852832 0.8285
0.21664540556381412 0.8280000000000001
0.21779777474234505 0.8275
0.21895014392087597 0.827
0.21895014392087597 0.8265
0.21895014392087597 0.8260000000000001
0.21895014392087597 0.8255
0.2201025130994069 0.825
0.2201025130994069 0.8245
0.22125488227793783 0.8240000000000001
0.22125488227793783 0.8235
0.22125488227793783 0.823
0.22355962063499968 0.8225
0.22355962063499968 0.8220000000000001
0.22355962063499968 0.8215
0.22355962063499968 0.821
0.2247119898135306 0.8205
0.2247119898135306 0.8200000000000001
0.22586435899206153 0.8195
0.22586435899206153 0.819
0.22586435899206153 0.8185
0.22701672817059246 0.8180000000000001
0.22701672817059246 0.8175
0.22701672817059246 0.817
0.22701672817059246 0.8165
0.22701672817059246 0.8160000000000001
0.22816909734912338 0.8155
0.22816909734912338 0.815
0.2293214665276543 0.8145
0.2293214665276543 0.8140000000000001
0.23047383570618524 0.8135
0.23047383570618524 0.813
0.23047383570618524 0.8125
0.23162620488471616 0.812
0.2327785740632471 0.8115
0.2327785740632471 0.8109999999999999
0.23393094324177802 0.8105
0.23393094324177802 0.81
0.23393094324177802 0.8095
0.23508331242030894 0.8089999999999999
0.23623568159883987 0.8085
0.23623568159883987 0.808
0.2373880507773708 0.8075
0.23854041995590172 0.8069999999999999
0.23969278913443265 0.8065
0.23969278913443265 0.806
0.23969278913443265 0.8055
0.23969278913443265 0.8049999999999999
0.2419975274914945 0.8045
0.2419975274914945 0.804
0.24314989667002543 0.8035
0.24545463502708728 0.8029999999999999
0.2466070042056182 0.8025
0.24775937338414913 0.802
0.24775937338414913 0.8015
0.24891174256268006 0.8009999999999999
0.24891174256268006 0.8005
0.24891174256268006 0.8
0.24891174256268006 0.7995
0.25006411174121096 0.7989999999999999
0.2512164809197419 0.7985
0.2512164809197419 0.798
0.2512164809197419 0.7975
0.2523688500982728 0.7969999999999999
0.2523688500982728 0.7965
0.25352121927680377 0.796
0.25352121927680377 0.7955
0.2558259576338656 0.795
0.2558259576338656 0.7945
0.2558259576338656 0.794
0.2569783268123965 0.7935
0.2581306959909275 0.793
0.2581306959909275 0.7925
0.2581306959909275 0.792
0.25928306516945837 0.7915
0.25928306516945837 0.791
0.2604354343479893 0.7905
0.2615878035265202 0.79
0.2627401727050512 0.7895
0.2638925418835821 0.789
0.26504491106211303 0.7885
0.26504491106211303 0.788
0.26619728024064393 0.7875
0.26619728024064393 0.787
0.2673496494191749 0.7865
0.2673496494191749 0.786
0.2673496494191749 0.7855
0.2685020185977058 0.785
0.2685020185977058 0.7845
0.27080675695476764 0.784
0.27080675695476764 0.7835
0.2719591261332986 0.783
0.2719591261332986 0.7825
0.2731114953118295 0.782
0.2731114953118295 0.7815
0.2731114953118295 0.781
0.2731114953118295 0.7805
0.27426386449036044 0.78
0.27426386449036044 0.7795
0.27426386449036044 0.779
0.2765686028474223 0.7785
0.2765686028474223 0.778
0.2777209720259532 0.7775
0.27887334120448415 0.777
0.27887334120448415 0.7765
0.28002571038301505 0.776
0.281178079561546 0.7755
0.281178079561546 0.775
0.2823304487400769 0.7745
0.2823304487400769 0.774
0.28463518709713875 0.7735
0.28463518709713875 0.773
0.2869399254542006 0.7725
0.2869399254542006 0.772
0.28809229463273156 0.7715
0.28809229463273156 0.771
0.28924466381126246 0.7705
0.28924466381126246 0.77
0.28924466381126246 0.7695
0.28924466381126246 0.769
0.28924466381126246 0.7685
0.2903970329897934 0.768
0.2903970329897934 0.7675
0.2903970329897934 0.767
0.2903970329897934 0.7665
0.2915494021683243 0.766
0.2915494021683243 0.7655000000000001
0.29270177134685527 0.765
0.29270177134685527 0.7645
0.29385414052538616 0.764
0.296158878882448 0.7635000000000001
0.296158878882448 0.763
0.29731124806097897 0.7625
0.29731124806097897 0.762
0.29846361723950987 0.7615000000000001
0.3007683555965717 0.761
0.3019207247751027 0.7605
0.3030730939536336 0.76
0.30422546313216453 0.7595000000000001
0.30422546313216453 0.759
0.30537783231069543 0.7585
0.3065302014892264 0.758
0.3065302014892264 0.7575000000000001
0.30883493984628824 0.757
0.30883493984628824 0.7565
0.30998730902481914 0.756
0.3111396782033501 0.7555000000000001
0.312292047381881 0.755
0.312292047381881 0.7545
0.312292047381881 0.754
0.31344441656041194 0.7535000000000001
0.31459678573894284 0.753
0.3157491549174738 0.7525
0.3157491549174738 0.752
0.3157491549174738 0.7515000000000001
0.3157491549174738 0.751
0.3169015240960047 0.7505
0.3169015240960047 0.75
0.3169015240960047 0.7495
0.31805389327453565 0.749
0.31805389327453565 0.7484999999999999
0.31805389327453565 0.748
0.31920626245306655 0.7475
0.3215110008101284 0.747
0.3215110008101284 0.7464999999999999
0.3215110008101284 0.746
0.3215110008101284 0.7455
0.3215110008101284 0.745
0.32266336998865935 0.7444999999999999
0.32381573916719025 0.744
0.32381573916719025 0.7435
0.32381573916719025 0.743
0.3249681083457212 0.7424999999999999
0.3249681083457212 0.742
0.3249681083457212 0.7415
0.3249681083457212 0.741
0.3249681083457212 0.7404999999999999
0.3249681083457212 0.74
0.3249681083457212 0.7395
0.3261204775242521 0.739
0.32727284670278306 0.7384999999999999
0.32727284670278306 0.738
0.32842521588131396 0.7375
0.32842521588131396 0.737
0.3295775850598449 0.7364999999999999
0.3295775850598449 0.736
0.3307299542383758 0.7355
0.3307299542383758 0.735
0.3307299542383758 0.7344999999999999
0.3307299542383758 0.734
0.33188232341690677 0.7335
0.33188232341690677 0.733
0.33303469259543766 0.7324999999999999
0.3341870617739686 0.732
0.3341870617739686 0.7315
0.3353394309524995 0.731
0.3353394309524995 0.7304999999999999
0.3353394309524995 0.73
0.3353394309524995 0.7295
0.33649180013103047 0.729
0.33649180013103047 0.7284999999999999
0.33649180013103047 0.728
0.33649180013103047 0.7275
0.33764416930956137 0.727
0.3387965384880923 0.7264999999999999
0.3387965384880923 0.726
0.3387965384880923 0.7255
0.3399489076666232 0.725
0.3411012768451542 0.7244999999999999
0.3422536460236851 0.724
0.34455838438074693 0.7235
0.34455838438074693 0.723
0.34455838438074693 0.7224999999999999
0.3457107535592779 0.722
0.3457107535592779 0.7215
0.3468631227378088 0.721
0.3468631227378088 0.7204999999999999
0.3468631227378088 0.72
0.34801549191633974 0.7195
0.34801549191633974 0.719
0.34801549191633974 0.7185
0.34801549191633974 0.718
0.34916786109487064 0.7175
0.34916786109487064 0.7170000000000001
0.34916786109487064 0.7165
0.3503202302734016 0.716
0.3514725994519325 0.7155
0.35262496863046344 0.7150000000000001
0.35262496863046344 0.7145
0.35262496863046344 0.714
0.35377733780899434 0.7135
0.3560820761660562 0.7130000000000001
0.35838681452311805 0.7125
0.35838681452311805 0.712
0.35838681452311805 0.7115
0.359539183701649 0.7110000000000001
0.359539183701649 0.7105
0.3606915528801799 0.71
0.3606915528801799 0.7095
0.3606915528801799 0.7090000000000001
0.36184392205871085 0.7085
0.36184392205871085 0.708
0.36184392205871085 0.7075
0.36299629123724175 0.7070000000000001
0.36299629123724175 0.7065
0.36299629123724175 0.706
0.36414866041577265 0.7055
0.3653010295943036 0.7050000000000001
0.3653010295943036 0.7045
0.3664533987728345 0.704
0.36760576795136546 0.7035
0.36760576795136546 0.7030000000000001
0.36760576795136546 0.7025
0.36760576795136546 0.702
0.36760576795136546 0.7015
0.36760576795136546 0.7010000000000001
0.36760576795136546 0.7005
0.36875813712989636 0.7
0.3699105063084273 0.6995
0.37221524466548916 0.6990000000000001
0.37336761384402006 0.6985
0.374519983022551 0.698
0.3756723522010819 0.6975
0.3756723522010819 0.6970000000000001
0.37682472137961287 0.6965
0.37797709055814377 0.696
0.37797709055814377 0.6955
0.37797709055814377 0.6950000000000001
0.37797709055814377 0.6945
0.37797709055814377 0.694
0.3791294597366747 0.6935
0.3791294597366747 0.6930000000000001
0.3791294597366747 0.6925
0.3791294597366747 0.692
0.3814341980937366 0.6915
0.3814341980937366 0.6910000000000001
0.3814341980937366 0.6905
0.3814341980937366 0.69
0.3825865672722675 0.6895
0.3825865672722675 0.6890000000000001
0.38373893645079843 0.6885
0.38373893645079843 0.688
0.38489130562932933 0.6875
0.38489130562932933 0.687
0.3860436748078603 0.6865
0.3871960439863912 0.6859999999999999
0.3871960439863912 0.6855
0.3871960439863912 0.685
0.38834841316492213 0.6845
0.38834841316492213 0.6839999999999999
0.38950078234345303 0.6835
0.390653151521984 0.683
0.390653151521984 0.6825
0.390653151521984 0.6819999999999999
0.3918055207005149 0.6815
0.3918055207005149 0.681
0.3918055207005149 0.6805
0.39295788987904584 0.6799999999999999
0.39295788987904584 0.6795
0.39295788987904584 0.679
0.3952626282361077 0.6785
0.3952626282361077 0.6779999999999999
0.3952626282361077 0.6775
0.39756736659316955 0.677
0.39756736659316955 0.6765
0.39871973577170045 0.6759999999999999
0.39871973577170045 0.6755
0.39871973577170045 0.675
0.39871973577170045 0.6745
0.3998721049502314 0.6739999999999999
0.4010244741287623 0.6735
0.4010244741287623 0.673
0.40217684330729325 0.6725
0.40217684330729325 0.6719999999999999
0.40217684330729325 0.6715
0.40217684330729325 0.671
0.40332921248582415 0.6705
0.4044815816643551 0.6699999999999999
0.405633950842886 0.6695
0.40793868919994786 0.669
0.40793868919994786 0.6685
0.40793868919994786 0.6679999999999999
0.4090910583784788 0.6675
0.4102434275570097 0.667
0.4102434275570097 0.6665
0.41139579673554066 0.6659999999999999
0.4137005350926025 0.6655
0.4137005350926025 0.665
0.4148529042711334 0.6645
0.4148529042711334 0.6639999999999999
0.4148529042711334 0.6635
0.41600527344966437 0.663
0.41600527344966437 0.6625
0.4183100118067262 0.6619999999999999
0.4183100118067262 0.6615
0.4194623809852571 0.661
0.4206147501637881 0.6605
0.421767119342319 0.6599999999999999
0.4252242268779118 0.6595
0.4263765960564427 0.659
0.42752896523497363 0.6585
0.4298337035920355 0.6579999999999999
0.4298337035920355 0.6575
0.4309860727705664 0.657
0.43213844194909734 0.6565
0.43213844194909734 0.656
0.43213844194909734 0.6555
0.43329081112762824 0.655
0.43329081112762824 0.6545000000000001
0.43329081112762824 0.654
0.4344431803061592 0.6535
0.4344431803061592 0.653
0.4355955494846901 0.6525000000000001
0.4355955494846901 0.652
0.4355955494846901 0.6515
0.43674791866322105 0.651
0.4390526570202829 0.6505000000000001
0.4390526570202829 0.65
0.4402050261988138 0.6495
0.4402050261988138 0.649
0.4402050261988138 0.6485000000000001
0.4402050261988138 0.648
0.44135739537734475 0.6475
0.44250976455587565 0.647
0.4436621337344066 0.6465000000000001
0.4436621337344066 0.646
0.44711924126999936 0.6455
0.44711924126999936 0.645
0.4482716104485303 0.6445000000000001
0.4494239796270612 0.644
0.45057634880559216 0.6435
0.45057634880559216 0.643
0.45057634880559216 0.6425000000000001
0.45057634880559216 0.642
0.45057634880559216 0.6415
0.45172871798412306 0.641
0.45172871798412306 0.6405000000000001
0.452881087162654 0.64
0.452881087162654 0.6395
0.45518582551971587 0.639
0.45633819469824677 0.6385000000000001
0.4574905638767777 0.638
0.4586429330553086 0.6375
0.4586429330553086 0.637
0.4586429330553086 0.6365000000000001
0.4586429330553086 0.636
0.4609476714123705 0.6355
0.46210004059090143 0.635
0.46210004059090143 0.6345000000000001
0.4632524097694323 0.634
0.4644047789479633 0.6335
0.4644047789479633 0.633
0.4644047789479633 0.6325000000000001
0.4655571481264942 0.632
0.46670951730502513 0.6315
0.46786188648355603 0.631
0.46786188648355603 0.6305000000000001
0.46786188648355603 0.63
0.46786188648355603 0.6295
0.46786188648355603 0.629
0.46786188648355603 0.6285000000000001
0.469014255662087 0.628
0.469014255662087 0.6275
0.4701666248406179 0.627
0.4701666248406179 0.6265000000000001
0.47131899401914884 0.626
0.47131899401914884 0.6255
0.47131899401914884 0.625
0.47131899401914884 0.6245
0.47131899401914884 0.624
0.4736237323762107 0.6234999999999999
0.4736237323762107 0.623
0.4747761015547416 0.6225
0.47708083991180344 0.622
0.47708083991180344 0.6214999999999999
0.4782332090903344 0.621
0.4782332090903344 0.6205
0.4782332090903344 0.62
0.4782332090903344 0.6194999999999999
0.4793855782688653 0.619
0.4793855782688653 0.6185
0.4793855782688653 0.618
0.48053794744739625 0.6174999999999999
0.48169031662592715 0.617
0.48169031662592715 0.6165
0.4828426858044581 0.616
0.4828426858044581 0.6154999999999999
0.483995054982989 0.615
0.483995054982989 0.6145
0.483995054982989 0.614
0.483995054982989 0.6134999999999999
0.4851474241615199 0.613
0.48629979334005086 0.6125
0.48629979334005086 0.612
0.48745216251858176 0.6114999999999999
0.48745216251858176 0.611
0.4897569008756436 0.6105
0.49090927005417456 0.61
0.49206163923270546 0.6094999999999999
0.4932140084112364 0.609
0.4932140084112364 0.6085
0.49551874676829827 0.608
0.49551874676829827 0.6074999999999999
0.49667111594682917 0.607
0.4978234851253601 0.6065
0.498975854303891 0.606
0.5001282234824219 0.6054999999999999
0.5001282234824219 0.605
0.5012805926609529 0.6045
0.5035853310180147 0.604
0.5035853310180147 0.6034999999999999
0.5035853310180147 0.603
0.5047377001965456 0.6025
0.5047377001965456 0.602
0.5058900693750766 0.6014999999999999
0.5070424385536075 0.601
0.5070424385536075 0.6005
0.5070424385536075 0.6
0.5081948077321384 0.5994999999999999
0.5093471769106693 0.599
0.5093471769106693 0.5985
0.5104995460892003 0.598
0.5104995460892003 0.5974999999999999
0.5104995460892003 0.597
0.5104995460892003 0.5965
0.5128042844462621 0.596
0.5128042844462621 0.5954999999999999
0.513956653624793 0.595
0.515109022803324 0.5945
0.515109022803324 0.594
0.5174137611603858 0.5935
0.5174137611603858 0.593
0.5185661303389167 0.5925
0.5208708686959787 0.5920000000000001
0.5220232378745095 0.5915
0.5220232378745095 0.591
0.5243279762315715 0.5905
0.5266327145886333 0.5900000000000001
0.5266327145886333 0.5895
0.5277850837671642 0.589
0.5277850837671642 0.5885
0.5289374529456952 0.5880000000000001
0.5300898221242261 0.5875
0.5300898221242261 0.587
0.5300898221242261 0.5865
0.531242191302757 0.5860000000000001
0.531242191302757 0.5855
0.5323945604812879 0.585
0.5323945604812879 0.5845
0.5323945604812879 0.5840000000000001
0.5346992988383498 0.5835
0.5346992988383498 0.583
0.5358516680168807 0.5825
0.5358516680168807 0.5820000000000001
0.5358516680168807 0.5815
0.5393087755524735 0.581
0.5393087755524735 0.5805
0.5404611447310044 0.5800000000000001
0.5404611447310044 0.5795
0.5416135139095353 0.579
0.5416135139095353 0.5785
0.5439182522665972 0.5780000000000001
0.5439182522665972 0.5775
0.5450706214451281 0.577
0.5450706214451281 0.5765
0.5450706214451281 0.5760000000000001
0.546222990623659 0.5755
0.5485277289807209 0.575
0.5485277289807209 0.5745
0.5485277289807209 0.5740000000000001
0.5496800981592518 0.5735
0.5508324673377827 0.573
0.5519848365163137 0.5725
0.5519848365163137 0.5720000000000001
0.5531372056948446 0.5715
0.5542895748733755 0.571
0.5542895748733755 0.5705
0.5542895748733755 0.5700000000000001
0.5542895748733755 0.5695
0.5554419440519064 0.569
0.5565943132304374 0.5685
0.5565943132304374 0.5680000000000001
0.5565943132304374 0.5675
0.5577466824089683 0.567
0.5588990515874992 0.5665
0.5588990515874992 0.5660000000000001
0.5588990515874992 0.5655
0.5600514207660301 0.565
0.5600514207660301 0.5645
0.5600514207660301 0.5640000000000001
0.5600514207660301 0.5635
0.5612037899445611 0.563
0.5612037899445611 0.5625
0.562356159123092 0.562
0.562356159123092 0.5615
0.562356159123092 0.5609999999999999
0.5635085283016229 0.5605
0.5635085283016229 0.56
0.5635085283016229 0.5595
0.5635085283016229 0.5589999999999999
0.5646608974801538 0.5585
0.5646608974801538 0.558
0.5658132666586848 0.5575
0.5669656358372157 0.5569999999999999
0.5669656358372157 0.5565
0.5669656358372157 0.556
0.5669656358372157 0.5555
0.5681180050157466 0.5549999999999999
0.5681180050157466 0.5545
0.5681180050157466 0.554
0.5692703741942775 0.5535
0.5704227433728085 0.5529999999999999
0.5704227433728085 0.5525
0.5715751125513394 0.552
0.5738798509084012 0.5515
0.5750322200869322 0.5509999999999999
0.5750322200869322 0.5505
0.5750322200869322 0.55
0.577336958443994 0.5495
0.5796416968010559 0.5489999999999999
0.5807940659795868 0.5485
0.5807940659795868 0.548
0.5807940659795868 0.5475
0.5819464351581177 0.5469999999999999
0.5819464351581177 0.5465
0.5830988043366486 0.546
0.5830988043366486 0.5455
0.5830988043366486 0.5449999999999999
0.5842511735151796 0.5445
0.5842511735151796 0.544
0.5842511735151796 0.5435
0.5842511735151796 0.5429999999999999
0.5865559118722414 0.5425
0.5865559118722414 0.542
0.5888606502293033 0.5415
0.5900130194078342 0.5409999999999999
0.5911653885863651 0.5405
0.5911653885863651 0.54
0.592317757764896 0.5395
0.592317757764896 0.5389999999999999
0.593470126943427 0.5385
0.593470126943427 0.538
0.5946224961219579 0.5375
0.5957748653004888 0.5369999999999999
0.5969272344790197 0.5365
0.5969272344790197 0.536
0.5980796036575508 0.5355
0.5992319728360816 0.5349999999999999
0.6003843420146125 0.5345
0.6003843420146125 0.534
0.6015367111931434 0.5335
0.6038414495502054 0.5329999999999999
0.6038414495502054 0.5325
0.6049938187287363 0.532
0.6049938187287363 0.5315
0.6049938187287363 0.531
0.6061461879072672 0.5305
0.607298557085798 0.53
0.607298557085798 0.5295000000000001
0.6084509262643291 0.529
0.60960329544286 0.5285
0.60960329544286 0.528
0.60960329544286 0.5275000000000001
0.6107556646213909 0.527
0.6107556646213909 0.5265
0.6107556646213909 0.526
0.6119080337999218 0.5255000000000001
0.6130604029784528 0.525
0.6142127721569837 0.5245
0.6142127721569837 0.524
0.6165175105140455 0.5235000000000001
0.6165175105140455 0.523
0.6176698796925765 0.5225
0.6188222488711074 0.522
0.6188222488711074 0.5215000000000001
0.6188222488711074 0.521
0.6199746180496383 0.5205
0.6199746180496383 0.52
0.6211269872281692 0.5195000000000001
0.6211269872281692 0.519
0.6211269872281692 0.5185
0.6222793564067002 0.518
0.6234317255852311 0.5175000000000001
0.624584094763762 0.517
0.6257364639422929 0.5165
0.6268888331208239 0.516
0.6268888331208239 0.5155000000000001
0.6280412022993548 0.515
0.6291935714778857 0.5145
0.6314983098349476 0.514
0.6314983098349476 0.5135000000000001
0.6326506790134785 0.513
0.6326506790134785 0.5125
0.6349554173705403 0.512
0.6349554173705403 0.5115000000000001
0.6384125249061331 0.511
0.6384125249061331 0.5105
0.639564894084664 0.51
0.640717263263195 0.5095000000000001
0.640717263263195 0.509
0.6418696324417259 0.5085
0.6418696324417259 0.508
0.6441743707987877 0.5075000000000001
0.6441743707987877 0.507
0.6453267399773187 0.5065
0.6453267399773187 0.506
0.6453267399773187 0.5055000000000001
0.6464791091558496 0.505
0.6464791091558496 0.5045
0.6464791091558496 0.504
0.6476314783343805 0.5035000000000001
0.6476314783343805 0.503
0.6487838475129114 0.5025
0.6487838475129114 0.502
0.6522409550485042 0.5015000000000001
0.6545456934055661 0.501
0.6545456934055661 0.5005
0.6545456934055661 0.5
0.655698062584097 0.49950000000000006
0.6568504317626279 0.499
0.6580028009411588 0.49850000000000005
0.6591551701196898 0.498
0.6591551701196898 0.49750000000000005
0.6591551701196898 0.497
0.6603075392982207 0.49650000000000005
0.6626122776552825 0.496
0.6637646468338135 0.49550000000000005
0.6637646468338135 0.495
0.6637646468338135 0.49450000000000005
0.6637646468338135 0.494
0.6649170160123444 0.49350000000000005
0.6672217543694062 0.493
0.6695264927264681 0.49250000000000005
0.6695264927264681 0.492
0.670678861904999 0.49150000000000005
0.6718312310835299 0.491
0.6718312310835299 0.49050000000000005
0.6718312310835299 0.49
0.6718312310835299 0.48950000000000005
0.6729836002620609 0.489
0.6741359694405918 0.48850000000000005
0.6752883386191227 0.488
0.6764407077976536 0.48750000000000004
0.6775930769761846 0.487
0.6775930769761846 0.48650000000000004
0.6775930769761846 0.486
0.6787454461547155 0.48550000000000004
0.6787454461547155 0.485
0.6787454461547155 0.48450000000000004
0.6798978153332464 0.484
0.6798978153332464 0.48350000000000004
0.6810501845117773 0.483
0.6810501845117773 0.48250000000000004
0.6822025536903084 0.482
0.6833549228688393 0.48150000000000004
0.6845072920473702 0.481
0.6845072920473702 0.48050000000000004
0.685659661225901 0.48
0.6868120304044321 0.47950000000000004
0.6891167687614939 0.479
0.6902691379400248 0.47850000000000004
0.6914215071185558 0.478
0.6925738762970867 0.47750000000000004
0.6937262454756176 0.477
0.6971833530112104 0.47650000000000003
0.6971833530112104 0.476
0.6971833530112104 0.47550000000000003
0.6983357221897413 0.475
0.6994880913682722 0.47450000000000003
0.6994880913682722 0.474
0.6994880913682722 0.47350000000000003
0.6994880913682722 0.473
0.7006404605468032 0.47250000000000003
0.7006404605468032 0.472
0.7017928297253341 0.47150000000000003
0.7017928297253341 0.471
0.7017928297253341 0.47050000000000003
0.7017928297253341 0.47
0.7017928297253341 0.46950000000000003
0.702945198903865 0.469
0.702945198903865 0.4685
0.702945198903865 0.46799999999999997
0.7040975680823959 0.4675
0.7064023064394578 0.46699999999999997
0.7075546756179887 0.4665
0.7075546756179887 0.46599999999999997
0.7098594139750506 0.4655
0.7098594139750506 0.46499999999999997
0.7110117831535815 0.4645
0.7110117831535815 0.46399999999999997
0.7121641523321124 0.4635
0.7144688906891743 0.46299999999999997
0.7144688906891743 0.4625
0.7144688906891743 0.46199999999999997
0.7156212598677052 0.4615
0.7156212598677052 0.46099999999999997
0.7167736290462361 0.4605
0.717925998224767 0.45999999999999996
0.719078367403298 0.4595
0.719078367403298 0.45899999999999996
0.7202307365818289 0.4585
0.7213831057603598 0.45799999999999996
0.7225354749388907 0.4575
0.7236878441174217 0.45699999999999996
0.7248402132959526 0.4565
0.7248402132959526 0.45599999999999996
0.7259925824744835 0.4555
0.7282973208315453 0.45499999999999996
0.7294496900100763 0.4545
0.7294496900100763 0.45399999999999996
0.7306020591886072 0.4535
0.7317544283671381 0.45299999999999996
0.732906797545669 0.4525
0.7340591667242 0.45199999999999996
0.7352115359027309 0.4515
0.7352115359027309 0.45099999999999996
0.7375162742597927 0.4505
0.7375162742597927 0.44999999999999996
0.7375162742597927 0.4495
0.7386686434383237 0.44899999999999995
0.7398210126168546 0.4485
0.7421257509739164 0.44799999999999995
0.7444304893309783 0.4475
0.7444304893309783 0.44699999999999995
0.7455828585095092 0.4465
0.7455828585095092 0.44599999999999995
0.7467352276880401 0.4455
0.7478875968665711 0.44499999999999995
0.7478875968665711 0.4445
0.749039966045102 0.44399999999999995
0.749039966045102 0.4435
0.7501923352236329 0.44299999999999995
0.7501923352236329 0.4425
0.7501923352236329 0.44199999999999995
0.7513447044021638 0.4415
0.7513447044021638 0.44099999999999995
0.7524970735806948 0.4405
0.7548018119377566 0.43999999999999995
0.7559541811162875 0.4395
0.7559541811162875 0.43899999999999995
0.7559541811162875 0.4385
0.7559541811162875 0.43799999999999994
0.7559541811162875 0.4375
0.7571065502948185 0.43700000000000006
0.7582589194733494 0.4365
0.7605636578304112 0.43600000000000005
0.7605636578304112 0.4355
0.7605636578304112 0.43500000000000005
0.7605636578304112 0.4345
0.7605636578304112 0.43400000000000005
0.7617160270089423 0.4335
0.7628683961874732 0.43300000000000005
0.7628683961874732 0.4325
0.7628683961874732 0.43200000000000005
0.764020765366004 0.4315
0.764020765366004 0.43100000000000005
0.764020765366004 0.4305
0.764020765366004 0.43000000000000005
0.764020765366004 0.4295
0.765173134544535 0.42900000000000005
0.765173134544535 0.4285
0.766325503723066 0.42800000000000005
0.766325503723066 0.4275
0.7674778729015969 0.42700000000000005
0.7697826112586587 0.4265
0.7709349804371897 0.42600000000000005
0.7720873496157206 0.4255
0.7720873496157206 0.42500000000000004
0.7720873496157206 0.4245
0.7732397187942515 0.42400000000000004
0.7743920879727824 0.4235
0.7755444571513134 0.42300000000000004
0.7766968263298443 0.4225
0.7766968263298443 0.42200000000000004
0.7790015646869061 0.4215
0.7790015646869061 0.42100000000000004
0.7801539338654371 0.4205
0.781306303043968 0.42000000000000004
0.7824586722224989 0.4195
0.7824586722224989 0.41900000000000004
0.7836110414010298 0.4185
0.7836110414010298 0.41800000000000004
0.7847634105795608 0.4175
0.7847634105795608 0.41700000000000004
0.7859157797580917 0.4165
0.7870681489366226 0.41600000000000004
0.7882205181151535 0.4155
0.7882205181151535 0.41500000000000004
0.7905252564722154 0.4145
0.7916776256507463 0.41400000000000003
0.7928299948292772 0.4135
0.7928299948292772 0.41300000000000003
0.7939823640078082 0.4125
0.7939823640078082 0.41200000000000003
0.7951347331863391 0.4115
0.7951347331863391 0.41100000000000003
0.79628710236487 0.4105
0.79628710236487 0.41000000000000003
0.7985918407219319 0.4095
0.8008965790789937 0.40900000000000003
0.8020489482575246 0.4085
0.8032013174360556 0.40800000000000003
0.8032013174360556 0.4075
0.8032013174360556 0.40700000000000003
0.8043536866145865 0.4065
0.8055060557931174 0.406
0.8066584249716483 0.40549999999999997
0.8066584249716483 0.405
0.8078107941501793 0.40449999999999997
0.8078107941501793 0.404
0.8101155325072411 0.40349999999999997
0.8101155325072411 0.403
0.811267901685772 0.40249999999999997
0.812420270864303 0.402
0.812420270864303 0.40149999999999997
0.8135726400428339 0.401
0.8147250092213648 0.40049999999999997
0.8147250092213648 0.4
0.8147250092213648 0.39949999999999997
0.8147250092213648 0.399
0.8181821167569576 0.39849999999999997
0.8193344859354885 0.398
0.8204868551140194 0.39749999999999996
0.8204868551140194 0.397
0.8216392242925504 0.39649999999999996
0.8216392242925504 0.396
0.8227915934710813 0.39549999999999996
0.8227915934710813 0.395
0.8227915934710813 0.39449999999999996
0.8239439626496122 0.394
0.8250963318281431 0.39349999999999996
0.8250963318281431 0.393
0.827401070185205 0.39249999999999996
0.8285534393637359 0.392
0.8308581777207978 0.39149999999999996
0.8320105468993287 0.391
0.8343152852563905 0.39049999999999996
0.8343152852563905 0.39
0.8354676544349215 0.38949999999999996
0.8377723927919833 0.389
0.8377723927919833 0.38849999999999996
0.8377723927919833 0.388
0.8389247619705142 0.38749999999999996
0.8389247619705142 0.387
0.8400771311490453 0.38649999999999995
0.8412295003275762 0.386
0.8412295003275762 0.38549999999999995
0.842381869506107 0.385
0.844686607863169 0.38449999999999995
0.8458389770416999 0.384
0.8469913462202308 0.38349999999999995
0.8481437153987617 0.383
0.8504484537558236 0.38249999999999995
0.8516008229343545 0.382
0.8527531921128854 0.38149999999999995
0.8527531921128854 0.381
0.8527531921128854 0.38049999999999995
0.8539055612914163 0.38
0.8539055612914163 0.37949999999999995
0.8539055612914163 0.379
0.8539055612914163 0.37849999999999995
0.8550579304699473 0.378
0.85851503800554 0.37749999999999995
0.859667407184071 0.377
0.859667407184071 0.37649999999999995
0.8631245147196637 0.376
0.8642768838981947 0.37549999999999994
0.8665816222552565 0.375
0.8665816222552565 0.37450000000000006
0.8688863606123184 0.374
0.8711910989693802 0.37350000000000005
0.8723434681479111 0.373
0.8723434681479111 0.37250000000000005
0.8723434681479111 0.372
0.8723434681479111 0.37150000000000005
0.8723434681479111 0.371
0.8734958373264421 0.37050000000000005
0.874648206504973 0.37
0.874648206504973 0.36950000000000005
0.8769529448620348 0.369
0.8781053140405658 0.36850000000000005
0.8781053140405658 0.368
0.8804100523976276 0.36750000000000005
0.8815624215761585 0.367
0.8815624215761585 0.36650000000000005
0.8827147907546895 0.366
0.8827147907546895 0.36550000000000005
0.8827147907546895 0.365
0.8827147907546895 0.36450000000000005
0.8827147907546895 0.364
0.8838671599332204 0.36350000000000005
0.8838671599332204 0.363
0.8861718982902822 0.36250000000000004
0.8861718982902822 0.362
0.8873242674688132 0.36150000000000004
0.8884766366473441 0.361
0.8884766366473441 0.36050000000000004
0.8884766366473441 0.36
0.889629005825875 0.35950000000000004
0.889629005825875 0.359
0.889629005825875 0.35850000000000004
0.8930861133614678 0.358
0.8930861133614678 0.35750000000000004
0.8942384825399987 0.357
0.8942384825399987 0.35650000000000004
0.8942384825399987 0.356
0.8953908517185296 0.35550000000000004
0.8953908517185296 0.355
0.8976955900755915 0.35450000000000004
0.9000003284326533 0.354
0.9000003284326533 0.35350000000000004
0.9000003284326533 0.353
0.9011526976111843 0.35250000000000004
0.9011526976111843 0.352
0.905762174325308 0.35150000000000003
0.905762174325308 0.351
0.9069145435038389 0.35050000000000003
0.9069145435038389 0.35
0.9069145435038389 0.34950000000000003
0.9080669126823698 0.349
0.9092192818609007 0.34850000000000003
0.9092192818609007 0.348
0.9103716510394317 0.34750000000000003
0.9126763893964935 0.347
0.9138287585750244 0.34650000000000003
0.9138287585750244 0.346
0.9149811277535554 0.34550000000000003
0.9149811277535554 0.345
0.9161334969320863 0.34450000000000003
0.9161334969320863 0.344
0.9161334969320863 0.3435
0.9172858661106172 0.34299999999999997
0.9172858661106172 0.3425
0.9172858661106172 0.34199999999999997
0.9172858661106172 0.3415
0.9195906044676792 0.34099999999999997
0.92074297364621 0.3405
0.92074297364621 0.33999999999999997
0.921895342824741 0.3395
0.921895342824741 0.33899999999999997
0.921895342824741 0.3385
0.921895342824741 0.33799999999999997
0.9230477120032718 0.3375
0.9230477120032718 0.33699999999999997
0.9230477120032718 0.3365
0.9242000811818029 0.33599999999999997
0.9242000811818029 0.3355
0.9242000811818029 0.33499999999999996
0.9253524503603338 0.3345
0.9265048195388647 0.33399999999999996
0.9276571887173956 0.3335
0.9288095578959266 0.33299999999999996
0.9299619270744575 0.3325
0.9299619270744575 0.33199999999999996
0.9322666654315193 0.3315
0.9322666654315193 0.33099999999999996
0.9334190346100503 0.3305
0.9334190346100503 0.32999999999999996
0.9334190346100503 0.3295
0.9334190346100503 0.32899999999999996
0.9357237729671121 0.3285
0.9414856188597667 0.32799999999999996
0.9414856188597667 0.3275
0.9426379880382977 0.32699999999999996
0.9426379880382977 0.3265
0.9426379880382977 0.32599999999999996
0.9437903572168286 0.3255
0.9449427263953595 0.32499999999999996
0.9449427263953595 0.3245
0.9460950955738904 0.32399999999999995
0.9472474647524214 0.3235
0.9495522031094832 0.32299999999999995
0.9495522031094832 0.3225
0.9518569414665451 0.32199999999999995
0.9518569414665451 0.3215
0.9518569414665451 0.32099999999999995
0.9553140490021378 0.3205
0.9564664181806688 0.31999999999999995
0.9587711565377306 0.3195
0.9587711565377306 0.31899999999999995
0.9610758948947925 0.3185
0.9622282640733234 0.31799999999999995
0.9622282640733234 0.3175
0.9622282640733234 0.31699999999999995
0.9656853716089162 0.3165
0.9668377407874471 0.31599999999999995
0.967990109965978 0.3155
0.967990109965978 0.31499999999999995
0.967990109965978 0.3145
0.9702948483230398 0.31399999999999995
0.9702948483230398 0.3135
0.9702948483230398 0.31299999999999994
0.9714472175015708 0.3125
0.9714472175015708 0.31200000000000006
0.9714472175015708 0.3115
0.9737519558586326 0.31100000000000005
0.9737519558586326 0.3105
0.9749043250371635 0.31000000000000005
0.9760566942156945 0.3095
0.9760566942156945 0.30900000000000005
0.9772090633942254 0.3085
0.9783614325727563 0.30800000000000005
0.9795138017512872 0.3075
0.9818185401083491 0.30700000000000005
0.98297090928688 0.3065
0.9864280168224728 0.30600000000000005
0.9864280168224728 0.3055
0.9887327551795346 0.30500000000000005
0.9887327551795346 0.3045
0.9887327551795346 0.30400000000000005
0.9887327551795346 0.3035
0.9898851243580656 0.30300000000000005
0.9910374935365965 0.3025
0.9910374935365965 0.30200000000000005
0.9910374935365965 0.3015
0.9921898627151274 0.30100000000000005
0.9933422318936583 0.3005
0.9944946010721893 0.30000000000000004
0.9944946010721893 0.2995
0.9944946010721893 0.29900000000000004
0.9956469702507202 0.2985
0.997951708607782 0.29800000000000004
0.997951708607782 0.2975
0.997951708607782 0.29700000000000004
1.0002564469648438 0.2965
1.0037135545004368 0.29600000000000004
1.0048659236789677 0.2955
1.0048659236789677 0.29500000000000004
1.0060182928574986 0.2945
1.0083230312145604 0.29400000000000004
1.0083230312145604 0.2935
1.0083230312145604 0.29300000000000004
1.0094754003930912 0.2925
1.0106277695716224 0.29200000000000004
1.0117801387501533 0.2915
1.0129325079286842 0.29100000000000004
1.0129325079286842 0.2905
1.0129325079286842 0.29000000000000004
1.0129325079286842 0.2895
1.014084877107215 0.28900000000000003
1.014084877107215 0.2885
1.0163896154642769 0.28800000000000003
1.0163896154642769 0.2875
1.0175419846428078 0.28700000000000003
1.0175419846428078 0.2865
1.0221514613569316 0.28600000000000003
1.0233038305354625 0.2855
1.0267609380710552 0.28500000000000003
1.027913307249586 0.2845
1.0290656764281172 0.28400000000000003
1.0290656764281172 0.2835
1.0290656764281172 0.28300000000000003
1.0290656764281172 0.2825
1.0290656764281172 0.28200000000000003
1.030218045606648 0.2815
1.030218045606648 0.281
1.031370414785179 0.28049999999999997
1.031370414785179 0.28
1.03252278396371 0.27949999999999997
1.0336751531422408 0.279
1.0348275223207717 0.27849999999999997
1.0348275223207717 0.278
1.0348275223207717 0.27749999999999997
1.0371322606778335 0.277
1.0382846298563646 0.27649999999999997
1.0405893682134264 0.276
1.0417417373919573 0.27549999999999997
1.0417417373919573 0.275
1.044046475749019 0.27449999999999997
1.044046475749019 0.274
1.04519884492755 0.27349999999999997
1.047503583284612 0.273
1.048655952463143 0.27249999999999996
1.048655952463143 0.272
1.0521130599987356 0.27149999999999996
1.0532654291772665 0.271
1.0532654291772665 0.27049999999999996
1.0578749058913903 0.27
1.0578749058913903 0.26949999999999996
1.0578749058913903 0.269
1.0590272750699212 0.26849999999999996
1.0590272750699212 0.268
1.061332013426983 0.26749999999999996
1.061332013426983 0.267
1.061332013426983 0.26649999999999996
1.062484382605514 0.266
1.0636367517840448 0.26549999999999996
1.0636367517840448 0.265
1.0636367517840448 0.26449999999999996
1.0647891209625757 0.264
1.0659414901411068 0.26349999999999996
1.0659414901411068 0.263
1.0670938593196377 0.26249999999999996
1.0670938593196377 0.262
1.0705509668552304 0.26149999999999995
1.0705509668552304 0.261
1.0728557052122922 0.26049999999999995
1.077465181926416 0.26
1.077465181926416 0.25949999999999995
1.077465181926416 0.259
1.0809222894620087 0.25849999999999995
1.0809222894620087 0.258
1.0809222894620087 0.25749999999999995
1.0820746586405396 0.257
1.0843793969976017 0.25649999999999995
1.0855317661761326 0.256
1.0855317661761326 0.25549999999999995
1.0866841353546635 0.255
1.0889888737117253 0.25449999999999995
1.0889888737117253 0.254
1.0901412428902562 0.25349999999999995
1.091293612068787 0.253
1.091293612068787 0.25249999999999995
1.09475071960438 0.252
1.0970554579614418 0.25149999999999995
1.0982078271399727 0.251
1.0982078271399727 0.25049999999999994
1.0982078271399727 0.25
1.1016649346755654 0.24950000000000006
1.1028173038540963 0.249
1.1051220422111583 0.24850000000000005
1.1062744113896892 0.248
1.10742678056822 0.24750000000000005
1.10742678056822 0.247
1.108579149746751 0.24650000000000005
1.1108838881038128 0.246
1.1108838881038128 0.24550000000000005
1.1120362572823437 0.245
1.1177981031749984 0.24450000000000005
1.1201028415320602 0.244
1.1201028415320602 0.24350000000000005
1.1201028415320602 0.243
1.121255210710591 0.24250000000000005
1.1224075798891222 0.242
1.1224075798891222 0.24150000000000005
1.124712318246184 0.241
1.124712318246184 0.24050000000000005
1.124712318246184 0.24
1.124712318246184 0.23950000000000005
1.1270170566032458 0.239
1.1281694257817767 0.23850000000000005
1.1304741641388385 0.238
1.1327789024959005 0.23750000000000004
1.1350836408529623 0.237
1.1362360100314932 0.23650000000000004
1.1373883792100241 0.236
1.141997855924148 0.23550000000000004
1.141997855924148 0.235
1.1443025942812097 0.23450000000000004
1.1443025942812097 0.23399999999999999
1.1500644401738644 0.23350000000000004
1.1523691785309262 0.23299999999999998
1.155826286066519 0.23250000000000004
1.1569786552450498 0.23199999999999998
1.1569786552450498 0.23150000000000004
1.1592833936021119 0.23099999999999998
1.1604357627806428 0.23050000000000004
1.1627405011377046 0.22999999999999998
1.1638928703162355 0.22950000000000004
1.1650452394947663 0.22899999999999998
1.1661976086732972 0.22850000000000004
1.1673499778518281 0.22799999999999998
1.170807085387421 0.22750000000000004
1.1731118237444829 0.22699999999999998
1.1731118237444829 0.22650000000000003
1.1742641929230138 0.22599999999999998
1.1754165621015447 0.22550000000000003
1.1788736696371376 0.22499999999999998
1.1788736696371376 0.22450000000000003
1.186940253886854 0.22399999999999998
1.1892449922439159 0.22350000000000003
1.1903973614224468 0.22299999999999998
1.1903973614224468 0.22250000000000003
1.1915497306009777 0.22199999999999998
1.1927020997795086 0.22150000000000003
1.1927020997795086 0.22099999999999997
1.1938544689580395 0.22050000000000003
1.1938544689580395 0.21999999999999997
1.1984639456721633 0.21950000000000003
1.200768684029225 0.21899999999999997
1.200768684029225 0.21850000000000003
1.201921053207756 0.21799999999999997
1.2065305299218798 0.21750000000000003
1.2065305299218798 0.21699999999999997
1.2065305299218798 0.21650000000000003
1.2088352682789416 0.21599999999999997
1.2088352682789416 0.21550000000000002
1.2111400066360034 0.21499999999999997
1.2111400066360034 0.21450000000000002
1.2111400066360034 0.21399999999999997
1.2122923758145343 0.21350000000000002
1.214597114171596 0.21299999999999997
1.2169018525286581 0.21250000000000002
1.218054221707189 0.21199999999999997
1.218054221707189 0.21150000000000002
1.218054221707189 0.21099999999999997
1.2215113292427817 0.21050000000000002
1.2249684367783746 0.20999999999999996
1.2249684367783746 0.20950000000000002
1.2261208059569055 0.20899999999999996
1.2284255443139673 0.20850000000000002
1.2295779134924982 0.20799999999999996
1.23188265184956 0.20750000000000002
1.23188265184956 0.20699999999999996
1.23188265184956 0.20650000000000002
1.23188265184956 0.20599999999999996
1.235339759385153 0.20550000000000002
1.235339759385153 0.20499999999999996
1.2387968669207456 0.20450000000000002
1.2411016052778074 0.20399999999999996
1.2411016052778074 0.20350000000000001
1.2411016052778074 0.20299999999999996
1.2422539744563383 0.2025
1.2434063436348695 0.20199999999999996
1.2434063436348695 0.2015
1.2445587128134004 0.20099999999999996
1.2445587128134004 0.2005
1.2445587128134004 0.19999999999999996
1.248015820348993 0.1995
1.249168189527524 0.19899999999999995
1.2526252970631169 0.1985
1.2526252970631169 0.19799999999999995
1.2526252970631169 0.1975
1.2549300354201787 0.19699999999999995
1.2560824045987096 0.1965
1.2560824045987096 0.19599999999999995
1.2560824045987096 0.1955
1.2606918813128332 0.19499999999999995
1.2606918813128332 0.1945
1.2618442504913643 0.19399999999999995
1.2629966196698952 0.1935
1.264148988848426 0.19299999999999995
1.265301358026957 0.1925
1.2676060963840188 0.19199999999999995
1.2687584655625497 0.1915
1.2687584655625497 0.19099999999999995
1.2722155730981426 0.1905
1.2756726806337353 0.18999999999999995
1.280282157347859 0.1895
1.280282157347859 0.18899999999999995
1.28143452652639 0.1885
1.282586895704921 0.18799999999999994
1.2848916340619827 0.1875
1.2860440032405136 0.18700000000000006
1.2871963724190445 0.1865
1.2871963724190445 0.18600000000000005
1.2883487415975754 0.1855
1.2895011107761065 0.18500000000000005
1.2906534799546374 0.1845
1.2918058491331683 0.18400000000000005
1.295262956668761 0.1835
1.296415325847292 0.18300000000000005
1.2975676950258228 0.1825
1.2975676950258228 0.18200000000000005
1.2975676950258228 0.1815
1.2975676950258228 0.18100000000000005
1.2975676950258228 0.1805
1.298720064204354 0.18000000000000005
1.3010248025614157 0.1795
1.3021771717399466 0.17900000000000005
1.3033295409184775 0.1785
1.3033295409184775 0.17800000000000005
1.3033295409184775 0.1775
1.3056342792755393 0.17700000000000005
1.3067866484540702 0.1765
1.3079390176326013 0.17600000000000005
1.3102437559896631 0.1755
1.311396125168194 0.17500000000000004
1.311396125168194 0.1745
1.311396125168194 0.17400000000000004
1.312548494346725 0.1735
1.312548494346725 0.17300000000000004
1.3137008635252558 0.1725
1.3148532327037867 0.17200000000000004
1.3160056018823176 0.17149999999999999
1.3183103402393797 0.17100000000000004
1.3183103402393797 0.17049999999999998
1.3217674477749723 0.17000000000000004
1.3217674477749723 0.16949999999999998
1.3229198169535032 0.16900000000000004
1.3240721861320341 0.16849999999999998
1.3263769244890962 0.16800000000000004
1.328681662846158 0.16749999999999998
1.3332911395602816 0.16700000000000004
1.3355958779173434 0.16649999999999998
1.3355958779173434 0.16600000000000004
1.3367482470958745 0.16549999999999998
1.3367482470958745 0.16500000000000004
1.3379006162744054 0.16449999999999998
1.3402053546314672 0.16400000000000003
1.341357723809998 0.16349999999999998
1.341357723809998 0.16300000000000003
1.341357723809998 0.16249999999999998
1.3436624621670599 0.16200000000000003
1.3448148313455908 0.16149999999999998
1.3459672005241219 0.16100000000000003
1.3482719388811837 0.16049999999999998
1.3482719388811837 0.16000000000000003
1.3494243080597146 0.15949999999999998
1.3505766772382455 0.15900000000000003
1.3517290464167764 0.15849999999999997
1.3540337847738382 0.15800000000000003
1.3551861539523693 0.15749999999999997
1.357490892309431 0.15700000000000003
1.359795630666493 0.15649999999999997
1.359795630666493 0.15600000000000003
1.3621003690235547 0.15549999999999997
1.3655574765591476 0.15500000000000003
1.3667098457376785 0.15449999999999997
1.3690145840947403 0.15400000000000003
1.371319322451802 0.15349999999999997
1.374776429987395 0.15300000000000002
1.3770811683444568 0.15249999999999997
1.3782335375229877 0.15200000000000002
1.3805382758800495 0.15149999999999997
1.3828430142371115 0.15100000000000002
1.3839953834156424 0.15049999999999997
1.3863001217727042 0.15000000000000002
1.389757229308297 0.14949999999999997
1.3932143368438898 0.14900000000000002
1.3943667060224207 0.14849999999999997
1.3978238135580134 0.14800000000000002
1.3989761827365443 0.14749999999999996
1.3989761827365443 0.14700000000000002
1.3989761827365443 0.14649999999999996
1.4001285519150752 0.14600000000000002
1.4001285519150752 0.14549999999999996
1.4024332902721373 0.14500000000000002
1.4070427669862609 0.14449999999999996
1.4081951361647917 0.14400000000000002
1.4081951361647917 0.14349999999999996
1.4081951361647917 0.14300000000000002
1.4081951361647917 0.14249999999999996
1.4093475053433226 0.14200000000000002
1.4104998745218538 0.14149999999999996
1.4116522437003847 0.14100000000000001
1.41856645877157 0.14049999999999996
1.422023566307163 0.14
1.4231759354856939 0.13949999999999996
1.4231759354856939 0.139
1.4243283046642248 0.13849999999999996
1.4254806738427557 0.138
1.4277854121998175 0.13749999999999996
1.4277854121998175 0.137
1.4277854121998175 0.13649999999999995
1.4300901505568795 0.136
1.4323948889139413 0.13549999999999995
1.4335472580924722 0.135
1.434699627271003 0.13449999999999995
1.435851996449534 0.134
1.4450709498777814 0.13349999999999995
1.451985164948967 0.133
1.451985164948967 0.13249999999999995
1.453137534127498 0.132
1.4542899033060288 0.13149999999999995
1.4554422724845597 0.131
1.4554422724845597 0.13049999999999995
1.4554422724845597 0.13
1.4612041183772144 0.12949999999999995
1.4623564875557453 0.129
1.4646612259128071 0.12849999999999995
1.4646612259128071 0.128
1.4646612259128071 0.12749999999999995
1.4646612259128071 0.127
1.465813595091338 0.12649999999999995
1.4669659642698691 0.126
1.4669659642698691 0.12549999999999994
1.4681183334484 0.125
1.469270702626931 0.12450000000000006
1.4704230718054618 0.124
1.4784896560551783 0.12350000000000005
1.4796420252337092 0.123
1.4807943944122401 0.12250000000000005
1.481946763590771 0.122
1.483099132769302 0.12150000000000005
1.4877086094834258 0.121
1.4911657170190185 0.12050000000000005
1.4923180861975494 0.12
1.4923180861975494 0.11950000000000005
1.4934704553760803 0.119
1.5130607314111062 0.11850000000000005
1.516517838946699 0.118
1.516517838946699 0.11750000000000005
1.5176702081252298 0.11699999999999999
1.5188225773037607 0.11650000000000005
1.5211273156608225 0.11599999999999999
1.5234320540178845 0.11550000000000005
1.5268891615534772 0.11499999999999999
1.529193899910539 0.11450000000000005
1.532651007446132 0.11399999999999999
1.532651007446132 0.11350000000000005
1.5349557458031937 0.11299999999999999
1.5407175916958484 0.11250000000000004
1.5418699608743793 0.11199999999999999
1.546479437588503 0.11150000000000004
1.5487841759455647 0.11099999999999999
1.5499365451240958 0.11050000000000004
1.5499365451240958 0.10999999999999999
1.5533936526596885 0.10950000000000004
1.5545460218382194 0.10899999999999999
1.5545460218382194 0.10850000000000004
1.5591554985523433 0.10799999999999998
1.5603078677308742 0.10750000000000004
1.561460236909405 0.10699999999999998
1.562612606087936 0.10650000000000004
1.5660697136235286 0.10599999999999998
1.5775934054088379 0.10550000000000004
1.5810505129444308 0.10499999999999998
1.5845076204800235 0.10450000000000004
1.5868123588370853 0.10399999999999998
1.5879647280156164 0.10350000000000004
1.5902694663726782 0.10299999999999998
1.5937265739082709 0.10250000000000004
1.5948789430868018 0.10199999999999998
1.5960313122653327 0.10150000000000003
1.6017931581579874 0.10099999999999998
1.6075550040506421 0.10050000000000003
1.6075550040506421 0.09999999999999998
1.609859742407704 0.09950000000000003
1.6121644807647657 0.09899999999999998
1.6179263266574204 0.09850000000000003
1.6213834341930131 0.09799999999999998
1.624840541728606 0.09750000000000003
1.6282976492641987 0.09699999999999998
1.6317547567997914 0.09650000000000003
1.6363642335139152 0.09599999999999997
1.638668971870977 0.09550000000000003
1.638668971870977 0.09499999999999997
1.6432784485851009 0.09450000000000003
1.6490402944777554 0.09399999999999997
1.6501926636562863 0.09350000000000003
1.6524974020133483 0.09299999999999997
1.6524974020133483 0.09250000000000003
1.6617163554415957 0.09199999999999997
1.6651734629771884 0.09150000000000003
1.668630570512781 0.09099999999999997
1.669782939691312 0.09050000000000002
1.670935308869843 0.08999999999999997
1.6801542622980905 0.08950000000000002
1.6836113698336832 0.08899999999999997
1.685916108190745 0.08850000000000002
1.6928303232619306 0.08799999999999997
1.6962874307975233 0.08750000000000002
1.698592169154585 0.08699999999999997
1.6997445383331162 0.08650000000000002
1.7008969075116471 0.08599999999999997
1.7043540150472398 0.08550000000000002
1.7043540150472398 0.08499999999999996
1.7066587534043016 0.08450000000000002
1.7066587534043016 0.08399999999999996
1.7078111225828325 0.08350000000000002
1.7089634917613636 0.08299999999999996
1.718182445189611 0.08250000000000002
1.7204871835466728 0.08199999999999996
1.7239442910822655 0.08150000000000002
1.7239442910822655 0.08099999999999996
1.7274013986178585 0.08050000000000002
1.7400774595816986 0.07999999999999996
1.7412298287602295 0.07950000000000002
1.7446869362958222 0.07899999999999996
1.7446869362958222 0.07850000000000001
1.7539058897240696 0.07799999999999996
1.7562106280811316 0.07750000000000001
1.764277212330848 0.07699999999999996
1.76658195068791 0.07650000000000001
1.7688866890449717 0.07599999999999996
1.7688866890449717 0.07550000000000001
1.7781056424732191 0.07499999999999996
1.7861722267229356 0.07450000000000001
1.7873245959014665 0.07399999999999995
1.7919340726155903 0.07350000000000001
1.8057625027579614 0.07299999999999995
1.8057625027579614 0.07250000000000001
1.809219610293554 0.07199999999999995
1.8103719794720852 0.07150000000000001
1.8149814561862088 0.07099999999999995
1.8161338253647397 0.07050000000000001
1.8161338253647397 0.06999999999999995
1.8207433020788635 0.0695
1.8207433020788635 0.06899999999999995
1.825352778792987 0.0685
1.8276575171500489 0.06799999999999995
1.8311146246856418 0.0675
1.8460954240065437 0.06699999999999995
1.8472477931850746 0.0665
1.8495525315421366 0.06599999999999995
1.8541620082562602 0.0655
1.855314377434791 0.06499999999999995
1.858771484970384 0.0645
1.8656857000415694 0.06399999999999995
1.8668380692201005 0.0635
1.872599915112755 0.06299999999999994
1.8818188685410024 0.0625
1.8864283452551263 0.062000000000000055
1.8875807144336572 0.0615
1.8979520370404355 0.061000000000000054
1.8979520370404355 0.0605
1.8979520370404355 0.06000000000000005
1.9037138829330902 0.0595
1.904866252111621 0.05900000000000005
1.9083233596472138 0.058499999999999996
1.9117804671828065 0.05800000000000005
1.9129328363613376 0.057499999999999996
1.9152375747183994 0.05700000000000005
1.9209994206110539 0.056499999999999995
1.9209994206110539 0.05600000000000005
1.9244565281466468 0.055499999999999994
1.9336754815748942 0.05500000000000005
1.935980219931956 0.05449999999999999
1.9428944350031416 0.05400000000000005
1.9451991733602034 0.05349999999999999
1.9555704959669817 0.05300000000000005
1.9567228651455126 0.05249999999999999
1.9613323418596365 0.052000000000000046
1.9728560336449457 0.05149999999999999
1.9797702487161313 0.051000000000000045
1.9797702487161313 0.05049999999999999
1.9809226178946622 0.050000000000000044
1.982074987073193 0.04949999999999999
1.982074987073193 0.049000000000000044
1.9843797254302549 0.04849999999999999
1.9889892021443787 0.04800000000000004
1.9924463096799714 0.04749999999999999
1.995903417215564 0.04700000000000004
2.00281763228675 0.046499999999999986
2.0039700014652806 0.04600000000000004
2.0235602775003065 0.045499999999999985
2.027017385035899 0.04500000000000004
2.0293221233929613 0.044499999999999984
2.0523695069635797 0.04400000000000004
2.0569789836777033 0.04349999999999998
2.0581313528562344 0.04300000000000004
2.071959782998605 0.04249999999999998
2.0800263672483217 0.04200000000000004
2.0857882131409764 0.04149999999999998
2.0857882131409764 0.041000000000000036
2.093854797390693 0.04049999999999998
2.097311904926286 0.040000000000000036
2.1019213816404094 0.03949999999999998
2.107683227533064 0.039000000000000035
2.109987965890126 0.03849999999999998
2.1295782419251514 0.038000000000000034
2.1307306111036826 0.03749999999999998
2.1307306111036826 0.03700000000000003
2.1503208871387085 0.03649999999999998
2.151473256317239 0.03600000000000003
2.1779777474234505 0.035499999999999976
2.2067869768867237 0.03500000000000003
2.220615407029095 0.034499999999999975
2.2252248837432185 0.03400000000000003
2.235596206349997 0.033499999999999974
2.2413580522426515 0.03300000000000003
2.247119898135306 0.03249999999999997
2.25172937484943 0.03200000000000003
2.2747767584200482 0.03149999999999997
2.280538604312703 0.031000000000000028
2.283995711848296 0.03049999999999997
2.2909099269194813 0.030000000000000027
2.310500202954507 0.02949999999999997
2.310500202954507 0.029000000000000026
2.3162620488471615 0.02849999999999997
2.32663337145394 0.028000000000000025
2.3370046940607185 0.02749999999999997
2.341614170774842 0.027000000000000024
2.3554426009172134 0.026499999999999968
2.3704234002381153 0.026000000000000023
2.3980802605228573 0.025499999999999967
2.4119086906652285 0.025000000000000022
2.417670536557883 0.024499999999999966
2.4280418591646615 0.02400000000000002
2.429194228343192 0.023499999999999965
2.432651335878785 0.02300000000000002
2.434956074235847 0.022499999999999964
2.434956074235847 0.02200000000000002
2.4533939810923417 0.021499999999999964
2.4556987194494035 0.02100000000000002
2.46376530369912 0.020499999999999963
2.485660318091208 0.020000000000000018
2.4891174256268007 0.019499999999999962
2.4891174256268007 0.019000000000000017
2.4914221639838625 0.01849999999999996
2.5386693003036305 0.018000000000000016
2.543278777017754 0.01749999999999996
2.545583515374816 0.017000000000000015
2.572088006481027 0.01649999999999996
2.579002221552213 0.016000000000000014
2.592830651694584 0.015499999999999958
2.6124209277296098 0.015000000000000013
2.6274017270505117 0.014499999999999957
2.6274017270505117 0.014000000000000012
2.638925418835821 0.013499999999999956
2.6654299099420324 0.013000000000000012
2.6758012325488107 0.012499999999999956
2.685020185977058 0.01200000000000001
2.6930867702267745 0.011499999999999955
2.7472481216177282 0.01100000000000001
2.7507052291533207 0.010499999999999954
2.7599241825815684 0.010000000000000009
2.780666827795125 0.009499999999999953
2.793342888758965 0.009000000000000008
2.8037142113657434 0.008499999999999952
2.8186950106866453 0.008000000000000007
2.875161100434661 0.007499999999999951
2.906275068254996 0.007000000000000006
2.9108845449691194 0.00649999999999995
2.9535222045747638 0.006000000000000005
3.061844907356671 0.005499999999999949
3.081435183391697 0.0050000000000000044
3.2220242231724696 0.0044999999999999485
3.3660703704888353 0.0040000000000000036
3.37183221638149 0.0034999999999999476
3.37183221638149 0.0030000000000000027
3.3983367074877013 0.0024999999999999467
3.4271459369509745 0.0020000000000000018
3.5988489445520826 0.0014999999999999458
3.853522533007417 0.0010000000000000009
4.486173212020896 0.0004999999999999449
