# Normalized_Asset_Abs CCDF_Value
0.0012969391561993406 0.9995
0.0012969391561993406 0.999
0.0012969391561993406 0.9985
0.002593878312398681 0.998
0.002593878312398681 0.9975
0.0038908174685980215 0.997
0.0038908174685980215 0.9965
0.005187756624797362 0.996
0.006484695780996703 0.9955
0.006484695780996703 0.995
0.006484695780996703 0.9945
0.006484695780996703 0.994
0.007781634937196043 0.9935
0.007781634937196043 0.993
0.007781634937196043 0.9925
0.007781634937196043 0.992
0.007781634937196043 0.9915
0.009078574093395382 0.991
0.009078574093395382 0.9905
0.010375513249594724 0.99
0.010375513249594724 0.9895
0.011672452405794065 0.989
0.011672452405794065 0.9885
0.011672452405794065 0.988
0.014266330718192746 0.9875
0.014266330718192746 0.987
0.014266330718192746 0.9865
0.015563269874392086 0.986
0.016860209030591426 0.9855
0.016860209030591426 0.985
0.016860209030591426 0.9845
0.016860209030591426 0.984
0.018157148186790765 0.9835
0.019454087342990107 0.983
0.019454087342990107 0.9825
0.019454087342990107 0.982
0.019454087342990107 0.9815
0.02075102649918945 0.981
0.02075102649918945 0.9805
0.022047965655388788 0.98
0.022047965655388788 0.9795
0.022047965655388788 0.979
0.02334490481158813 0.9785
0.02334490481158813 0.978
0.02464184396778747 0.9775
0.02464184396778747 0.977
0.02464184396778747 0.9765
0.02464184396778747 0.976
0.02464184396778747 0.9755
0.02593878312398681 0.975
0.02593878312398681 0.9745
0.02723572228018615 0.974
0.02723572228018615 0.9735
0.02982960059258483 0.973
0.02982960059258483 0.9725
0.02982960059258483 0.972
0.02982960059258483 0.9715
0.031126539748784172 0.971
0.031126539748784172 0.9705
0.031126539748784172 0.97
0.031126539748784172 0.9695
0.031126539748784172 0.969
0.03242347890498351 0.9685
0.03242347890498351 0.968
0.03242347890498351 0.9675
0.03242347890498351 0.967
0.03242347890498351 0.9665
0.03372041806118285 0.966
0.03372041806118285 0.9655
0.03372041806118285 0.965
0.03372041806118285 0.9645
0.035017357217382195 0.964
0.035017357217382195 0.9635
0.035017357217382195 0.963
0.035017357217382195 0.9625
0.035017357217382195 0.962
0.03631429637358153 0.9615
0.03631429637358153 0.961
0.03761123552978087 0.9605
0.03761123552978087 0.96
0.038908174685980214 0.9595
0.038908174685980214 0.959
0.038908174685980214 0.9585
0.040205113842179556 0.958
0.040205113842179556 0.9575
0.040205113842179556 0.957
0.040205113842179556 0.9565
0.040205113842179556 0.956
0.0415020529983789 0.9555
0.04279899215457823 0.955
0.04279899215457823 0.9545
0.04539287046697692 0.954
0.04539287046697692 0.9535
0.04668980962317626 0.953
0.04668980962317626 0.9525
0.04668980962317626 0.952
0.04668980962317626 0.9515
0.04668980962317626 0.951
0.047986748779375595 0.9505
0.047986748779375595 0.95
0.04928368793557494 0.9495
0.04928368793557494 0.949
0.04928368793557494 0.9485
0.04928368793557494 0.948
0.04928368793557494 0.9475
0.05058062709177428 0.947
0.05058062709177428 0.9465
0.05187756624797362 0.946
0.053174505404172956 0.9455
0.053174505404172956 0.945
0.053174505404172956 0.9445
0.0544714445603723 0.944
0.05576838371657164 0.9435
0.05706532287277098 0.943
0.05706532287277098 0.9425
0.05706532287277098 0.942
0.058362262028970324 0.9415
0.058362262028970324 0.9410000000000001
0.058362262028970324 0.9405
0.05965920118516966 0.94
0.060956140341369 0.9395
0.060956140341369 0.9390000000000001
0.062253079497568344 0.9385
0.062253079497568344 0.938
0.06355001865376768 0.9375
0.06484695780996702 0.937
0.06484695780996702 0.9365
0.06614389696616636 0.9359999999999999
0.06614389696616636 0.9355
0.06614389696616636 0.935
0.06614389696616636 0.9345
0.06614389696616636 0.9339999999999999
0.06614389696616636 0.9335
0.06614389696616636 0.933
0.0674408361223657 0.9325
0.0674408361223657 0.9319999999999999
0.06873777527856505 0.9315
0.06873777527856505 0.931
0.06873777527856505 0.9305
0.06873777527856505 0.9299999999999999
0.06873777527856505 0.9295
0.06873777527856505 0.929
0.07003471443476439 0.9285
0.07003471443476439 0.928
0.07003471443476439 0.9275
0.07133165359096373 0.927
0.07262859274716306 0.9265
0.07262859274716306 0.926
0.0739255319033624 0.9255
0.0739255319033624 0.925
0.0739255319033624 0.9245
0.07522247105956174 0.924
0.07522247105956174 0.9235
0.07651941021576109 0.923
0.07781634937196043 0.9225
0.07781634937196043 0.922
0.07781634937196043 0.9215
0.08041022768435911 0.921
0.08170716684055845 0.9205
0.0830041059967578 0.92
0.0830041059967578 0.9195
0.08430104515295712 0.919
0.08430104515295712 0.9185
0.08559798430915647 0.918
0.08559798430915647 0.9175
0.08689492346535581 0.917
0.08689492346535581 0.9165
0.08689492346535581 0.916
0.08689492346535581 0.9155
0.08819186262155515 0.915
0.08819186262155515 0.9145
0.08819186262155515 0.914
0.08948880177775449 0.9135
0.09078574093395383 0.913
0.09078574093395383 0.9125
0.09078574093395383 0.912
0.09078574093395383 0.9115
0.09208268009015318 0.911
0.09337961924635252 0.9105
0.09337961924635252 0.91
0.09337961924635252 0.9095
0.09337961924635252 0.909
0.09337961924635252 0.9085
0.09467655840255185 0.908
0.09467655840255185 0.9075
0.09467655840255185 0.907
0.09467655840255185 0.9065
0.09597349755875119 0.906
0.09727043671495053 0.9055
0.09727043671495053 0.905
0.09856737587114987 0.9045
0.09856737587114987 0.904
0.09856737587114987 0.9035
0.09986431502734922 0.903
0.09986431502734922 0.9025
0.10116125418354856 0.902
0.10116125418354856 0.9015
0.1024581933397479 0.901
0.10375513249594724 0.9005
0.10375513249594724 0.9
0.10375513249594724 0.8995
0.10505207165214658 0.899
0.10505207165214658 0.8985
0.10505207165214658 0.898
0.10505207165214658 0.8975
0.10764594996454525 0.897
0.10764594996454525 0.8965
0.10764594996454525 0.896
0.1089428891207446 0.8955
0.1089428891207446 0.895
0.1089428891207446 0.8945
0.11283370658934262 0.894
0.11413064574554196 0.8935
0.11413064574554196 0.893
0.11413064574554196 0.8925
0.11413064574554196 0.892
0.1154275849017413 0.8915
0.11672452405794065 0.891
0.11672452405794065 0.8905
0.11802146321413998 0.89
0.11802146321413998 0.8895
0.11802146321413998 0.889
0.11931840237033932 0.8885
0.12061534152653866 0.888
0.12061534152653866 0.8875
0.121912280682738 0.887
0.121912280682738 0.8865
0.121912280682738 0.886
0.12320921983893734 0.8855
0.12320921983893734 0.885
0.12450615899513669 0.8845
0.12450615899513669 0.884
0.12580309815133603 0.8835
0.12580309815133603 0.883
0.12580309815133603 0.8825000000000001
0.12710003730753536 0.882
0.12710003730753536 0.8815
0.12710003730753536 0.881
0.12710003730753536 0.8805000000000001
0.12710003730753536 0.88
0.12710003730753536 0.8795
0.12969391561993404 0.879
0.12969391561993404 0.8785000000000001
0.1309908547761334 0.878
0.1309908547761334 0.8775
0.13228779393233273 0.877
0.13358473308853205 0.8765000000000001
0.13358473308853205 0.876
0.1348816722447314 0.8755
0.1348816722447314 0.875
0.1348816722447314 0.8745
0.13617861140093074 0.874
0.13617861140093074 0.8734999999999999
0.13617861140093074 0.873
0.13617861140093074 0.8725
0.13617861140093074 0.872
0.1374755505571301 0.8714999999999999
0.1374755505571301 0.871
0.1374755505571301 0.8705
0.13877248971332942 0.87
0.13877248971332942 0.8694999999999999
0.14006942886952878 0.869
0.14006942886952878 0.8685
0.1413663680257281 0.868
0.1413663680257281 0.8674999999999999
0.14266330718192746 0.867
0.1439602463381268 0.8665
0.1439602463381268 0.866
0.1439602463381268 0.8654999999999999
0.1439602463381268 0.865
0.14655412465052547 0.8645
0.14655412465052547 0.864
0.14655412465052547 0.8634999999999999
0.1478510638067248 0.863
0.1478510638067248 0.8625
0.1478510638067248 0.862
0.1478510638067248 0.8614999999999999
0.14914800296292416 0.861
0.1504449421191235 0.8605
0.1504449421191235 0.86
0.15174188127532284 0.8594999999999999
0.15174188127532284 0.859
0.15174188127532284 0.8585
0.15303882043152217 0.858
0.15563269874392086 0.8575
0.15563269874392086 0.857
0.15692963790012018 0.8565
0.15692963790012018 0.856
0.15692963790012018 0.8555
0.15822657705631954 0.855
0.15952351621251887 0.8545
0.16211739452491755 0.854
0.1634143336811169 0.8535
0.1634143336811169 0.853
0.1634143336811169 0.8525
0.1634143336811169 0.852
0.1634143336811169 0.8515
0.16471127283731624 0.851
0.16471127283731624 0.8505
0.16471127283731624 0.85
0.1660082119935156 0.8495
0.1660082119935156 0.849
0.16730515114971492 0.8485
0.16730515114971492 0.848
0.16730515114971492 0.8475
0.16860209030591425 0.847
0.16860209030591425 0.8465
0.1698990294621136 0.846
0.1724929077745123 0.8455
0.1724929077745123 0.845
0.1724929077745123 0.8445
0.17378984693071162 0.844
0.17378984693071162 0.8435
0.17378984693071162 0.843
0.17378984693071162 0.8425
0.17378984693071162 0.842
0.17378984693071162 0.8415
0.17508678608691097 0.841
0.17508678608691097 0.8405
0.17508678608691097 0.84
0.1763837252431103 0.8395
0.17768066439930966 0.839
0.17768066439930966 0.8385
0.17897760355550899 0.838
0.17897760355550899 0.8375
0.1802745427117083 0.837
0.1802745427117083 0.8365
0.1802745427117083 0.836
0.1802745427117083 0.8355
0.1802745427117083 0.835
0.18157148186790767 0.8345
0.18157148186790767 0.834
0.18157148186790767 0.8335
0.182868421024107 0.833
0.182868421024107 0.8325
0.182868421024107 0.832
0.182868421024107 0.8315
0.18416536018030635 0.831
0.18416536018030635 0.8305
0.18546229933650568 0.83
0.18546229933650568 0.8295
0.18546229933650568 0.829
0.18546229933650568 0.8285
0.18675923849270504 0.8280000000000001
0.18675923849270504 0.8275
0.1893531168051037 0.827
0.1893531168051037 0.8265
0.1893531168051037 0.8260000000000001
0.19065005596130305 0.8255
0.19065005596130305 0.825
0.19194699511750238 0.8245
0.19194699511750238 0.8240000000000001
0.19194699511750238 0.8235
0.19194699511750238 0.823
0.19324393427370173 0.8225
0.19324393427370173 0.8220000000000001
0.19324393427370173 0.8215
0.19324393427370173 0.821
0.19324393427370173 0.8205
0.19583781258610042 0.8200000000000001
0.19583781258610042 0.8195
0.19713475174229975 0.819
0.19713475174229975 0.8185
0.19713475174229975 0.8180000000000001
0.1984316908984991 0.8175
0.1984316908984991 0.817
0.1984316908984991 0.8165
0.19972863005469843 0.8160000000000001
0.20102556921089776 0.8155
0.20102556921089776 0.815
0.20102556921089776 0.8145
0.20102556921089776 0.8140000000000001
0.20232250836709711 0.8135
0.20232250836709711 0.813
0.20232250836709711 0.8125
0.20232250836709711 0.812
0.20361944752329644 0.8115
0.20361944752329644 0.8109999999999999
0.20361944752329644 0.8105
0.20621332583569513 0.81
0.20751026499189448 0.8095
0.20751026499189448 0.8089999999999999
0.20751026499189448 0.8085
0.2088072041480938 0.808
0.2088072041480938 0.8075
0.2088072041480938 0.8069999999999999
0.2088072041480938 0.8065
0.21010414330429317 0.806
0.21010414330429317 0.8055
0.21010414330429317 0.8049999999999999
0.21010414330429317 0.8045
0.21010414330429317 0.804
0.2114010824604925 0.8035
0.2114010824604925 0.8029999999999999
0.21269802161669182 0.8025
0.2152918999290905 0.802
0.2152918999290905 0.8015
0.2152918999290905 0.8009999999999999
0.21658883908528986 0.8005
0.21658883908528986 0.8
0.2178857782414892 0.7995
0.2178857782414892 0.7989999999999999
0.2178857782414892 0.7985
0.21918271739768855 0.798
0.21918271739768855 0.7975
0.21918271739768855 0.7969999999999999
0.22177659571008723 0.7965
0.22177659571008723 0.796
0.2243704740224859 0.7955
0.22566741317868524 0.795
0.22696435233488457 0.7945
0.22826129149108393 0.794
0.22955823064728326 0.7935
0.22955823064728326 0.793
0.22955823064728326 0.7925
0.22955823064728326 0.792
0.2308551698034826 0.7915
0.2308551698034826 0.791
0.23215210895968194 0.7905
0.2334490481158813 0.79
0.2334490481158813 0.7895
0.2334490481158813 0.789
0.2334490481158813 0.7885
0.23474598727208063 0.788
0.23604292642827995 0.7875
0.23604292642827995 0.787
0.23604292642827995 0.7865
0.23863680474067864 0.786
0.23863680474067864 0.7855
0.239933743896878 0.785
0.239933743896878 0.7845
0.24123068305307732 0.784
0.24123068305307732 0.7835
0.24123068305307732 0.783
0.24252762220927668 0.7825
0.24252762220927668 0.782
0.243824561365476 0.7815
0.243824561365476 0.781
0.243824561365476 0.7805
0.243824561365476 0.78
0.243824561365476 0.7795
0.243824561365476 0.779
0.2464184396778747 0.7785
0.24771537883407402 0.778
0.24771537883407402 0.7775
0.24901231799027337 0.777
0.25030925714647273 0.7765
0.25160619630267206 0.776
0.25160619630267206 0.7755
0.2529031354588714 0.775
0.2542000746150707 0.7745
0.2542000746150707 0.774
0.2542000746150707 0.7735
0.2554970137712701 0.773
0.2567939529274694 0.7725
0.2567939529274694 0.772
0.2567939529274694 0.7715
0.2567939529274694 0.771
0.25809089208366875 0.7705
0.2593878312398681 0.77
0.2593878312398681 0.7695
0.2606847703960674 0.769
0.2606847703960674 0.7685
0.2619817095522668 0.768
0.2619817095522668 0.7675
0.2632786487084661 0.767
0.26457558786466545 0.7665
0.2658725270208648 0.766
0.2671694661770641 0.7655000000000001
0.2671694661770641 0.765
0.2671694661770641 0.7645
0.2671694661770641 0.764
0.2671694661770641 0.7635000000000001
0.2684664053332635 0.763
0.2684664053332635 0.7625
0.2697633444894628 0.762
0.27106028364566215 0.7615000000000001
0.27106028364566215 0.761
0.2723572228018615 0.7605
0.27365416195806086 0.76
0.27365416195806086 0.7595000000000001
0.2749511011142602 0.759
0.2749511011142602 0.7585
0.2749511011142602 0.758
0.2749511011142602 0.7575000000000001
0.2749511011142602 0.757
0.2762480402704595 0.7565
0.2762480402704595 0.756
0.27754497942665884 0.7555000000000001
0.27754497942665884 0.755
0.27754497942665884 0.7545
0.2788419185828582 0.754
0.2788419185828582 0.7535000000000001
0.2788419185828582 0.753
0.2788419185828582 0.7525
0.28013885773905756 0.752
0.28013885773905756 0.7515000000000001
0.28013885773905756 0.751
0.2814357968952569 0.7505
0.2814357968952569 0.75
0.28402967520765554 0.7495
0.2853266143638549 0.749
0.2853266143638549 0.7484999999999999
0.2853266143638549 0.748
0.28662355352005425 0.7475
0.28662355352005425 0.747
0.28662355352005425 0.7464999999999999
0.2879204926762536 0.746
0.2892174318324529 0.7455
0.29051437098865224 0.745
0.2918113101448516 0.7444999999999999
0.2918113101448516 0.744
0.29310824930105095 0.7435
0.29310824930105095 0.743
0.2957021276134496 0.7424999999999999
0.2957021276134496 0.742
0.2957021276134496 0.7415
0.296999066769649 0.741
0.296999066769649 0.7404999999999999
0.296999066769649 0.74
0.2982960059258483 0.7395
0.300889884238247 0.739
0.3021868233944463 0.7384999999999999
0.3034837625506457 0.738
0.3034837625506457 0.7375
0.304780701706845 0.737
0.304780701706845 0.7364999999999999
0.30737458001924367 0.736
0.30867151917544305 0.7355
0.30867151917544305 0.735
0.30867151917544305 0.7344999999999999
0.3099684583316424 0.734
0.3099684583316424 0.7335
0.3099684583316424 0.733
0.3099684583316424 0.7324999999999999
0.3099684583316424 0.732
0.3112653974878417 0.7315
0.31256233664404104 0.731
0.31256233664404104 0.7304999999999999
0.31256233664404104 0.73
0.31385927580024037 0.7295
0.31515621495643975 0.729
0.31515621495643975 0.7284999999999999
0.3164531541126391 0.728
0.3164531541126391 0.7275
0.3164531541126391 0.727
0.31904703242503774 0.7264999999999999
0.31904703242503774 0.726
0.3203439715812371 0.7255
0.3229378498936358 0.725
0.3229378498936358 0.7244999999999999
0.3242347890498351 0.724
0.3242347890498351 0.7235
0.32553172820603443 0.723
0.32553172820603443 0.7224999999999999
0.3268286673622338 0.722
0.3268286673622338 0.7215
0.32812560651843314 0.721
0.32812560651843314 0.7204999999999999
0.32942254567463247 0.72
0.3307194848308318 0.7195
0.3307194848308318 0.719
0.3307194848308318 0.7185
0.3320164239870312 0.718
0.3320164239870312 0.7175
0.3333133631432305 0.7170000000000001
0.3333133631432305 0.7165
0.3333133631432305 0.716
0.33461030229942984 0.7155
0.33461030229942984 0.7150000000000001
0.33590724145562917 0.7145
0.33590724145562917 0.714
0.33590724145562917 0.7135
0.33590724145562917 0.7130000000000001
0.3372041806118285 0.7125
0.3372041806118285 0.712
0.3385011197680279 0.7115
0.3385011197680279 0.7110000000000001
0.3397980589242272 0.7105
0.34109499808042654 0.71
0.34109499808042654 0.7095
0.34239193723662587 0.7090000000000001
0.3449858155490246 0.7085
0.3462827547052239 0.708
0.34757969386142323 0.7075
0.34887663301762256 0.7070000000000001
0.34887663301762256 0.7065
0.34887663301762256 0.706
0.35017357217382195 0.7055
0.35017357217382195 0.7050000000000001
0.3514705113300213 0.7045
0.3514705113300213 0.704
0.3527674504862206 0.7035
0.3527674504862206 0.7030000000000001
0.3527674504862206 0.7025
0.35406438964241993 0.702
0.35406438964241993 0.7015
0.35406438964241993 0.7010000000000001
0.3553613287986193 0.7005
0.3553613287986193 0.7
0.3553613287986193 0.6995
0.35665826795481864 0.6990000000000001
0.35665826795481864 0.6985
0.35795520711101797 0.698
0.35795520711101797 0.6975
0.3592521462672173 0.6970000000000001
0.3592521462672173 0.6965
0.3592521462672173 0.696
0.3605490854234166 0.6955
0.361846024579616 0.6950000000000001
0.361846024579616 0.6945
0.36314296373581534 0.694
0.36314296373581534 0.6935
0.365736842048214 0.6930000000000001
0.365736842048214 0.6925
0.365736842048214 0.692
0.365736842048214 0.6915
0.3670337812044134 0.6910000000000001
0.3670337812044134 0.6905
0.3683307203606127 0.69
0.3683307203606127 0.6895
0.3683307203606127 0.6890000000000001
0.36962765951681203 0.6885
0.36962765951681203 0.688
0.37092459867301136 0.6875
0.37092459867301136 0.687
0.3722215378292107 0.6865
0.3722215378292107 0.6859999999999999
0.3735184769854101 0.6855
0.3735184769854101 0.685
0.3748154161416094 0.6845
0.3748154161416094 0.6839999999999999
0.3748154161416094 0.6835
0.3748154161416094 0.683
0.37611235529780873 0.6825
0.37740929445400806 0.6819999999999999
0.37740929445400806 0.6815
0.3787062336102074 0.681
0.38000317276640677 0.6805
0.3813001119226061 0.6799999999999999
0.3813001119226061 0.6795
0.3813001119226061 0.679
0.38389399023500476 0.6785
0.38519092939120414 0.6779999999999999
0.38648786854740347 0.6775
0.3877848077036028 0.677
0.3890817468598021 0.6765
0.3890817468598021 0.6759999999999999
0.39037868601600145 0.6755
0.39167562517220084 0.675
0.39297256432840016 0.6745
0.39297256432840016 0.6739999999999999
0.3942695034845995 0.6735
0.3955664426407988 0.673
0.3955664426407988 0.6725
0.3968633817969982 0.6719999999999999
0.3968633817969982 0.6715
0.3968633817969982 0.671
0.39945726010939686 0.6705
0.4007541992655962 0.6699999999999999
0.4020511384217955 0.6695
0.4020511384217955 0.669
0.4020511384217955 0.6685
0.4020511384217955 0.6679999999999999
0.4033480775779949 0.6675
0.40464501673419423 0.667
0.40464501673419423 0.6665
0.40464501673419423 0.6659999999999999
0.40594195589039356 0.6655
0.40594195589039356 0.665
0.40594195589039356 0.6645
0.40594195589039356 0.6639999999999999
0.4072388950465929 0.6635
0.4072388950465929 0.663
0.40853583420279227 0.6625
0.40853583420279227 0.6619999999999999
0.4098327733589916 0.6615
0.4098327733589916 0.661
0.4098327733589916 0.6605
0.4111297125151909 0.6599999999999999
0.4111297125151909 0.6595
0.4111297125151909 0.659
0.4111297125151909 0.6585
0.4111297125151909 0.6579999999999999
0.41242665167139025 0.6575
0.41242665167139025 0.657
0.4137235908275896 0.6565
0.41502052998378897 0.656
0.41502052998378897 0.6555
0.4163174691399883 0.655
0.4163174691399883 0.6545000000000001
0.4163174691399883 0.654
0.4163174691399883 0.6535
0.4176144082961876 0.653
0.41891134745238695 0.6525000000000001
0.41891134745238695 0.652
0.42020828660858633 0.6515
0.42020828660858633 0.651
0.42020828660858633 0.6505000000000001
0.42150522576478566 0.65
0.42150522576478566 0.6495
0.42150522576478566 0.649
0.422802164920985 0.6485000000000001
0.422802164920985 0.648
0.422802164920985 0.6475
0.4240991040771843 0.647
0.4240991040771843 0.6465000000000001
0.4240991040771843 0.646
0.4240991040771843 0.6455
0.4240991040771843 0.645
0.42539604323338365 0.6445000000000001
0.42539604323338365 0.644
0.42669298238958303 0.6435
0.430583799858181 0.643
0.430583799858181 0.6425000000000001
0.4318807390143804 0.642
0.4318807390143804 0.6415
0.4331776781705797 0.641
0.4331776781705797 0.6405000000000001
0.4331776781705797 0.64
0.43447461732677906 0.6395
0.43447461732677906 0.639
0.4357715564829784 0.6385000000000001
0.4357715564829784 0.638
0.4357715564829784 0.6375
0.4370684956391777 0.637
0.4383654347953771 0.6365000000000001
0.4383654347953771 0.636
0.4383654347953771 0.6355
0.4383654347953771 0.635
0.4396623739515764 0.6345000000000001
0.4396623739515764 0.634
0.4396623739515764 0.6335
0.44095931310777575 0.633
0.44095931310777575 0.6325000000000001
0.44095931310777575 0.632
0.4422562522639751 0.6315
0.4422562522639751 0.631
0.4422562522639751 0.6305000000000001
0.44355319142017446 0.63
0.4461470697325731 0.6295
0.4461470697325731 0.629
0.44744400888877245 0.6285000000000001
0.4487409480449718 0.628
0.4487409480449718 0.6275
0.4487409480449718 0.627
0.4487409480449718 0.6265000000000001
0.45003788720117116 0.626
0.4513348263573705 0.6255
0.4526317655135698 0.625
0.4526317655135698 0.6245
0.45392870466976915 0.624
0.45392870466976915 0.6234999999999999
0.45392870466976915 0.623
0.45392870466976915 0.6225
0.45652258298216786 0.622
0.45652258298216786 0.6214999999999999
0.45652258298216786 0.621
0.4578195221383672 0.6205
0.4591164612945665 0.62
0.4591164612945665 0.6194999999999999
0.46041340045076584 0.619
0.4617103396069652 0.6185
0.4617103396069652 0.618
0.4617103396069652 0.6174999999999999
0.46300727876316455 0.617
0.46300727876316455 0.6165
0.46300727876316455 0.616
0.46300727876316455 0.6154999999999999
0.4643042179193639 0.615
0.4656011570755632 0.6145
0.4668980962317626 0.614
0.4668980962317626 0.6134999999999999
0.4681950353879619 0.613
0.4681950353879619 0.6125
0.4681950353879619 0.612
0.4681950353879619 0.6114999999999999
0.46949197454416125 0.611
0.46949197454416125 0.6105
0.4707889137003606 0.61
0.4707889137003606 0.6094999999999999
0.4720858528565599 0.609
0.4733827920127593 0.6085
0.4733827920127593 0.608
0.4733827920127593 0.6074999999999999
0.4746797311689586 0.607
0.4746797311689586 0.6065
0.4772736094813573 0.606
0.4785705486375566 0.6054999999999999
0.479867487793756 0.605
0.4811644269499553 0.6045
0.48246136610615464 0.604
0.48375830526235397 0.6034999999999999
0.48375830526235397 0.603
0.48375830526235397 0.6025
0.48375830526235397 0.602
0.48505524441855336 0.6014999999999999
0.4863521835747527 0.601
0.4863521835747527 0.6005
0.487649122730952 0.6
0.487649122730952 0.5994999999999999
0.487649122730952 0.599
0.48894606188715134 0.5985
0.49024300104335067 0.598
0.49153994019955005 0.5974999999999999
0.49153994019955005 0.597
0.49153994019955005 0.5965
0.4928368793557494 0.596
0.4928368793557494 0.5954999999999999
0.4941338185119487 0.595
0.4941338185119487 0.5945
0.4941338185119487 0.594
0.4941338185119487 0.5935
0.49543075766814804 0.593
0.49543075766814804 0.5925
0.49802463598054675 0.5920000000000001
0.5006185142929455 0.5915
0.5019154534491448 0.591
0.5019154534491448 0.5905
0.5019154534491448 0.5900000000000001
0.5045093317615434 0.5895
0.5071032100739421 0.589
0.5071032100739421 0.5885
0.5071032100739421 0.5880000000000001
0.5071032100739421 0.5875
0.5084001492301414 0.587
0.5096970883863408 0.5865
0.5096970883863408 0.5860000000000001
0.5096970883863408 0.5855
0.5109940275425402 0.585
0.5109940275425402 0.5845
0.5122909666987395 0.5840000000000001
0.5122909666987395 0.5835
0.5135879058549389 0.583
0.5135879058549389 0.5825
0.5148848450111382 0.5820000000000001
0.5187756624797362 0.5815
0.5187756624797362 0.581
0.5187756624797362 0.5805
0.5187756624797362 0.5800000000000001
0.5187756624797362 0.5795
0.5200726016359355 0.579
0.5213695407921348 0.5785
0.5239634191045336 0.5780000000000001
0.5239634191045336 0.5775
0.5252603582607329 0.577
0.5252603582607329 0.5765
0.5265572974169322 0.5760000000000001
0.5265572974169322 0.5755
0.5278542365731316 0.575
0.5291511757293309 0.5745
0.5304481148855302 0.5740000000000001
0.5304481148855302 0.5735
0.5317450540417296 0.573
0.5317450540417296 0.5725
0.5317450540417296 0.5720000000000001
0.5317450540417296 0.5715
0.5330419931979289 0.571
0.5330419931979289 0.5705
0.5343389323541282 0.5700000000000001
0.5356358715103277 0.5695
0.536932810666527 0.569
0.536932810666527 0.5685
0.5382297498227263 0.5680000000000001
0.5395266889789256 0.5675
0.5395266889789256 0.567
0.5395266889789256 0.5665
0.5395266889789256 0.5660000000000001
0.5434175064475236 0.5655
0.544714445603723 0.565
0.544714445603723 0.5645
0.544714445603723 0.5640000000000001
0.544714445603723 0.5635
0.5473083239161217 0.563
0.5473083239161217 0.5625
0.548605263072321 0.562
0.5499022022285204 0.5615
0.5499022022285204 0.5609999999999999
0.5499022022285204 0.5605
0.5499022022285204 0.56
0.5499022022285204 0.5595
0.5511991413847197 0.5589999999999999
0.5511991413847197 0.5585
0.5511991413847197 0.558
0.5537930196971184 0.5575
0.5537930196971184 0.5569999999999999
0.556386898009517 0.5565
0.5602777154781151 0.556
0.5602777154781151 0.5555
0.5615746546343144 0.5549999999999999
0.5615746546343144 0.5545
0.5615746546343144 0.554
0.5615746546343144 0.5535
0.5628715937905138 0.5529999999999999
0.5628715937905138 0.5525
0.5628715937905138 0.552
0.5641685329467131 0.5515
0.5654654721029124 0.5509999999999999
0.5654654721029124 0.5505
0.5667624112591118 0.55
0.5667624112591118 0.5495
0.5680593504153111 0.5489999999999999
0.5706532287277098 0.5485
0.5706532287277098 0.548
0.5719501678839092 0.5475
0.5732471070401085 0.5469999999999999
0.5732471070401085 0.5465
0.5758409853525072 0.546
0.5758409853525072 0.5455
0.5771379245087065 0.5449999999999999
0.5771379245087065 0.5445
0.5784348636649058 0.544
0.5797318028211051 0.5435
0.5810287419773045 0.5429999999999999
0.5823256811335039 0.5425
0.5823256811335039 0.542
0.5836226202897032 0.5415
0.5849195594459026 0.5409999999999999
0.5849195594459026 0.5405
0.5862164986021019 0.54
0.5875134377583012 0.5395
0.5875134377583012 0.5389999999999999
0.5901073160706999 0.5385
0.5901073160706999 0.538
0.5901073160706999 0.5375
0.5914042552268992 0.5369999999999999
0.5914042552268992 0.5365
0.5927011943830985 0.536
0.5927011943830985 0.5355
0.5927011943830985 0.5349999999999999
0.593998133539298 0.5345
0.5952950726954973 0.534
0.5952950726954973 0.5335
0.5952950726954973 0.5329999999999999
0.5965920118516966 0.5325
0.5965920118516966 0.532
0.5991858901640953 0.5315
0.5991858901640953 0.531
0.5991858901640953 0.5305
0.6004828293202946 0.53
0.6004828293202946 0.5295000000000001
0.6043736467888926 0.529
0.605670585945092 0.5285
0.605670585945092 0.528
0.605670585945092 0.5275000000000001
0.6082644642574907 0.527
0.6082644642574907 0.5265
0.60956140341369 0.526
0.6108583425698894 0.5255000000000001
0.613452220882288 0.525
0.6147491600384873 0.5245
0.6160460991946867 0.524
0.6160460991946867 0.5235000000000001
0.6173430383508861 0.523
0.6173430383508861 0.5225
0.6173430383508861 0.522
0.6186399775070854 0.5215000000000001
0.6199369166632848 0.521
0.6199369166632848 0.5205
0.6225307949756834 0.52
0.6225307949756834 0.5195000000000001
0.6264216124442814 0.519
0.6264216124442814 0.5185
0.6277185516004807 0.518
0.6290154907566802 0.5175000000000001
0.6316093690690788 0.517
0.6316093690690788 0.5165
0.6316093690690788 0.516
0.6329063082252782 0.5155000000000001
0.6329063082252782 0.515
0.6329063082252782 0.5145
0.6342032473814775 0.514
0.6355001865376768 0.5135000000000001
0.6367971256938761 0.513
0.6367971256938761 0.5125
0.6367971256938761 0.512
0.6367971256938761 0.5115000000000001
0.6367971256938761 0.511
0.6367971256938761 0.5105
0.6380940648500755 0.51
0.6380940648500755 0.5095000000000001
0.6393910040062748 0.509
0.6406879431624742 0.5085
0.6419848823186736 0.508
0.6419848823186736 0.5075000000000001
0.6432818214748729 0.507
0.6432818214748729 0.5065
0.6458756997872716 0.506
0.6458756997872716 0.5055000000000001
0.6471726389434709 0.505
0.6471726389434709 0.5045
0.6471726389434709 0.504
0.6484695780996702 0.5035000000000001
0.6497665172558695 0.503
0.6510634564120689 0.5025
0.6523603955682683 0.502
0.6523603955682683 0.5015000000000001
0.6523603955682683 0.501
0.6523603955682683 0.5005
0.654954273880667 0.5
0.654954273880667 0.49950000000000006
0.6562512130368663 0.499
0.6575481521930656 0.49850000000000005
0.6588450913492649 0.498
0.6588450913492649 0.49750000000000005
0.6601420305054643 0.497
0.6614389696616636 0.49650000000000005
0.6614389696616636 0.496
0.6614389696616636 0.49550000000000005
0.6614389696616636 0.495
0.6614389696616636 0.49450000000000005
0.6627359088178629 0.494
0.6627359088178629 0.49350000000000005
0.6627359088178629 0.493
0.6627359088178629 0.49250000000000005
0.6640328479740624 0.492
0.6653297871302617 0.49150000000000005
0.666626726286461 0.491
0.666626726286461 0.49050000000000005
0.6679236654426604 0.49
0.6679236654426604 0.48950000000000005
0.6692206045988597 0.489
0.6692206045988597 0.48850000000000005
0.6692206045988597 0.488
0.670517543755059 0.48750000000000004
0.670517543755059 0.487
0.670517543755059 0.48650000000000004
0.6718144829112583 0.486
0.6718144829112583 0.48550000000000004
0.6718144829112583 0.485
0.6718144829112583 0.48450000000000004
0.6731114220674577 0.484
0.6731114220674577 0.48350000000000004
0.6731114220674577 0.483
0.6731114220674577 0.48250000000000004
0.674408361223657 0.482
0.674408361223657 0.48150000000000004
0.674408361223657 0.481
0.6757053003798564 0.48050000000000004
0.6795961178484544 0.48
0.6808930570046537 0.47950000000000004
0.6808930570046537 0.479
0.6808930570046537 0.47850000000000004
0.6821899961608531 0.478
0.6821899961608531 0.47750000000000004
0.6834869353170524 0.477
0.6834869353170524 0.47650000000000003
0.6834869353170524 0.476
0.6834869353170524 0.47550000000000003
0.6847838744732517 0.475
0.6860808136294511 0.47450000000000003
0.6873777527856505 0.474
0.6886746919418498 0.47350000000000003
0.6899716310980492 0.473
0.6912685702542485 0.47250000000000003
0.6925655094104478 0.472
0.6938624485666471 0.47150000000000003
0.6951593877228465 0.471
0.6951593877228465 0.47050000000000003
0.6951593877228465 0.47
0.6964563268790458 0.46950000000000003
0.7003471443476439 0.469
0.7003471443476439 0.4685
0.7016440835038432 0.46799999999999997
0.7016440835038432 0.4675
0.7029410226600425 0.46699999999999997
0.7029410226600425 0.4665
0.7029410226600425 0.46599999999999997
0.7029410226600425 0.4655
0.7068318401286405 0.46499999999999997
0.7081287792848399 0.4645
0.7107226575972386 0.46399999999999997
0.712019596753438 0.4635
0.712019596753438 0.46299999999999997
0.712019596753438 0.4625
0.7146134750658366 0.46199999999999997
0.7146134750658366 0.4615
0.7159104142220359 0.46099999999999997
0.7159104142220359 0.4605
0.7159104142220359 0.45999999999999996
0.7159104142220359 0.4595
0.7172073533782353 0.45899999999999996
0.7185042925344346 0.4585
0.7185042925344346 0.45799999999999996
0.7198012316906339 0.4575
0.7198012316906339 0.45699999999999996
0.7210981708468333 0.4565
0.7210981708468333 0.45599999999999996
0.7210981708468333 0.4555
0.7210981708468333 0.45499999999999996
0.7223951100030327 0.4545
0.723692049159232 0.45399999999999996
0.7249889883154313 0.4535
0.7262859274716307 0.45299999999999996
0.7262859274716307 0.4525
0.7262859274716307 0.45199999999999996
0.72758286662783 0.4515
0.7288798057840293 0.45099999999999996
0.7301767449402287 0.4505
0.7301767449402287 0.44999999999999996
0.731473684096428 0.4495
0.731473684096428 0.44899999999999995
0.7327706232526273 0.4485
0.7340675624088268 0.44799999999999995
0.7353645015650261 0.4475
0.7379583798774247 0.44699999999999995
0.7379583798774247 0.4465
0.7392553190336241 0.44599999999999995
0.7405522581898234 0.4455
0.7405522581898234 0.44499999999999995
0.743146136502222 0.4445
0.7457400148146207 0.44399999999999995
0.7457400148146207 0.4435
0.7483338931270195 0.44299999999999995
0.7483338931270195 0.4425
0.7483338931270195 0.44199999999999995
0.7483338931270195 0.4415
0.7496308322832188 0.44099999999999995
0.7509277714394181 0.4405
0.7509277714394181 0.43999999999999995
0.7522247105956175 0.4395
0.7548185889080161 0.43899999999999995
0.7561155280642154 0.4385
0.7561155280642154 0.43799999999999994
0.7561155280642154 0.4375
0.7574124672204148 0.43700000000000006
0.7574124672204148 0.4365
0.7574124672204148 0.43600000000000005
0.7574124672204148 0.4355
0.7600063455328135 0.43500000000000005
0.7600063455328135 0.4345
0.7613032846890129 0.43400000000000005
0.7638971630014115 0.4335
0.7651941021576109 0.43300000000000005
0.7664910413138102 0.4325
0.7664910413138102 0.43200000000000005
0.7677879804700095 0.4315
0.7677879804700095 0.43100000000000005
0.7690849196262088 0.4305
0.7690849196262088 0.43000000000000005
0.7703818587824083 0.4295
0.7716787979386076 0.42900000000000005
0.7716787979386076 0.4285
0.7729757370948069 0.42800000000000005
0.7755696154072056 0.4275
0.7781634937196042 0.42700000000000005
0.7820543111882023 0.4265
0.7833512503444017 0.42600000000000005
0.784648189500601 0.4255
0.7859451286568003 0.42500000000000004
0.7859451286568003 0.4245
0.7872420678129997 0.42400000000000004
0.788539006969199 0.4235
0.788539006969199 0.42300000000000004
0.7898359461253983 0.4225
0.7898359461253983 0.42200000000000004
0.7911328852815976 0.4215
0.7911328852815976 0.42100000000000004
0.792429824437797 0.4205
0.7937267635939964 0.42000000000000004
0.7950237027501957 0.4195
0.7950237027501957 0.41900000000000004
0.7950237027501957 0.4185
0.7963206419063951 0.41800000000000004
0.7963206419063951 0.4175
0.7976175810625944 0.41700000000000004
0.7976175810625944 0.4165
0.7976175810625944 0.41600000000000004
0.800211459374993 0.4155
0.800211459374993 0.41500000000000004
0.8015083985311924 0.4145
0.8028053376873917 0.41400000000000003
0.804102276843591 0.4135
0.804102276843591 0.41300000000000003
0.8053992159997905 0.4125
0.8066961551559898 0.41200000000000003
0.8066961551559898 0.4115
0.8066961551559898 0.41100000000000003
0.8079930943121891 0.4105
0.8079930943121891 0.41000000000000003
0.8092900334683885 0.4095
0.8092900334683885 0.40900000000000003
0.8092900334683885 0.4085
0.8092900334683885 0.40800000000000003
0.8092900334683885 0.4075
0.8118839117807871 0.40700000000000003
0.8131808509369864 0.4065
0.8131808509369864 0.406
0.8131808509369864 0.40549999999999997
0.8144777900931858 0.405
0.8144777900931858 0.40449999999999997
0.8144777900931858 0.404
0.8144777900931858 0.40349999999999997
0.8157747292493851 0.403
0.8170716684055845 0.40249999999999997
0.8170716684055845 0.402
0.8170716684055845 0.40149999999999997
0.8183686075617839 0.401
0.8196655467179832 0.40049999999999997
0.8196655467179832 0.4
0.8209624858741825 0.39949999999999997
0.8209624858741825 0.399
0.8222594250303819 0.39849999999999997
0.8222594250303819 0.398
0.8248533033427805 0.39749999999999996
0.8261502424989798 0.397
0.8287441208113786 0.39649999999999996
0.8300410599675779 0.396
0.8300410599675779 0.39549999999999996
0.8313379991237773 0.395
0.8313379991237773 0.39449999999999996
0.8313379991237773 0.394
0.8326349382799766 0.39349999999999996
0.8339318774361759 0.393
0.8352288165923752 0.39249999999999996
0.8365257557485746 0.392
0.8365257557485746 0.39149999999999996
0.8365257557485746 0.391
0.8365257557485746 0.39049999999999996
0.8391196340609732 0.39
0.841713512373372 0.38949999999999996
0.8430104515295713 0.389
0.8430104515295713 0.38849999999999996
0.8430104515295713 0.388
0.8443073906857707 0.38749999999999996
0.8443073906857707 0.387
0.8443073906857707 0.38649999999999995
0.84560432984197 0.386
0.84560432984197 0.38549999999999995
0.84560432984197 0.385
0.8481982081543686 0.38449999999999995
0.8481982081543686 0.384
0.849495147310568 0.38349999999999995
0.8507920864667673 0.383
0.8520890256229667 0.38249999999999995
0.8520890256229667 0.382
0.8533859647791661 0.38149999999999995
0.8533859647791661 0.381
0.8585737214039634 0.38049999999999995
0.8585737214039634 0.38
0.8585737214039634 0.37949999999999995
0.861167599716362 0.379
0.861167599716362 0.37849999999999995
0.8624645388725614 0.378
0.8624645388725614 0.37749999999999995
0.8637614780287608 0.377
0.8650584171849601 0.37649999999999995
0.8650584171849601 0.376
0.8650584171849601 0.37549999999999994
0.8663553563411595 0.375
0.8663553563411595 0.37450000000000006
0.8676522954973588 0.374
0.8676522954973588 0.37350000000000005
0.8689492346535581 0.373
0.8689492346535581 0.37250000000000005
0.8715431129659568 0.372
0.8728400521221561 0.37150000000000005
0.8741369912783554 0.371
0.8754339304345549 0.37050000000000005
0.8754339304345549 0.37
0.8754339304345549 0.36950000000000005
0.8767308695907542 0.369
0.8767308695907542 0.36850000000000005
0.8793247479031528 0.368
0.8793247479031528 0.36750000000000005
0.8806216870593522 0.367
0.8819186262155515 0.36650000000000005
0.8819186262155515 0.366
0.8832155653717508 0.36550000000000005
0.8858094436841495 0.365
0.8884033219965483 0.36450000000000005
0.8897002611527476 0.364
0.8897002611527476 0.36350000000000005
0.8909972003089469 0.363
0.8922941394651462 0.36250000000000004
0.8922941394651462 0.362
0.8922941394651462 0.36150000000000004
0.8935910786213456 0.361
0.8935910786213456 0.36050000000000004
0.8948880177775449 0.36
0.898778835246143 0.35950000000000004
0.898778835246143 0.359
0.898778835246143 0.35850000000000004
0.898778835246143 0.358
0.9000757744023423 0.35750000000000004
0.9000757744023423 0.357
0.9013727135585416 0.35650000000000004
0.9013727135585416 0.356
0.902669652714741 0.35550000000000004
0.9039665918709403 0.355
0.9052635310271396 0.35450000000000004
0.906560470183339 0.354
0.906560470183339 0.35350000000000004
0.9078574093395383 0.353
0.9104512876519371 0.35250000000000004
0.9104512876519371 0.352
0.9104512876519371 0.35150000000000003
0.9117482268081364 0.351
0.9117482268081364 0.35050000000000003
0.914342105120535 0.35
0.9156390442767344 0.34950000000000003
0.9156390442767344 0.349
0.9156390442767344 0.34850000000000003
0.9169359834329337 0.348
0.918232922589133 0.34750000000000003
0.918232922589133 0.347
0.9208268009015317 0.34650000000000003
0.9208268009015317 0.346
0.9208268009015317 0.34550000000000003
0.9221237400577311 0.345
0.9221237400577311 0.34450000000000003
0.9234206792139305 0.344
0.9234206792139305 0.3435
0.9247176183701298 0.34299999999999997
0.9260145575263291 0.3425
0.9273114966825284 0.34199999999999997
0.9286084358387278 0.3415
0.9286084358387278 0.34099999999999997
0.9286084358387278 0.3405
0.9299053749949271 0.33999999999999997
0.9324992533073257 0.3395
0.9324992533073257 0.33899999999999997
0.9337961924635252 0.3385
0.9350931316197245 0.33799999999999997
0.9350931316197245 0.3375
0.9350931316197245 0.33699999999999997
0.9350931316197245 0.3365
0.9350931316197245 0.33599999999999997
0.9376870099321232 0.3355
0.9389839490883225 0.33499999999999996
0.9389839490883225 0.3345
0.9402808882445218 0.33399999999999996
0.9415778274007212 0.3335
0.9415778274007212 0.33299999999999996
0.9428747665569205 0.3325
0.9428747665569205 0.33199999999999996
0.9441717057131198 0.3315
0.9454686448693193 0.33099999999999996
0.9454686448693193 0.3305
0.9467655840255186 0.32999999999999996
0.9467655840255186 0.3295
0.9467655840255186 0.32899999999999996
0.9480625231817179 0.3285
0.9480625231817179 0.32799999999999996
0.9506564014941166 0.3275
0.9506564014941166 0.32699999999999996
0.9506564014941166 0.3265
0.9519533406503159 0.32599999999999996
0.9532502798065152 0.3255
0.9545472189627145 0.32499999999999996
0.9545472189627145 0.3245
0.9558441581189139 0.32399999999999995
0.9571410972751132 0.3235
0.9571410972751132 0.32299999999999995
0.9571410972751132 0.3225
0.9584380364313126 0.32199999999999995
0.9623288538999106 0.3215
0.96362579305611 0.32099999999999995
0.9649227322123093 0.3205
0.9649227322123093 0.31999999999999995
0.9649227322123093 0.3195
0.9662196713685086 0.31899999999999995
0.9662196713685086 0.3185
0.9675166105247079 0.31799999999999995
0.9688135496809073 0.3175
0.9701104888371067 0.31699999999999995
0.9701104888371067 0.3165
0.975298245461904 0.31599999999999995
0.975298245461904 0.3155
0.9765951846181034 0.31499999999999995
0.9778921237743027 0.3145
0.979189062930502 0.31399999999999995
0.9804860020867013 0.3135
0.9804860020867013 0.31299999999999994
0.9804860020867013 0.3125
0.9804860020867013 0.31200000000000006
0.9817829412429008 0.3115
0.9817829412429008 0.31100000000000005
0.9817829412429008 0.3105
0.9843768195552994 0.31000000000000005
0.9843768195552994 0.3095
0.9856737587114988 0.30900000000000005
0.9869706978676981 0.3085
0.9882676370238974 0.30800000000000005
0.9882676370238974 0.3075
0.9882676370238974 0.30700000000000005
0.9895645761800967 0.3065
0.9908615153362961 0.30600000000000005
0.9947523328048942 0.3055
0.9947523328048942 0.30500000000000005
0.9973462111172928 0.3045
0.9986431502734922 0.30400000000000005
0.9986431502734922 0.3035
1.001237028585891 0.30300000000000005
1.0025339677420901 0.3025
1.0025339677420901 0.30200000000000005
1.0038309068982896 0.3015
1.0038309068982896 0.30100000000000005
1.0051278460544888 0.3005
1.0064247852106882 0.30000000000000004
1.009018663523087 0.2995
1.0103156026792863 0.29900000000000004
1.0116125418354855 0.2985
1.012909480991685 0.29800000000000004
1.012909480991685 0.2975
1.0142064201478842 0.29700000000000004
1.0142064201478842 0.2965
1.0155033593040836 0.29600000000000004
1.0168002984602829 0.2955
1.0168002984602829 0.29500000000000004
1.0180972376164823 0.2945
1.0180972376164823 0.29400000000000004
1.0193941767726815 0.2935
1.0193941767726815 0.29300000000000004
1.0193941767726815 0.2925
1.0219880550850804 0.29200000000000004
1.0232849942412796 0.2915
1.024581933397479 0.29100000000000004
1.0271758117098777 0.2905
1.0271758117098777 0.29000000000000004
1.0297696900222764 0.2895
1.032363568334675 0.28900000000000003
1.032363568334675 0.2885
1.032363568334675 0.28800000000000003
1.032363568334675 0.2875
1.0336605074908745 0.28700000000000003
1.0336605074908745 0.2865
1.0336605074908745 0.28600000000000003
1.0362543858032731 0.2855
1.0362543858032731 0.28500000000000003
1.0388482641156718 0.2845
1.0414421424280704 0.28400000000000003
1.0414421424280704 0.2835
1.0427390815842696 0.28300000000000003
1.044036020740469 0.2825
1.0453329598966685 0.28200000000000003
1.0453329598966685 0.2815
1.0492237773652664 0.281
1.0505207165214658 0.28049999999999997
1.0505207165214658 0.28
1.0505207165214658 0.27949999999999997
1.0505207165214658 0.279
1.0531145948338645 0.27849999999999997
1.0544115339900637 0.278
1.0557084731462631 0.27749999999999997
1.0557084731462631 0.277
1.0557084731462631 0.27649999999999997
1.0557084731462631 0.276
1.0570054123024624 0.27549999999999997
1.0583023514586618 0.275
1.0608962297710605 0.27449999999999997
1.0608962297710605 0.274
1.0634901080834591 0.27349999999999997
1.0647870472396586 0.273
1.0660839863958578 0.27249999999999996
1.0660839863958578 0.272
1.0673809255520572 0.27149999999999996
1.0686778647082564 0.271
1.0699748038644559 0.27049999999999996
1.0699748038644559 0.27
1.0712717430206553 0.26949999999999996
1.0712717430206553 0.269
1.0712717430206553 0.26849999999999996
1.073865621333054 0.268
1.073865621333054 0.26749999999999996
1.0751625604892532 0.267
1.0764594996454526 0.26649999999999996
1.0764594996454526 0.266
1.0777564388016518 0.26549999999999996
1.0803503171140505 0.265
1.0803503171140505 0.26449999999999996
1.08164725627025 0.264
1.0842411345826486 0.26349999999999996
1.0842411345826486 0.263
1.0868350128950472 0.26249999999999996
1.089428891207446 0.262
1.0907258303636453 0.26149999999999995
1.0946166478322434 0.261
1.0946166478322434 0.26049999999999995
1.0959135869884427 0.26
1.0959135869884427 0.25949999999999995
1.0998044044570408 0.259
1.0998044044570408 0.25849999999999995
1.0998044044570408 0.258
1.0998044044570408 0.25749999999999995
1.1036952219256386 0.257
1.1036952219256386 0.25649999999999995
1.1062891002380375 0.256
1.1062891002380375 0.25549999999999995
1.1088829785504362 0.255
1.1088829785504362 0.25449999999999995
1.1101799177066354 0.254
1.1114768568628348 0.25349999999999995
1.1140707351752335 0.253
1.1166646134876321 0.25249999999999995
1.1179615526438316 0.252
1.1179615526438316 0.25149999999999995
1.1179615526438316 0.251
1.1192584918000308 0.25049999999999994
1.1218523701124294 0.25
1.1231493092686289 0.24950000000000006
1.124446248424828 0.249
1.124446248424828 0.24850000000000005
1.1270401267372268 0.248
1.1283370658934262 0.24750000000000005
1.1283370658934262 0.247
1.1296340050496256 0.24650000000000005
1.1309309442058249 0.246
1.1322278833620243 0.24550000000000005
1.1335248225182235 0.245
1.1335248225182235 0.24450000000000005
1.1335248225182235 0.244
1.134821761674423 0.24350000000000005
1.1361187008306222 0.243
1.1361187008306222 0.24250000000000005
1.1361187008306222 0.242
1.1387125791430208 0.24150000000000005
1.1387125791430208 0.241
1.1387125791430208 0.24050000000000005
1.1387125791430208 0.24
1.1413064574554197 0.23950000000000005
1.142603396611619 0.239
1.142603396611619 0.23850000000000005
1.142603396611619 0.238
1.142603396611619 0.23750000000000004
1.1451972749240176 0.237
1.1451972749240176 0.23650000000000004
1.146494214080217 0.236
1.1477911532364162 0.23550000000000004
1.1490880923926157 0.235
1.1490880923926157 0.23450000000000004
1.1503850315488149 0.23399999999999999
1.1516819707050143 0.23350000000000004
1.154275849017413 0.23299999999999998
1.1555727881736124 0.23250000000000004
1.1568697273298116 0.23199999999999998
1.1568697273298116 0.23150000000000004
1.1594636056422103 0.23099999999999998
1.1594636056422103 0.23050000000000004
1.1607605447984097 0.22999999999999998
1.162057483954609 0.22950000000000004
1.1633544231108084 0.22899999999999998
1.1646513622670078 0.22850000000000004
1.1646513622670078 0.22799999999999998
1.165948301423207 0.22750000000000004
1.1685421797356057 0.22699999999999998
1.1698391188918051 0.22650000000000003
1.1711360580480044 0.22599999999999998
1.1724329972042038 0.22550000000000003
1.1750268755166025 0.22499999999999998
1.1815115712975992 0.22450000000000003
1.1841054496099979 0.22399999999999998
1.185402388766197 0.22350000000000003
1.1866993279223965 0.22299999999999998
1.1905901453909946 0.22250000000000003
1.1931840237033933 0.22199999999999998
1.1944809628595925 0.22150000000000003
1.1944809628595925 0.22099999999999997
1.1944809628595925 0.22050000000000003
1.195777902015792 0.21999999999999997
1.195777902015792 0.21950000000000003
1.1970748411719911 0.21899999999999997
1.1970748411719911 0.21850000000000003
1.1983717803281906 0.21799999999999997
1.2009656586405892 0.21750000000000003
1.2022625977967887 0.21699999999999997
1.2048564761091873 0.21650000000000003
1.2048564761091873 0.21599999999999997
1.2048564761091873 0.21550000000000002
1.2087472935777852 0.21499999999999997
1.211341171890184 0.21450000000000002
1.211341171890184 0.21399999999999997
1.2126381110463833 0.21350000000000002
1.2126381110463833 0.21299999999999997
1.2139350502025827 0.21250000000000002
1.215231989358782 0.21199999999999997
1.2178258676711806 0.21150000000000002
1.2178258676711806 0.21099999999999997
1.21912280682738 0.21050000000000002
1.21912280682738 0.20999999999999996
1.2217166851397787 0.20950000000000002
1.2230136242959782 0.20899999999999996
1.2256075026083768 0.20850000000000002
1.226904441764576 0.20799999999999996
1.2294983200769747 0.20750000000000002
1.2346860767017722 0.20699999999999996
1.2346860767017722 0.20650000000000002
1.2359830158579714 0.20599999999999996
1.2359830158579714 0.20550000000000002
1.2372799550141709 0.20499999999999996
1.23857689417037 0.20450000000000002
1.2424677116389682 0.20399999999999996
1.2424677116389682 0.20350000000000001
1.2450615899513668 0.20299999999999996
1.2476554682637655 0.2025
1.2502493465761642 0.20199999999999996
1.2515462857323636 0.2015
1.2528432248885628 0.20099999999999996
1.2541401640447623 0.2005
1.2580309815133603 0.19999999999999996
1.2580309815133603 0.1995
1.2580309815133603 0.19899999999999995
1.2580309815133603 0.1985
1.2645156772943569 0.19799999999999995
1.2710003730753536 0.1975
1.2710003730753536 0.19699999999999995
1.272297312231553 0.1965
1.2735942513877523 0.19599999999999995
1.2774850688563504 0.1955
1.2813758863249485 0.19499999999999995
1.2826728254811477 0.1945
1.2826728254811477 0.19399999999999995
1.2839697646373471 0.1935
1.2839697646373471 0.19299999999999995
1.2852667037935464 0.1925
1.2904544604183437 0.19199999999999995
1.291751399574543 0.1915
1.2930483387307425 0.19099999999999995
1.2982360953555399 0.1905
1.2982360953555399 0.18999999999999995
1.299533034511739 0.1895
1.3047207911365366 0.18899999999999995
1.3047207911365366 0.1885
1.3060177302927358 0.18799999999999994
1.3060177302927358 0.1875
1.309908547761334 0.18700000000000006
1.309908547761334 0.1865
1.3137993652299318 0.18600000000000005
1.3163932435423307 0.1855
1.3163932435423307 0.18500000000000005
1.3189871218547293 0.1845
1.3189871218547293 0.18400000000000005
1.3189871218547293 0.1835
1.3202840610109285 0.18300000000000005
1.321581000167128 0.1825
1.3228779393233272 0.18200000000000005
1.3254718176357259 0.1815
1.3319565134167226 0.18100000000000005
1.3319565134167226 0.1805
1.3384412091977194 0.18000000000000005
1.3397381483539188 0.1795
1.3423320266663175 0.17900000000000005
1.3423320266663175 0.1785
1.3436289658225167 0.17800000000000005
1.3475197832911148 0.1775
1.3501136616035134 0.17700000000000005
1.3501136616035134 0.1765
1.3540044790721115 0.17600000000000005
1.3553014182283107 0.1755
1.3565983573845102 0.17500000000000004
1.3591922356969088 0.1745
1.360489174853108 0.17400000000000004
1.360489174853108 0.1735
1.360489174853108 0.17300000000000004
1.360489174853108 0.1725
1.3617861140093075 0.17200000000000004
1.3617861140093075 0.17149999999999999
1.3643799923217061 0.17100000000000004
1.3656769314779056 0.17049999999999998
1.3669738706341048 0.17000000000000004
1.3682708097903042 0.16949999999999998
1.3734585664151016 0.16900000000000004
1.3786463230398989 0.16849999999999998
1.3786463230398989 0.16800000000000004
1.3812402013522975 0.16749999999999998
1.382537140508497 0.16700000000000004
1.3838340796646962 0.16649999999999998
1.3838340796646962 0.16600000000000004
1.3838340796646962 0.16549999999999998
1.3851310188208956 0.16500000000000004
1.3851310188208956 0.16449999999999998
1.390318775445693 0.16400000000000003
1.3929126537580916 0.16349999999999998
1.394209592914291 0.16300000000000003
1.3993973495390883 0.16249999999999998
1.3993973495390883 0.16200000000000003
1.4006942886952878 0.16149999999999998
1.405882045320085 0.16100000000000003
1.4071789844762843 0.16049999999999998
1.4084759236324838 0.16000000000000003
1.4123667411010818 0.15949999999999998
1.4123667411010818 0.15900000000000003
1.4123667411010818 0.15849999999999997
1.4123667411010818 0.15800000000000003
1.413663680257281 0.15749999999999997
1.413663680257281 0.15700000000000003
1.4175544977258792 0.15649999999999997
1.4175544977258792 0.15600000000000003
1.4201483760382778 0.15549999999999997
1.4201483760382778 0.15500000000000003
1.4227422543506765 0.15449999999999997
1.4227422543506765 0.15400000000000003
1.424039193506876 0.15349999999999997
1.4253361326630751 0.15300000000000002
1.4266330718192746 0.15249999999999997
1.4279300109754738 0.15200000000000002
1.4279300109754738 0.15149999999999997
1.4305238892878724 0.15100000000000002
1.4318208284440719 0.15049999999999997
1.4331177676002713 0.15000000000000002
1.4344147067564705 0.14949999999999997
1.4344147067564705 0.14900000000000002
1.43571164591267 0.14849999999999997
1.43571164591267 0.14800000000000002
1.43571164591267 0.14749999999999996
1.4383055242250686 0.14700000000000002
1.4383055242250686 0.14649999999999996
1.4396024633812678 0.14600000000000002
1.4396024633812678 0.14549999999999996
1.4447902200060654 0.14500000000000002
1.4447902200060654 0.14449999999999996
1.451274915787062 0.14400000000000002
1.4525718549432614 0.14349999999999996
1.4538687940994606 0.14300000000000002
1.4538687940994606 0.14249999999999996
1.45516573325566 0.14200000000000002
1.4577596115680587 0.14149999999999996
1.459056550724258 0.14100000000000001
1.4616504290366568 0.14049999999999996
1.4655412465052546 0.14
1.4694320639738527 0.13949999999999996
1.4707290031300522 0.139
1.4733228814424508 0.13849999999999996
1.4836983946920455 0.138
1.484995333848245 0.13749999999999996
1.486292273004444 0.137
1.4901830904730422 0.13649999999999995
1.4940739079416403 0.136
1.4940739079416403 0.13549999999999995
1.5031524820350355 0.135
1.5057463603474344 0.13449999999999995
1.5096371778160322 0.134
1.5109341169722317 0.13349999999999995
1.5135279952846303 0.133
1.5187157519094276 0.13249999999999995
1.520012691065627 0.132
1.5213096302218263 0.13149999999999995
1.5252004476904244 0.131
1.5252004476904244 0.13049999999999995
1.5264973868466236 0.13
1.527794326002823 0.12949999999999995
1.527794326002823 0.129
1.5290912651590225 0.12849999999999995
1.5303882043152217 0.128
1.5303882043152217 0.12749999999999995
1.535575960940019 0.127
1.5368729000962185 0.12649999999999995
1.5394667784086171 0.126
1.5394667784086171 0.12549999999999994
1.5433575958772152 0.125
1.5446545350334144 0.12450000000000006
1.547248413345813 0.124
1.5511392308144112 0.12350000000000005
1.5511392308144112 0.123
1.5524361699706106 0.12250000000000005
1.5537331091268098 0.122
1.5550300482830093 0.12150000000000005
1.5628116832202052 0.121
1.5628116832202052 0.12050000000000005
1.5628116832202052 0.12
1.5641086223764047 0.11950000000000005
1.569296379001202 0.119
1.5718902573136007 0.11850000000000005
1.5718902573136007 0.118
1.5757810747821988 0.11750000000000005
1.577078013938398 0.11699999999999999
1.5796718922507966 0.11650000000000005
1.584859648875594 0.11599999999999999
1.588750466344192 0.11550000000000005
1.5900474055003915 0.11499999999999999
1.5900474055003915 0.11450000000000005
1.5926412838127901 0.11399999999999999
1.5939382229689893 0.11350000000000005
1.5939382229689893 0.11299999999999999
1.5939382229689893 0.11250000000000004
1.5978290404375874 0.11199999999999999
1.5978290404375874 0.11150000000000004
1.5978290404375874 0.11099999999999999
1.600422918749986 0.11050000000000004
1.600422918749986 0.10999999999999999
1.6030167970623848 0.10950000000000004
1.6030167970623848 0.10899999999999999
1.608204553687182 0.10850000000000004
1.610798431999581 0.10799999999999998
1.6120953711557802 0.10750000000000004
1.6120953711557802 0.10699999999999998
1.6146892494681788 0.10650000000000004
1.6159861886243783 0.10599999999999998
1.6172831277805775 0.10550000000000004
1.6172831277805775 0.10499999999999998
1.618580066936777 0.10450000000000004
1.622470884405375 0.10399999999999998
1.6263617018739729 0.10350000000000004
1.6276586410301723 0.10299999999999998
1.634143336811169 0.10250000000000004
1.6354402759673683 0.10199999999999998
1.6367372151235677 0.10150000000000003
1.638034154279767 0.10099999999999998
1.6406280325921656 0.10050000000000003
1.6471127283731624 0.09999999999999998
1.6535974241541591 0.09950000000000003
1.6587851807789564 0.09899999999999998
1.661379059091355 0.09850000000000003
1.6652698765599532 0.09799999999999998
1.6678637548723518 0.09750000000000003
1.6730515114971491 0.09699999999999998
1.6743484506533486 0.09650000000000003
1.6756453898095478 0.09599999999999997
1.6756453898095478 0.09550000000000003
1.679536207278146 0.09499999999999997
1.679536207278146 0.09450000000000003
1.679536207278146 0.09399999999999997
1.6821300855905446 0.09350000000000003
1.6873178422153419 0.09299999999999997
1.6873178422153419 0.09250000000000003
1.6899117205277405 0.09199999999999997
1.7015841729335346 0.09150000000000003
1.7041780512459335 0.09099999999999997
1.7041780512459335 0.09050000000000002
1.7054749904021327 0.08999999999999997
1.7054749904021327 0.08950000000000002
1.7080688687145313 0.08899999999999997
1.7080688687145313 0.08850000000000002
1.7119596861831294 0.08799999999999997
1.714553564495528 0.08750000000000002
1.714553564495528 0.08699999999999997
1.7249290777451227 0.08650000000000002
1.7275229560575216 0.08599999999999997
1.7275229560575216 0.08550000000000002
1.7288198952137208 0.08499999999999996
1.7288198952137208 0.08450000000000002
1.7288198952137208 0.08399999999999996
1.7301168343699203 0.08350000000000002
1.732710712682319 0.08299999999999996
1.7340076518385181 0.08250000000000002
1.7404923476195149 0.08199999999999996
1.7430862259319135 0.08150000000000002
1.7482739825567108 0.08099999999999996
1.7508678608691097 0.08050000000000002
1.756055617493907 0.07999999999999996
1.7573525566501063 0.07950000000000002
1.759946434962505 0.07899999999999996
1.763837252431103 0.07850000000000001
1.7664311307435017 0.07799999999999996
1.7690250090559003 0.07750000000000001
1.775509704836897 0.07699999999999996
1.7884790963988906 0.07650000000000001
1.7884790963988906 0.07599999999999996
1.7923699138674885 0.07550000000000001
1.7988546096484852 0.07499999999999996
1.8001515488046846 0.07450000000000001
1.8014484879608839 0.07399999999999995
1.805339305429482 0.07350000000000001
1.8079331837418806 0.07299999999999995
1.8079331837418806 0.07250000000000001
1.8118240012104787 0.07199999999999995
1.8118240012104787 0.07150000000000001
1.817011757835276 0.07099999999999995
1.8260903319286714 0.07050000000000001
1.8351689060220668 0.06999999999999995
1.8351689060220668 0.0695
1.836465845178266 0.06899999999999995
1.8377627843344655 0.0685
1.8390597234906647 0.06799999999999995
1.8403566626468641 0.0675
1.8520291150526582 0.06699999999999995
1.8559199325212563 0.0665
1.8572168716774555 0.06599999999999995
1.858513810833655 0.0655
1.8675923849270504 0.06499999999999995
1.870186263239449 0.0645
1.870186263239449 0.06399999999999995
1.8753740198642463 0.0635
1.8805617764890437 0.06299999999999994
1.8831556548014423 0.0625
1.8883434114262396 0.062000000000000055
1.8883434114262396 0.0615
1.9013128029882331 0.061000000000000054
1.9065005596130304 0.0605
1.9103913770816285 0.06000000000000005
1.9116883162378278 0.0595
1.9168760728626253 0.05900000000000005
1.9220638294874226 0.058499999999999996
1.9233607686436218 0.05800000000000005
1.9246577077998213 0.057499999999999996
1.9337362818932167 0.05700000000000005
1.9363301602056153 0.056499999999999995
1.942814855986612 0.05600000000000005
1.942814855986612 0.055499999999999994
1.942814855986612 0.05500000000000005
1.9454087342990107 0.05449999999999999
1.9480026126114094 0.05400000000000005
1.9518934300800075 0.05349999999999999
1.958378125861004 0.05300000000000005
1.9674566999543994 0.05249999999999999
1.9687536391105989 0.052000000000000046
1.9739413957353962 0.05149999999999999
1.9752383348915956 0.051000000000000045
1.9817230306725921 0.05049999999999999
1.9856138481411902 0.050000000000000044
1.9946924222345856 0.04949999999999999
1.9985832397031837 0.049000000000000044
1.999880178859383 0.04849999999999999
1.999880178859383 0.04800000000000004
2.0011771180155824 0.04749999999999999
2.002474057171782 0.04700000000000004
2.003770996327981 0.046499999999999986
2.007661813796579 0.04600000000000004
2.015443448733775 0.045499999999999985
2.015443448733775 0.04500000000000004
2.018037327046174 0.044499999999999984
2.0219281445147717 0.04400000000000004
2.0219281445147717 0.04349999999999998
2.0245220228271705 0.04300000000000004
2.041382231857762 0.04249999999999998
2.046569988482559 0.04200000000000004
2.056945501732154 0.04149999999999998
2.056945501732154 0.041000000000000036
2.0595393800445527 0.04049999999999998
2.06472713666935 0.040000000000000036
2.068617954137948 0.03949999999999998
2.0776965282313435 0.039000000000000035
2.0776965282313435 0.03849999999999998
2.078993467387543 0.038000000000000034
2.0867751023247387 0.03749999999999998
2.088072041480938 0.03700000000000003
2.091962858949536 0.03649999999999998
2.0958536764181344 0.03600000000000003
2.106229189667729 0.035499999999999976
2.1127138854487257 0.03500000000000003
2.1204955203859215 0.034499999999999975
2.121792459542121 0.03400000000000003
2.133464911947915 0.033499999999999974
2.145137364353709 0.03300000000000003
2.171076147477696 0.03249999999999997
2.171076147477696 0.03200000000000003
2.1814516607272907 0.03149999999999997
2.18274859988349 0.031000000000000028
2.186639417352088 0.03049999999999997
2.1918271739768853 0.030000000000000027
2.195717991445483 0.02949999999999997
2.198311869757882 0.029000000000000026
2.216469017944673 0.02849999999999997
2.224250652881869 0.028000000000000025
2.237220044443862 0.02749999999999997
2.2385169836000616 0.027000000000000024
2.2424078010686594 0.026499999999999968
2.247595557693457 0.026000000000000023
2.2501894360058556 0.025499999999999967
2.2657527058802476 0.025000000000000022
2.267049645036447 0.024499999999999966
2.2761282191298426 0.02400000000000002
2.278722097442241 0.023499999999999965
2.2981761847852313 0.02300000000000002
2.304660880566228 0.022499999999999964
2.3098486371910254 0.02200000000000002
2.3189272112844206 0.021499999999999964
2.324114967909218 0.02100000000000002
2.3267088462216168 0.020499999999999963
2.355241507658002 0.020000000000000018
2.369507838376195 0.019499999999999962
2.373398655844793 0.019000000000000017
2.4045251955935774 0.01849999999999996
2.407119073905976 0.018000000000000016
2.412306830530773 0.01749999999999996
2.453808883529152 0.017000000000000015
2.4551058226853515 0.01649999999999996
2.460293579310149 0.016000000000000014
2.4849354232779364 0.015499999999999958
2.486232362434136 0.015000000000000013
2.509577267245724 0.014499999999999957
2.518655841339119 0.014000000000000012
2.530328293744913 0.013499999999999956
2.532922172057312 0.013000000000000012
2.6263017913036646 0.012499999999999956
2.6574283310524485 0.01200000000000001
2.6807732358640366 0.011499999999999955
2.684664053332635 0.01100000000000001
2.7041181406756247 0.010499999999999954
2.7106028364566215 0.010000000000000009
2.7339477412682096 0.009499999999999953
2.762480402704595 0.009000000000000008
2.7910130641409805 0.008499999999999952
2.8351089954517583 0.008000000000000007
2.9414580062601043 0.007499999999999951
2.9479427020411006 0.007000000000000006
2.9660998502278915 0.00649999999999995
2.9920386333518785 0.006000000000000005
3.00889884238247 0.005499999999999949
3.0957937658478256 0.0050000000000000044
3.1178417315032143 0.0044999999999999485
3.2125182899057663 0.0040000000000000036
3.2553172820603447 0.0034999999999999476
3.2618019778413414 0.0030000000000000027
3.3201642398703117 0.0024999999999999467
3.4796877560828303 0.0020000000000000018
3.4848755127076276 0.0014999999999999458
3.530268383174605 0.0010000000000000009
4.912805523683102 0.0004999999999999449
