# NormalizedAsset CCDF
0.0010902095826986243 1.0
0.0021804191653972487 0.9995
0.0021804191653972487 0.999
0.0032706287480958733 0.9985
0.0032706287480958733 0.998
0.0032706287480958733 0.9975
0.004360838330794497 0.997
0.004360838330794497 0.9965
0.004360838330794497 0.996
0.004360838330794497 0.9955
0.0065412574961917465 0.995
0.0065412574961917465 0.9945
0.0065412574961917465 0.994
0.007631467078890371 0.9935
0.007631467078890371 0.993
0.007631467078890371 0.9925
0.008721676661588995 0.992
0.00981188624428762 0.9915
0.010902095826986244 0.991
0.010902095826986244 0.9905
0.010902095826986244 0.99
0.011992305409684868 0.9895
0.013082514992383493 0.989
0.013082514992383493 0.9885
0.014172724575082117 0.988
0.014172724575082117 0.9875
0.015262934157780742 0.987
0.016353143740479366 0.9865
0.016353143740479366 0.986
0.016353143740479366 0.9855
0.016353143740479366 0.985
0.01744335332317799 0.9845
0.01744335332317799 0.984
0.01744335332317799 0.9835
0.018533562905876613 0.983
0.01962377248857524 0.9825
0.01962377248857524 0.982
0.020713982071273864 0.9815
0.020713982071273864 0.981
0.020713982071273864 0.9805
0.02289440123667111 0.98
0.02289440123667111 0.9795
0.02289440123667111 0.979
0.025074820402068362 0.9785
0.025074820402068362 0.978
0.026165029984766986 0.9775
0.026165029984766986 0.977
0.02725523956746561 0.9765
0.02725523956746561 0.976
0.02725523956746561 0.9755
0.028345449150164233 0.975
0.028345449150164233 0.9745
0.029435658732862857 0.974
0.029435658732862857 0.9735
0.029435658732862857 0.973
0.030525868315561484 0.9725
0.03379649706365736 0.972
0.03488670664635598 0.9715
0.03488670664635598 0.971
0.03488670664635598 0.9705
0.03488670664635598 0.97
0.035976916229054606 0.9695
0.035976916229054606 0.969
0.037067125811753227 0.9685
0.037067125811753227 0.968
0.038157335394451854 0.9675
0.03924754497715048 0.967
0.0403377545598491 0.9665
0.0403377545598491 0.966
0.04142796414254773 0.9655
0.04142796414254773 0.965
0.04251817372524635 0.9645
0.043608383307944976 0.964
0.043608383307944976 0.9635
0.043608383307944976 0.963
0.0446985928906436 0.9625
0.0446985928906436 0.962
0.0446985928906436 0.9615
0.04578880247334222 0.961
0.04578880247334222 0.9605
0.04687901205604085 0.96
0.04687901205604085 0.9595
0.04687901205604085 0.959
0.04796922163873947 0.9585
0.0490594312214381 0.958
0.0490594312214381 0.9575
0.0490594312214381 0.957
0.050149640804136725 0.9565
0.051239850386835345 0.956
0.05233005996953397 0.9555
0.05342026955223259 0.955
0.05451047913493122 0.9545
0.05451047913493122 0.954
0.05451047913493122 0.9535
0.05560068871762985 0.953
0.05669089830032847 0.9525
0.058871317465725714 0.952
0.058871317465725714 0.9515
0.058871317465725714 0.951
0.05996152704842434 0.9505
0.05996152704842434 0.95
0.05996152704842434 0.9495
0.05996152704842434 0.949
0.06105173663112297 0.9485
0.06105173663112297 0.948
0.06105173663112297 0.9475
0.06214194621382159 0.947
0.06323215579652021 0.9465
0.06432236537921884 0.946
0.06432236537921884 0.9455
0.06541257496191746 0.945
0.06541257496191746 0.9445
0.06650278454461608 0.944
0.06650278454461608 0.9435
0.06650278454461608 0.943
0.06759299412731472 0.9425
0.06759299412731472 0.942
0.06868320371001334 0.9415
0.06868320371001334 0.9410000000000001
0.06977341329271196 0.9405
0.07086362287541059 0.94
0.07086362287541059 0.9395
0.07195383245810921 0.9390000000000001
0.07413425162350645 0.9385
0.07522446120620509 0.938
0.07522446120620509 0.9375
0.07522446120620509 0.937
0.07522446120620509 0.9365
0.07631467078890371 0.9359999999999999
0.07631467078890371 0.9355
0.07631467078890371 0.935
0.07631467078890371 0.9345
0.07740488037160233 0.9339999999999999
0.07740488037160233 0.9335
0.07849508995430096 0.933
0.07849508995430096 0.9325
0.07849508995430096 0.9319999999999999
0.07849508995430096 0.9315
0.0806755091196982 0.931
0.08176571870239684 0.9305
0.08176571870239684 0.9299999999999999
0.08285592828509546 0.9295
0.08285592828509546 0.929
0.08285592828509546 0.9285
0.08394613786779408 0.928
0.08394613786779408 0.9275
0.08612655703319133 0.927
0.08612655703319133 0.9265
0.08721676661588995 0.926
0.08721676661588995 0.9255
0.08721676661588995 0.925
0.08830697619858857 0.9245
0.08830697619858857 0.924
0.0893971857812872 0.9235
0.09048739536398583 0.923
0.09048739536398583 0.9225
0.09157760494668445 0.922
0.09157760494668445 0.9215
0.09266781452938308 0.921
0.09266781452938308 0.9205
0.09484823369478032 0.92
0.09702865286017757 0.9195
0.09702865286017757 0.919
0.0981188624428762 0.9185
0.09920907202557482 0.918
0.09920907202557482 0.9175
0.09920907202557482 0.917
0.10029928160827345 0.9165
0.10029928160827345 0.916
0.10029928160827345 0.9155
0.10138949119097207 0.915
0.10247970077367069 0.9145
0.10247970077367069 0.914
0.10356991035636932 0.9135
0.10356991035636932 0.913
0.10575032952176656 0.9125
0.10575032952176656 0.912
0.10575032952176656 0.9115
0.10575032952176656 0.911
0.10684053910446518 0.9105
0.10684053910446518 0.91
0.10793074868716382 0.9095
0.10793074868716382 0.909
0.10793074868716382 0.9085
0.11011116785256106 0.908
0.1112013774352597 0.9075
0.11229158701795831 0.907
0.11229158701795831 0.9065
0.11338179660065693 0.906
0.11338179660065693 0.9055
0.11447200618335557 0.905
0.11447200618335557 0.9045
0.11556221576605419 0.904
0.11556221576605419 0.9035
0.11665242534875281 0.903
0.11774263493145143 0.9025
0.11883284451415006 0.902
0.11883284451415006 0.9015
0.11992305409684868 0.901
0.11992305409684868 0.9005
0.1210132636795473 0.9
0.12210347326224594 0.8995
0.12210347326224594 0.899
0.12319368284494456 0.8985
0.12319368284494456 0.898
0.12428389242764318 0.8975
0.12428389242764318 0.897
0.12428389242764318 0.8965
0.12646431159304042 0.896
0.12646431159304042 0.8955
0.12646431159304042 0.895
0.12646431159304042 0.8945
0.12755452117573907 0.894
0.1286447307584377 0.8935
0.1286447307584377 0.893
0.1297349403411363 0.8925
0.1297349403411363 0.892
0.13082514992383493 0.8915
0.13082514992383493 0.891
0.13082514992383493 0.8905
0.13191535950653355 0.89
0.13191535950653355 0.8895
0.13300556908923217 0.889
0.1340957786719308 0.8885
0.13518598825462944 0.888
0.13627619783732806 0.8875
0.13627619783732806 0.887
0.13736640742002668 0.8865
0.13736640742002668 0.886
0.13736640742002668 0.8855
0.1384566170027253 0.885
0.13954682658542392 0.8845
0.13954682658542392 0.884
0.13954682658542392 0.8835
0.14063703616812254 0.883
0.14063703616812254 0.8825000000000001
0.14172724575082118 0.882
0.14172724575082118 0.8815
0.14172724575082118 0.881
0.1428174553335198 0.8805000000000001
0.14390766491621843 0.88
0.14390766491621843 0.8795
0.14390766491621843 0.879
0.14499787449891705 0.8785000000000001
0.14499787449891705 0.878
0.14499787449891705 0.8775
0.14499787449891705 0.877
0.14608808408161567 0.8765000000000001
0.14717829366431429 0.876
0.1482685032470129 0.8755
0.1482685032470129 0.875
0.14935871282971155 0.8745
0.15044892241241017 0.874
0.15044892241241017 0.8734999999999999
0.1515391319951088 0.873
0.15262934157780741 0.8725
0.15262934157780741 0.872
0.15262934157780741 0.8714999999999999
0.15262934157780741 0.871
0.15371955116050603 0.8705
0.15371955116050603 0.87
0.15480976074320466 0.8694999999999999
0.15480976074320466 0.869
0.15480976074320466 0.8685
0.15699017990860192 0.868
0.15808038949130054 0.8674999999999999
0.15808038949130054 0.867
0.15808038949130054 0.8665
0.15808038949130054 0.866
0.15917059907399916 0.8654999999999999
0.1613510182393964 0.865
0.16244122782209502 0.8645
0.16244122782209502 0.864
0.16244122782209502 0.8634999999999999
0.16353143740479367 0.863
0.1646216469874923 0.8625
0.1646216469874923 0.862
0.1657118565701909 0.8614999999999999
0.1657118565701909 0.861
0.16680206615288953 0.8605
0.16680206615288953 0.86
0.16680206615288953 0.8594999999999999
0.16789227573558815 0.859
0.1700726949009854 0.8585
0.1700726949009854 0.858
0.17116290448368404 0.8575
0.17225311406638266 0.857
0.17225311406638266 0.8565
0.17334332364908128 0.856
0.17552374281447852 0.8555
0.17552374281447852 0.855
0.17770416197987576 0.8545
0.17770416197987576 0.854
0.17770416197987576 0.8535
0.17770416197987576 0.853
0.1787943715625744 0.8525
0.1787943715625744 0.852
0.1787943715625744 0.8515
0.1787943715625744 0.851
0.1787943715625744 0.8505
0.18206500031067027 0.85
0.18206500031067027 0.8495
0.18206500031067027 0.849
0.18206500031067027 0.8485
0.1831552098933689 0.848
0.1831552098933689 0.8475
0.1842454194760675 0.847
0.1842454194760675 0.8465
0.1842454194760675 0.846
0.18533562905876616 0.8455
0.1875160482241634 0.845
0.18860625780686202 0.8445
0.18860625780686202 0.844
0.18860625780686202 0.8435
0.19078667697225926 0.843
0.19187688655495788 0.8425
0.19187688655495788 0.842
0.19187688655495788 0.8415
0.19296709613765653 0.841
0.19296709613765653 0.8405
0.19405730572035515 0.84
0.19405730572035515 0.8395
0.19514751530305377 0.839
0.19514751530305377 0.8385
0.19514751530305377 0.838
0.1962377248857524 0.8375
0.197327934468451 0.837
0.197327934468451 0.8365
0.197327934468451 0.836
0.197327934468451 0.8355
0.19841814405114963 0.835
0.19841814405114963 0.8345
0.19841814405114963 0.834
0.19950835363384825 0.8335
0.19950835363384825 0.833
0.19950835363384825 0.8325
0.2005985632165469 0.832
0.20168877279924552 0.8315
0.20168877279924552 0.831
0.20277898238194414 0.8305
0.20277898238194414 0.83
0.20386919196464276 0.8295
0.20495940154734138 0.829
0.20495940154734138 0.8285
0.20495940154734138 0.8280000000000001
0.20495940154734138 0.8275
0.20495940154734138 0.827
0.20604961113004 0.8265
0.20604961113004 0.8260000000000001
0.20713982071273865 0.8255
0.20823003029543727 0.825
0.20823003029543727 0.8245
0.20823003029543727 0.8240000000000001
0.2104104494608345 0.8235
0.21150065904353313 0.823
0.21150065904353313 0.8225
0.21150065904353313 0.8220000000000001
0.21150065904353313 0.8215
0.21477128779162902 0.821
0.21586149737432764 0.8205
0.21586149737432764 0.8200000000000001
0.21586149737432764 0.8195
0.21586149737432764 0.819
0.21804191653972488 0.8185
0.21804191653972488 0.8180000000000001
0.2191321261224235 0.8175
0.22022233570512212 0.817
0.22022233570512212 0.8165
0.22022233570512212 0.8160000000000001
0.22022233570512212 0.8155
0.22022233570512212 0.815
0.22131254528782074 0.8145
0.22131254528782074 0.8140000000000001
0.2224027548705194 0.8135
0.2224027548705194 0.813
0.2224027548705194 0.8125
0.223492964453218 0.812
0.223492964453218 0.8115
0.22567338361861525 0.8109999999999999
0.22676359320131387 0.8105
0.2278538027840125 0.81
0.2278538027840125 0.8095
0.22894401236671114 0.8089999999999999
0.22894401236671114 0.8085
0.22894401236671114 0.808
0.23003422194940976 0.8075
0.23003422194940976 0.8069999999999999
0.23003422194940976 0.8065
0.23112443153210838 0.806
0.23112443153210838 0.8055
0.23112443153210838 0.8049999999999999
0.232214641114807 0.8045
0.232214641114807 0.804
0.232214641114807 0.8035
0.232214641114807 0.8029999999999999
0.232214641114807 0.8025
0.232214641114807 0.802
0.232214641114807 0.8015
0.23330485069750562 0.8009999999999999
0.23439506028020424 0.8005
0.2365754794456015 0.8
0.23766568902830013 0.7995
0.23875589861099875 0.7989999999999999
0.23875589861099875 0.7985
0.23875589861099875 0.798
0.23984610819369737 0.7975
0.23984610819369737 0.7969999999999999
0.23984610819369737 0.7965
0.23984610819369737 0.796
0.23984610819369737 0.7955
0.240936317776396 0.795
0.2420265273590946 0.7945
0.2420265273590946 0.794
0.24311673694179323 0.7935
0.24420694652449187 0.793
0.24420694652449187 0.7925
0.24420694652449187 0.792
0.2452971561071905 0.7915
0.2452971561071905 0.791
0.2452971561071905 0.7905
0.24638736568988912 0.79
0.24638736568988912 0.7895
0.24747757527258774 0.789
0.24747757527258774 0.7885
0.24747757527258774 0.788
0.24747757527258774 0.7875
0.24856778485528636 0.787
0.24965799443798498 0.7865
0.2507482040206836 0.786
0.2507482040206836 0.7855
0.2518384136033822 0.785
0.2518384136033822 0.7845
0.2518384136033822 0.784
0.2518384136033822 0.7835
0.25292862318608084 0.783
0.25292862318608084 0.7825
0.25401883276877946 0.782
0.25401883276877946 0.7815
0.25401883276877946 0.781
0.25510904235147813 0.7805
0.25619925193417675 0.78
0.2572894615168754 0.7795
0.2572894615168754 0.779
0.2572894615168754 0.7785
0.258379671099574 0.778
0.258379671099574 0.7775
0.2594698806822726 0.777
0.2594698806822726 0.7765
0.2594698806822726 0.776
0.2594698806822726 0.7755
0.26056009026497123 0.775
0.26056009026497123 0.7745
0.26165029984766985 0.774
0.26165029984766985 0.7735
0.2627405094303685 0.773
0.2627405094303685 0.7725
0.2638307190130671 0.772
0.2638307190130671 0.7715
0.2638307190130671 0.771
0.2638307190130671 0.7705
0.2649209285957657 0.77
0.26710134776116295 0.7695
0.26710134776116295 0.769
0.26710134776116295 0.7685
0.26710134776116295 0.768
0.2681915573438616 0.7675
0.26928176692656025 0.767
0.26928176692656025 0.7665
0.27037197650925887 0.766
0.2714621860919575 0.7655000000000001
0.2714621860919575 0.765
0.2725523956746561 0.7645
0.27364260525735473 0.764
0.27364260525735473 0.7635000000000001
0.27364260525735473 0.763
0.27364260525735473 0.7625
0.27473281484005335 0.762
0.275823024422752 0.7615000000000001
0.275823024422752 0.761
0.2769132340054506 0.7605
0.2780034435881492 0.76
0.2780034435881492 0.7595000000000001
0.2780034435881492 0.759
0.2780034435881492 0.7585
0.27909365317084783 0.758
0.28018386275354645 0.7575000000000001
0.28018386275354645 0.757
0.2812740723362451 0.7565
0.2812740723362451 0.756
0.2823642819189437 0.7555000000000001
0.2823642819189437 0.755
0.2823642819189437 0.7545
0.28345449150164237 0.754
0.28345449150164237 0.7535000000000001
0.284544701084341 0.753
0.284544701084341 0.7525
0.284544701084341 0.752
0.2856349106670396 0.7515000000000001
0.2856349106670396 0.751
0.2856349106670396 0.7505
0.2856349106670396 0.75
0.28672512024973823 0.7495
0.28672512024973823 0.749
0.28781532983243685 0.7484999999999999
0.28781532983243685 0.748
0.28781532983243685 0.7475
0.28781532983243685 0.747
0.2899957489978341 0.7464999999999999
0.2899957489978341 0.746
0.2899957489978341 0.7455
0.2899957489978341 0.745
0.2910859585805327 0.7444999999999999
0.29217616816323133 0.744
0.29217616816323133 0.7435
0.29435658732862857 0.743
0.29435658732862857 0.7424999999999999
0.2954467969113272 0.742
0.2954467969113272 0.7415
0.2965370064940258 0.741
0.2965370064940258 0.7404999999999999
0.29762721607672443 0.74
0.29762721607672443 0.7395
0.30089784482482035 0.739
0.30198805440751897 0.7384999999999999
0.30198805440751897 0.738
0.3030782639902176 0.7375
0.3030782639902176 0.737
0.3041684735729162 0.7364999999999999
0.3041684735729162 0.736
0.30525868315561483 0.7355
0.30634889273831345 0.735
0.30634889273831345 0.7344999999999999
0.30743910232101207 0.734
0.30743910232101207 0.7335
0.3085293119037107 0.733
0.3085293119037107 0.7324999999999999
0.3096195214864093 0.732
0.31070973106910793 0.7315
0.31070973106910793 0.731
0.31179994065180655 0.7304999999999999
0.31398035981720385 0.73
0.31398035981720385 0.7295
0.31507056939990247 0.729
0.3161607789826011 0.7284999999999999
0.3161607789826011 0.728
0.3161607789826011 0.7275
0.3161607789826011 0.727
0.3172509885652997 0.7264999999999999
0.3172509885652997 0.726
0.3183411981479983 0.7255
0.3183411981479983 0.725
0.31943140773069695 0.7244999999999999
0.31943140773069695 0.724
0.32052161731339557 0.7235
0.32052161731339557 0.723
0.3216118268960942 0.7224999999999999
0.3216118268960942 0.722
0.3216118268960942 0.7215
0.3227020364787928 0.721
0.32379224606149143 0.7204999999999999
0.32488245564419005 0.72
0.32488245564419005 0.7195
0.32488245564419005 0.719
0.32488245564419005 0.7185
0.32488245564419005 0.718
0.32706287480958735 0.7175
0.32706287480958735 0.7170000000000001
0.32815308439228597 0.7165
0.3292432939749846 0.716
0.3303335035576832 0.7155
0.3303335035576832 0.7150000000000001
0.3314237131403818 0.7145
0.33251392272308045 0.714
0.33251392272308045 0.7135
0.33360413230577907 0.7130000000000001
0.33360413230577907 0.7125
0.3346943418884777 0.712
0.3357845514711763 0.7115
0.3357845514711763 0.7110000000000001
0.3368747610538749 0.7105
0.3368747610538749 0.71
0.3368747610538749 0.7095
0.3368747610538749 0.7090000000000001
0.3368747610538749 0.7085
0.3368747610538749 0.708
0.33796497063657355 0.7075
0.33905518021927217 0.7070000000000001
0.3401453898019708 0.7065
0.3401453898019708 0.706
0.3412355993846694 0.7055
0.3412355993846694 0.7050000000000001
0.3434160185500667 0.7045
0.3434160185500667 0.704
0.3445062281327653 0.7035
0.3445062281327653 0.7030000000000001
0.3445062281327653 0.7025
0.34559643771546394 0.702
0.3477768568808612 0.7015
0.3488670664635598 0.7010000000000001
0.3499572760462584 0.7005
0.3499572760462584 0.7
0.35104748562895705 0.6995
0.35213769521165567 0.6990000000000001
0.35213769521165567 0.6985
0.3532279047943543 0.698
0.3554083239597515 0.6975
0.3554083239597515 0.6970000000000001
0.3554083239597515 0.6965
0.3564985335424502 0.696
0.3564985335424502 0.6955
0.3575887431251488 0.6950000000000001
0.35976916229054606 0.6945
0.35976916229054606 0.694
0.3608593718732447 0.6935
0.3608593718732447 0.6930000000000001
0.3619495814559433 0.6925
0.3630397910386419 0.692
0.36413000062134054 0.6915
0.36413000062134054 0.6910000000000001
0.36522021020403916 0.6905
0.3674006293694364 0.69
0.3674006293694364 0.6895
0.368490838952135 0.6890000000000001
0.36958104853483364 0.6885
0.36958104853483364 0.688
0.36958104853483364 0.6875
0.3706712581175323 0.687
0.37176146770023094 0.6865
0.3739418868656282 0.6859999999999999
0.3739418868656282 0.6855
0.3739418868656282 0.685
0.3750320964483268 0.6845
0.3761223060310254 0.6839999999999999
0.37721251561372404 0.6835
0.3793929347791213 0.683
0.3793929347791213 0.6825
0.3804831443618199 0.6819999999999999
0.3804831443618199 0.6815
0.3804831443618199 0.681
0.3815733539445185 0.6805
0.3815733539445185 0.6799999999999999
0.3815733539445185 0.6795
0.3815733539445185 0.679
0.38266356352721714 0.6785
0.38266356352721714 0.6779999999999999
0.38375377310991576 0.6775
0.38375377310991576 0.677
0.3848439826926144 0.6765
0.3848439826926144 0.6759999999999999
0.3870244018580117 0.6755
0.3870244018580117 0.675
0.3870244018580117 0.6745
0.3881146114407103 0.6739999999999999
0.3881146114407103 0.6735
0.3881146114407103 0.673
0.3881146114407103 0.6725
0.3892048210234089 0.6719999999999999
0.39029503060610754 0.6715
0.39138524018880616 0.671
0.39138524018880616 0.6705
0.39138524018880616 0.6699999999999999
0.39138524018880616 0.6695
0.3924754497715048 0.669
0.3935656593542034 0.6685
0.3935656593542034 0.6679999999999999
0.3935656593542034 0.6675
0.394655868936902 0.667
0.394655868936902 0.6665
0.394655868936902 0.6659999999999999
0.394655868936902 0.6655
0.39574607851960064 0.665
0.39574607851960064 0.6645
0.39683628810229926 0.6639999999999999
0.39683628810229926 0.6635
0.3979264976849979 0.663
0.3990167072676965 0.6625
0.4022873360157924 0.6619999999999999
0.4022873360157924 0.6615
0.4022873360157924 0.661
0.40337754559849104 0.6605
0.40337754559849104 0.6599999999999999
0.40337754559849104 0.6595
0.40446775518118966 0.659
0.4055579647638883 0.6585
0.4055579647638883 0.6579999999999999
0.4066481743465869 0.6575
0.4066481743465869 0.657
0.4077383839292855 0.6565
0.40882859351198414 0.656
0.40882859351198414 0.6555
0.40991880309468276 0.655
0.4110090126773814 0.6545000000000001
0.41209922226008 0.654
0.4142796414254773 0.6535
0.4153698510081759 0.653
0.4153698510081759 0.6525000000000001
0.41646006059087454 0.652
0.41646006059087454 0.6515
0.41646006059087454 0.651
0.41646006059087454 0.6505000000000001
0.41646006059087454 0.65
0.4186404797562718 0.6495
0.4197306893389704 0.649
0.4197306893389704 0.6485000000000001
0.420820898921669 0.648
0.420820898921669 0.6475
0.42191110850436764 0.647
0.42300131808706626 0.6465000000000001
0.4240915276697649 0.646
0.4240915276697649 0.6455
0.4251817372524635 0.645
0.4251817372524635 0.6445000000000001
0.4251817372524635 0.644
0.4262719468351621 0.6435
0.4262719468351621 0.643
0.42736215641786074 0.6425000000000001
0.42736215641786074 0.642
0.42736215641786074 0.6415
0.42954257558325804 0.641
0.42954257558325804 0.6405000000000001
0.43063278516595666 0.64
0.4317229947486553 0.6395
0.4317229947486553 0.639
0.4328132043313539 0.6385000000000001
0.4328132043313539 0.638
0.4339034139140525 0.6375
0.4339034139140525 0.637
0.4339034139140525 0.6365000000000001
0.4339034139140525 0.636
0.4339034139140525 0.6355
0.43499362349675114 0.635
0.43499362349675114 0.6345000000000001
0.43608383307944976 0.634
0.43608383307944976 0.6335
0.43608383307944976 0.633
0.4371740426621484 0.6325000000000001
0.4371740426621484 0.632
0.4371740426621484 0.6315
0.438264252244847 0.631
0.4393544618275456 0.6305000000000001
0.4393544618275456 0.63
0.44153488099294286 0.6295
0.4426250905756415 0.629
0.4426250905756415 0.6285000000000001
0.4458957193237374 0.628
0.4458957193237374 0.6275
0.446985928906436 0.627
0.44807613848913463 0.6265000000000001
0.44916634807183325 0.626
0.4502565576545319 0.6255
0.4502565576545319 0.625
0.4513467672372305 0.6245
0.4524369768199291 0.624
0.45352718640262774 0.6234999999999999
0.45352718640262774 0.623
0.45461739598532636 0.6225
0.455707605568025 0.622
0.455707605568025 0.6214999999999999
0.4567978151507236 0.621
0.4567978151507236 0.6205
0.45788802473342227 0.62
0.4589782343161209 0.6194999999999999
0.4589782343161209 0.619
0.4600684438988195 0.6185
0.4600684438988195 0.618
0.4600684438988195 0.6174999999999999
0.4600684438988195 0.617
0.46115865348151813 0.6165
0.46224886306421675 0.616
0.46224886306421675 0.6154999999999999
0.46224886306421675 0.615
0.464429282229614 0.6145
0.464429282229614 0.614
0.4655194918123126 0.6134999999999999
0.4655194918123126 0.613
0.46660970139501123 0.6125
0.46769991097770985 0.612
0.46769991097770985 0.6114999999999999
0.4687901205604085 0.611
0.4687901205604085 0.6105
0.4698803301431071 0.61
0.4698803301431071 0.6094999999999999
0.4698803301431071 0.609
0.4709705397258057 0.6085
0.4709705397258057 0.608
0.47206074930850433 0.6074999999999999
0.47206074930850433 0.607
0.473150958891203 0.6065
0.473150958891203 0.606
0.473150958891203 0.6054999999999999
0.47424116847390163 0.605
0.47533137805660025 0.6045
0.4775117972219975 0.604
0.4786020068046961 0.6034999999999999
0.4786020068046961 0.603
0.47969221638739473 0.6025
0.48078242597009335 0.602
0.48078242597009335 0.6014999999999999
0.481872635552792 0.601
0.481872635552792 0.6005
0.48514326430088783 0.6
0.48514326430088783 0.5994999999999999
0.48514326430088783 0.599
0.48514326430088783 0.5985
0.48514326430088783 0.598
0.48841389304898375 0.5974999999999999
0.490594312214381 0.597
0.490594312214381 0.5965
0.490594312214381 0.596
0.4916845217970796 0.5954999999999999
0.49386494096247685 0.595
0.49386494096247685 0.5945
0.49495515054517547 0.594
0.49495515054517547 0.5935
0.4971355697105727 0.593
0.49931598887596995 0.5925
0.49931598887596995 0.5920000000000001
0.5014964080413672 0.5915
0.5014964080413672 0.591
0.5025866176240659 0.5905
0.5025866176240659 0.5900000000000001
0.5025866176240659 0.5895
0.5036768272067644 0.589
0.5069474559548603 0.5885
0.5080376655375589 0.5880000000000001
0.5091278751202576 0.5875
0.5113082942856548 0.587
0.5113082942856548 0.5865
0.5123985038683535 0.5860000000000001
0.5123985038683535 0.5855
0.5134887134510521 0.585
0.5134887134510521 0.5845
0.5134887134510521 0.5840000000000001
0.5145789230337507 0.5835
0.5145789230337507 0.583
0.5145789230337507 0.5825
0.5156691326164493 0.5820000000000001
0.516759342199148 0.5815
0.516759342199148 0.581
0.5178495517818466 0.5805
0.5178495517818466 0.5800000000000001
0.5178495517818466 0.5795
0.5189397613645452 0.579
0.5189397613645452 0.5785
0.5200299709472438 0.5780000000000001
0.5211201805299425 0.5775
0.5211201805299425 0.577
0.5211201805299425 0.5765
0.522210390112641 0.5760000000000001
0.5233005996953397 0.5755
0.5233005996953397 0.575
0.5243908092780384 0.5745
0.5243908092780384 0.5740000000000001
0.525481018860737 0.5735
0.525481018860737 0.573
0.5265712284434356 0.5725
0.5287516476088329 0.5720000000000001
0.5287516476088329 0.5715
0.5287516476088329 0.571
0.5298418571915314 0.5705
0.5309320667742301 0.5700000000000001
0.5320222763569287 0.5695
0.5320222763569287 0.569
0.5331124859396273 0.5685
0.5331124859396273 0.5680000000000001
0.5331124859396273 0.5675
0.5342026955223259 0.567
0.5342026955223259 0.5665
0.5342026955223259 0.5660000000000001
0.5374733242704218 0.5655
0.5374733242704218 0.565
0.5385635338531205 0.5645
0.5396537434358191 0.5640000000000001
0.5407439530185177 0.5635
0.5418341626012163 0.563
0.5418341626012163 0.5625
0.5440145817666135 0.562
0.5451047913493122 0.5615
0.5461950009320108 0.5609999999999999
0.5461950009320108 0.5605
0.5494656296801067 0.56
0.5494656296801067 0.5595
0.5505558392628053 0.5589999999999999
0.551646048845504 0.5585
0.551646048845504 0.558
0.551646048845504 0.5575
0.5527362584282026 0.5569999999999999
0.5527362584282026 0.5565
0.5538264680109012 0.556
0.5549166775935999 0.5555
0.5549166775935999 0.5549999999999999
0.5549166775935999 0.5545
0.5570970967589971 0.554
0.5581873063416957 0.5535
0.5592775159243943 0.5529999999999999
0.5592775159243943 0.5525
0.5592775159243943 0.552
0.5614579350897916 0.5515
0.5636383542551888 0.5509999999999999
0.5636383542551888 0.5505
0.5647285638378874 0.55
0.5647285638378874 0.5495
0.5658187734205861 0.5489999999999999
0.5658187734205861 0.5485
0.5658187734205861 0.548
0.5669089830032847 0.5475
0.5669089830032847 0.5469999999999999
0.5669089830032847 0.5465
0.5669089830032847 0.546
0.5679991925859833 0.5455
0.5679991925859833 0.5449999999999999
0.569089402168682 0.5445
0.569089402168682 0.544
0.569089402168682 0.5435
0.569089402168682 0.5429999999999999
0.5701796117513805 0.5425
0.5712698213340792 0.542
0.5723600309167778 0.5415
0.5723600309167778 0.5409999999999999
0.5734502404994765 0.5405
0.574540450082175 0.54
0.5756306596648737 0.5395
0.5756306596648737 0.5389999999999999
0.5767208692475723 0.5385
0.5767208692475723 0.538
0.5778110788302709 0.5375
0.5778110788302709 0.5369999999999999
0.5789012884129695 0.5365
0.5799914979956682 0.536
0.5799914979956682 0.5355
0.5810817075783667 0.5349999999999999
0.5810817075783667 0.5345
0.5810817075783667 0.534
0.5821719171610654 0.5335
0.5832621267437641 0.5329999999999999
0.5832621267437641 0.5325
0.5843523363264627 0.532
0.5854425459091613 0.5315
0.5876229650745586 0.531
0.5876229650745586 0.5305
0.5887131746572571 0.53
0.5898033842399558 0.5295000000000001
0.5908935938226544 0.529
0.5908935938226544 0.5285
0.5930740129880516 0.528
0.5941642225707503 0.5275000000000001
0.5941642225707503 0.527
0.5952544321534489 0.5265
0.5952544321534489 0.526
0.5952544321534489 0.5255000000000001
0.5952544321534489 0.525
0.5974348513188462 0.5245
0.5974348513188462 0.524
0.5974348513188462 0.5235000000000001
0.5985250609015448 0.523
0.5985250609015448 0.5225
0.600705480066942 0.522
0.6028858992323393 0.5215000000000001
0.6028858992323393 0.521
0.6039761088150379 0.5205
0.6039761088150379 0.52
0.6050663183977365 0.5195000000000001
0.6050663183977365 0.519
0.6061565279804352 0.5185
0.6061565279804352 0.518
0.6072467375631337 0.5175000000000001
0.609427156728531 0.517
0.6105173663112297 0.5165
0.6105173663112297 0.516
0.6116075758939283 0.5155000000000001
0.6116075758939283 0.515
0.6116075758939283 0.5145
0.6126977854766269 0.514
0.6137879950593256 0.5135000000000001
0.6137879950593256 0.513
0.6137879950593256 0.5125
0.6159684142247228 0.512
0.6159684142247228 0.5115000000000001
0.6170586238074214 0.511
0.6181488333901201 0.5105
0.6181488333901201 0.51
0.6192390429728186 0.5095000000000001
0.6192390429728186 0.509
0.6192390429728186 0.5085
0.6192390429728186 0.508
0.6225096717209145 0.5075000000000001
0.6225096717209145 0.507
0.6235998813036131 0.5065
0.6235998813036131 0.506
0.6246900908863118 0.5055000000000001
0.6257803004690105 0.505
0.6257803004690105 0.5045
0.6257803004690105 0.504
0.6257803004690105 0.5035000000000001
0.6257803004690105 0.503
0.6257803004690105 0.5025
0.6279607196344077 0.502
0.6290509292171063 0.5015000000000001
0.6290509292171063 0.501
0.6323215579652022 0.5005
0.6323215579652022 0.5
0.6323215579652022 0.49950000000000006
0.6334117675479007 0.499
0.6334117675479007 0.49850000000000005
0.6345019771305994 0.498
0.6345019771305994 0.49750000000000005
0.6345019771305994 0.497
0.6345019771305994 0.49650000000000005
0.6366823962959967 0.496
0.6366823962959967 0.49550000000000005
0.6366823962959967 0.495
0.6377726058786952 0.49450000000000005
0.6388628154613939 0.494
0.6388628154613939 0.49350000000000005
0.6421334442094898 0.493
0.6421334442094898 0.49250000000000005
0.6421334442094898 0.492
0.6432236537921884 0.49150000000000005
0.6432236537921884 0.491
0.644313863374887 0.49050000000000005
0.644313863374887 0.49
0.644313863374887 0.48950000000000005
0.644313863374887 0.489
0.6454040729575856 0.48850000000000005
0.6464942825402843 0.488
0.6464942825402843 0.48750000000000004
0.6464942825402843 0.487
0.6464942825402843 0.48650000000000004
0.6464942825402843 0.486
0.6486747017056815 0.48550000000000004
0.6486747017056815 0.485
0.6497649112883801 0.48450000000000004
0.6508551208710788 0.484
0.6519453304537773 0.48350000000000004
0.653035540036476 0.483
0.653035540036476 0.48250000000000004
0.6552159592018733 0.482
0.6563061687845719 0.48150000000000004
0.6563061687845719 0.481
0.6563061687845719 0.48050000000000004
0.6563061687845719 0.48
0.6573963783672705 0.47950000000000004
0.6573963783672705 0.479
0.6606670071153664 0.47850000000000004
0.661757216698065 0.478
0.661757216698065 0.47750000000000004
0.6639376358634622 0.477
0.6639376358634622 0.47650000000000003
0.6650278454461609 0.476
0.6650278454461609 0.47550000000000003
0.6650278454461609 0.475
0.6650278454461609 0.47450000000000003
0.6672082646115581 0.474
0.6672082646115581 0.47350000000000003
0.6682984741942567 0.473
0.6682984741942567 0.47250000000000003
0.6693886837769554 0.472
0.6693886837769554 0.47150000000000003
0.670478893359654 0.471
0.670478893359654 0.47050000000000003
0.6715691029423526 0.47
0.6726593125250513 0.46950000000000003
0.6726593125250513 0.469
0.6726593125250513 0.4685
0.6737495221077499 0.46799999999999997
0.6748397316904485 0.4675
0.6770201508558458 0.46699999999999997
0.6770201508558458 0.4665
0.6781103604385443 0.46599999999999997
0.6781103604385443 0.4655
0.679200570021243 0.46499999999999997
0.679200570021243 0.4645
0.6802907796039416 0.46399999999999997
0.6824711987693388 0.4635
0.6835614083520375 0.46299999999999997
0.6846516179347362 0.4625
0.6857418275174347 0.46199999999999997
0.6868320371001334 0.4615
0.6890124562655306 0.46099999999999997
0.6890124562655306 0.4605
0.6901026658482292 0.45999999999999996
0.6901026658482292 0.4595
0.6922830850136265 0.45899999999999996
0.6933732945963251 0.4585
0.6933732945963251 0.45799999999999996
0.6933732945963251 0.4575
0.6955537137617224 0.45699999999999996
0.6966439233444209 0.4565
0.6966439233444209 0.45599999999999996
0.6966439233444209 0.4555
0.6977341329271196 0.45499999999999996
0.6988243425098183 0.4545
0.6999145520925169 0.45399999999999996
0.7010047616752155 0.4535
0.7010047616752155 0.45299999999999996
0.7020949712579141 0.4525
0.7031851808406128 0.45199999999999996
0.70536560000601 0.4515
0.7064558095887086 0.45099999999999996
0.7064558095887086 0.4505
0.7064558095887086 0.44999999999999996
0.7086362287541058 0.4495
0.710816647919503 0.44899999999999995
0.7129970670849004 0.4485
0.714087276667599 0.44799999999999995
0.714087276667599 0.4475
0.714087276667599 0.44699999999999995
0.7151774862502976 0.4465
0.7162676958329962 0.44599999999999995
0.7162676958329962 0.4455
0.7195383245810921 0.44499999999999995
0.7195383245810921 0.4445
0.7195383245810921 0.44399999999999995
0.7206285341637907 0.4435
0.7206285341637907 0.44299999999999995
0.7217187437464894 0.4425
0.7217187437464894 0.44199999999999995
0.7228089533291879 0.4415
0.7228089533291879 0.44099999999999995
0.7249893724945852 0.4405
0.7260795820772838 0.43999999999999995
0.7260795820772838 0.4395
0.7271697916599825 0.43899999999999995
0.7282600012426811 0.4385
0.7293502108253798 0.43799999999999994
0.7293502108253798 0.4375
0.731530629990777 0.43700000000000006
0.731530629990777 0.4365
0.7337110491561742 0.43600000000000005
0.7337110491561742 0.4355
0.7337110491561742 0.43500000000000005
0.7337110491561742 0.4345
0.7337110491561742 0.43400000000000005
0.7348012587388728 0.4335
0.7348012587388728 0.43300000000000005
0.7358914683215715 0.4325
0.73698167790427 0.43200000000000005
0.73698167790427 0.4315
0.73698167790427 0.43100000000000005
0.7380718874869687 0.4305
0.7391620970696673 0.43000000000000005
0.7391620970696673 0.4295
0.740252306652366 0.42900000000000005
0.740252306652366 0.4285
0.740252306652366 0.42800000000000005
0.7413425162350646 0.4275
0.7424327258177632 0.42700000000000005
0.7424327258177632 0.4265
0.7435229354004619 0.42600000000000005
0.7446131449831604 0.4255
0.7457033545658591 0.42500000000000004
0.7467935641485577 0.4245
0.7467935641485577 0.42400000000000004
0.7478837737312564 0.4235
0.7478837737312564 0.42300000000000004
0.7478837737312564 0.4225
0.7489739833139549 0.42200000000000004
0.7500641928966536 0.4215
0.7500641928966536 0.42100000000000004
0.7522446120620508 0.4205
0.7533348216447494 0.42000000000000004
0.7555152408101466 0.4195
0.7555152408101466 0.41900000000000004
0.7566054503928453 0.4185
0.757695659975544 0.41800000000000004
0.7587858695582426 0.4175
0.7598760791409412 0.41700000000000004
0.7598760791409412 0.4165
0.7609662887236398 0.41600000000000004
0.7620564983063385 0.4155
0.7620564983063385 0.41500000000000004
0.7653271270544343 0.4145
0.7685977558025302 0.41400000000000003
0.7696879653852288 0.4135
0.7718683845506261 0.41300000000000003
0.7718683845506261 0.4125
0.7718683845506261 0.41200000000000003
0.7740488037160234 0.4115
0.7751390132987219 0.41100000000000003
0.7762292228814206 0.4105
0.7762292228814206 0.41000000000000003
0.7773194324641192 0.4095
0.7784096420468178 0.40900000000000003
0.7784096420468178 0.4085
0.7794998516295164 0.40800000000000003
0.7805900612122151 0.4075
0.7816802707949136 0.40700000000000003
0.7827704803776123 0.4065
0.7849508995430096 0.406
0.7871313187084068 0.40549999999999997
0.7871313187084068 0.405
0.7904019474565027 0.40449999999999997
0.7904019474565027 0.404
0.7904019474565027 0.40349999999999997
0.7914921570392013 0.403
0.7925823666219 0.40249999999999997
0.7936725762045985 0.402
0.7958529953699958 0.40149999999999997
0.7958529953699958 0.401
0.7969432049526944 0.40049999999999997
0.798033414535393 0.4
0.798033414535393 0.39949999999999997
0.8013040432834889 0.399
0.8034844624488862 0.39849999999999997
0.8034844624488862 0.398
0.8034844624488862 0.39749999999999996
0.8034844624488862 0.397
0.8045746720315848 0.39649999999999996
0.8045746720315848 0.396
0.8045746720315848 0.39549999999999996
0.8067550911969821 0.395
0.8067550911969821 0.39449999999999996
0.8067550911969821 0.394
0.8067550911969821 0.39349999999999996
0.8078453007796806 0.393
0.8078453007796806 0.39249999999999996
0.8089355103623793 0.392
0.8132963486931738 0.39149999999999996
0.8132963486931738 0.391
0.8132963486931738 0.39049999999999996
0.8143865582758725 0.39
0.8165669774412697 0.38949999999999996
0.818747396606667 0.389
0.8198376061893655 0.38849999999999996
0.8209278157720642 0.388
0.8231082349374614 0.38749999999999996
0.82419844452016 0.387
0.82419844452016 0.38649999999999995
0.82419844452016 0.386
0.8252886541028587 0.38549999999999995
0.8263788636855572 0.385
0.8263788636855572 0.38449999999999995
0.8274690732682559 0.384
0.8285592828509546 0.38349999999999995
0.8296494924336532 0.383
0.8296494924336532 0.38249999999999995
0.8296494924336532 0.382
0.8318299115990504 0.38149999999999995
0.8318299115990504 0.381
0.8340103307644476 0.38049999999999995
0.8340103307644476 0.38
0.8372809595125436 0.37949999999999995
0.8383711690952421 0.379
0.8394613786779408 0.37849999999999995
0.8394613786779408 0.378
0.841641797843338 0.37749999999999995
0.8427320074260366 0.377
0.844912426591434 0.37649999999999995
0.8460026361741325 0.376
0.8460026361741325 0.37549999999999994
0.8492732649222284 0.375
0.8492732649222284 0.37450000000000006
0.850363474504927 0.374
0.8514536840876257 0.37350000000000005
0.8514536840876257 0.373
0.8514536840876257 0.37250000000000005
0.8525438936703242 0.372
0.8525438936703242 0.37150000000000005
0.8569047320011187 0.371
0.8579949415838174 0.37050000000000005
0.8579949415838174 0.37
0.8579949415838174 0.36950000000000005
0.8579949415838174 0.369
0.8590851511665161 0.36850000000000005
0.8590851511665161 0.368
0.8601753607492146 0.36750000000000005
0.8612655703319133 0.367
0.8623557799146119 0.36650000000000005
0.8667166182454064 0.366
0.867806827828105 0.36550000000000005
0.8688970374108036 0.365
0.8710774565762008 0.36450000000000005
0.8732578757415982 0.364
0.8732578757415982 0.36350000000000005
0.8754382949069954 0.363
0.8754382949069954 0.36250000000000004
0.876528504489694 0.362
0.8797991332377899 0.36150000000000004
0.8808893428204885 0.361
0.8819795524031872 0.36050000000000004
0.8819795524031872 0.36
0.8830697619858857 0.35950000000000004
0.8841599715685844 0.359
0.885250181151283 0.35850000000000004
0.8863403907339816 0.358
0.8874306003166803 0.35750000000000004
0.8885208098993789 0.357
0.8885208098993789 0.35650000000000004
0.8896110194820775 0.356
0.8917914386474748 0.35550000000000004
0.8950620673955706 0.355
0.8961522769782693 0.35450000000000004
0.8972424865609678 0.354
0.8972424865609678 0.35350000000000004
0.8983326961436665 0.353
0.8994229057263651 0.35250000000000004
0.9048739536398582 0.352
0.9059641632225569 0.35150000000000003
0.9059641632225569 0.351
0.9070543728052555 0.35050000000000003
0.9081445823879541 0.35
0.9081445823879541 0.34950000000000003
0.9092347919706527 0.349
0.9103250015533514 0.34850000000000003
0.91141521113605 0.348
0.9125054207187486 0.34750000000000003
0.9135956303014472 0.347
0.9146858398841459 0.34650000000000003
0.9179564686322418 0.346
0.9179564686322418 0.34550000000000003
0.9190466782149403 0.345
0.9190466782149403 0.34450000000000003
0.920136887797639 0.344
0.9212270973803376 0.3435
0.9212270973803376 0.34299999999999997
0.9212270973803376 0.3425
0.9223173069630363 0.34199999999999997
0.9223173069630363 0.3415
0.9234075165457348 0.34099999999999997
0.9244977261284335 0.3405
0.9244977261284335 0.33999999999999997
0.9266781452938307 0.3395
0.9266781452938307 0.33899999999999997
0.9277683548765293 0.3385
0.9277683548765293 0.33799999999999997
0.9277683548765293 0.3375
0.9277683548765293 0.33699999999999997
0.9299487740419266 0.3365
0.9299487740419266 0.33599999999999997
0.9299487740419266 0.3355
0.9299487740419266 0.33499999999999996
0.9321291932073239 0.3345
0.9332194027900225 0.33399999999999996
0.9332194027900225 0.3335
0.9353998219554197 0.33299999999999996
0.9353998219554197 0.3325
0.9364900315381184 0.33199999999999996
0.9386704507035156 0.3315
0.9386704507035156 0.33099999999999996
0.9408508698689129 0.3305
0.9419410794516114 0.32999999999999996
0.9430312890343101 0.3295
0.9441214986170087 0.32899999999999996
0.9452117081997073 0.3285
0.946301917782406 0.32799999999999996
0.9484823369478033 0.3275
0.9484823369478033 0.32699999999999996
0.9484823369478033 0.3265
0.9561138040266935 0.32599999999999996
0.9572040136093922 0.3255
0.9593844327747895 0.32499999999999996
0.9604746423574881 0.3245
0.9626550615228854 0.32399999999999995
0.9626550615228854 0.3235
0.9626550615228854 0.32299999999999995
0.963745271105584 0.3225
0.9670158998536799 0.32199999999999995
0.9670158998536799 0.3215
0.9670158998536799 0.32099999999999995
0.9681061094363784 0.3205
0.9681061094363784 0.31999999999999995
0.9702865286017757 0.3195
0.9702865286017757 0.31899999999999995
0.9702865286017757 0.3185
0.9713767381844743 0.31799999999999995
0.9713767381844743 0.3175
0.9713767381844743 0.31699999999999995
0.9757375765152688 0.3165
0.9768277860979675 0.31599999999999995
0.9768277860979675 0.3155
0.9779179956806661 0.31499999999999995
0.9790082052633647 0.3145
0.9844592531768578 0.31399999999999995
0.986639672342255 0.3135
0.9877298819249537 0.31299999999999994
0.9899103010903509 0.3125
0.9920907202557482 0.31200000000000006
0.9931809298384469 0.3115
0.9942711394211454 0.31100000000000005
0.9942711394211454 0.3105
0.9975417681692413 0.31000000000000005
0.9986319777519399 0.3095
1.0008123969173373 0.30900000000000005
1.0008123969173373 0.3085
1.0019026065000358 0.30800000000000005
1.0019026065000358 0.3075
1.0019026065000358 0.30700000000000005
1.0019026065000358 0.3065
1.0029928160827344 0.30600000000000005
1.0029928160827344 0.3055
1.0029928160827344 0.30500000000000005
1.0029928160827344 0.3045
1.0040830256654332 0.30400000000000005
1.0062634448308303 0.3035
1.0073536544135289 0.30300000000000005
1.0084438639962277 0.3025
1.0117144927443233 0.30200000000000005
1.0117144927443233 0.3015
1.0117144927443233 0.30100000000000005
1.0149851214924193 0.3005
1.0182557502405152 0.30000000000000004
1.0182557502405152 0.2995
1.0193459598232137 0.29900000000000004
1.0204361694059125 0.2985
1.021526378988611 0.29800000000000004
1.0226165885713097 0.2975
1.024797007736707 0.29700000000000004
1.0258872173194056 0.2965
1.0280676364848027 0.29600000000000004
1.0291578460675015 0.2955
1.0291578460675015 0.29500000000000004
1.0291578460675015 0.2945
1.0313382652328986 0.29400000000000004
1.0313382652328986 0.2935
1.0324284748155974 0.29300000000000004
1.0367893131463919 0.2925
1.0378795227290905 0.29200000000000004
1.038969732311789 0.2915
1.0400599418944876 0.29100000000000004
1.0400599418944876 0.2905
1.0433305706425835 0.29000000000000004
1.0455109898079809 0.2895
1.0466011993906794 0.28900000000000003
1.0466011993906794 0.2885
1.047691408973378 0.28800000000000003
1.0487816185560768 0.2875
1.0498718281387753 0.28700000000000003
1.0520522473041725 0.2865
1.0531424568868712 0.28600000000000003
1.0531424568868712 0.2855
1.0542326664695698 0.28500000000000003
1.0553228760522684 0.2845
1.0553228760522684 0.28400000000000003
1.0553228760522684 0.2835
1.056413085634967 0.28300000000000003
1.0575032952176657 0.2825
1.0575032952176657 0.28200000000000003
1.0585935048003643 0.2815
1.0618641335484602 0.281
1.0629543431311588 0.28049999999999997
1.0651347622965561 0.28
1.0662249718792547 0.27949999999999997
1.0662249718792547 0.279
1.0662249718792547 0.27849999999999997
1.0684053910446518 0.278
1.0684053910446518 0.27749999999999997
1.0705858102100492 0.277
1.0716760197927477 0.27649999999999997
1.0727662293754463 0.276
1.0727662293754463 0.27549999999999997
1.077127067706241 0.275
1.077127067706241 0.27449999999999997
1.0782172772889396 0.274
1.0803976964543367 0.27349999999999997
1.0847585347851312 0.273
1.0847585347851312 0.27249999999999996
1.08584874436783 0.272
1.0869389539505285 0.27149999999999996
1.0869389539505285 0.271
1.0902095826986244 0.27049999999999996
1.091299792281323 0.27
1.091299792281323 0.26949999999999996
1.091299792281323 0.269
1.091299792281323 0.26849999999999996
1.0934802114467204 0.268
1.0934802114467204 0.26749999999999996
1.094570421029419 0.267
1.100021468942912 0.26649999999999996
1.100021468942912 0.266
1.1011116785256105 0.26549999999999996
1.1022018881083093 0.265
1.1022018881083093 0.26449999999999996
1.1054725168564052 0.264
1.108743145604501 0.26349999999999996
1.108743145604501 0.263
1.1098333551871997 0.26249999999999996
1.1109235647698983 0.262
1.1120137743525969 0.26149999999999995
1.1131039839352954 0.261
1.1131039839352954 0.26049999999999995
1.1163746126833913 0.26
1.1163746126833913 0.25949999999999995
1.1163746126833913 0.259
1.11746482226609 0.25849999999999995
1.1196452414314872 0.258
1.1196452414314872 0.25749999999999995
1.1229158701795832 0.257
1.1229158701795832 0.25649999999999995
1.1240060797622817 0.256
1.1250962893449803 0.25549999999999995
1.1272767085103776 0.255
1.1272767085103776 0.25449999999999995
1.1272767085103776 0.254
1.1272767085103776 0.25349999999999995
1.1294571276757748 0.253
1.1294571276757748 0.25249999999999995
1.1305473372584736 0.252
1.1316375468411721 0.25149999999999995
1.1338179660065695 0.251
1.134908175589268 0.25049999999999994
1.1359983851719666 0.25
1.1359983851719666 0.24950000000000006
1.1370885947546652 0.249
1.1370885947546652 0.24850000000000005
1.140359223502761 0.248
1.143629852250857 0.24750000000000005
1.1447200618335556 0.247
1.1458102714162541 0.24650000000000005
1.1458102714162541 0.246
1.1458102714162541 0.24550000000000005
1.1458102714162541 0.245
1.146900480998953 0.24450000000000005
1.146900480998953 0.244
1.1479906905816515 0.24350000000000005
1.14908090016435 0.243
1.1501711097470488 0.24250000000000005
1.1501711097470488 0.242
1.1512613193297474 0.24150000000000005
1.152351528912446 0.241
1.1534417384951445 0.24050000000000005
1.1556221576605419 0.24
1.1556221576605419 0.23950000000000005
1.1567123672432404 0.239
1.1567123672432404 0.23850000000000005
1.1567123672432404 0.238
1.157802576825939 0.23750000000000004
1.157802576825939 0.237
1.1599829959913364 0.23650000000000004
1.1621634151567335 0.236
1.1632536247394323 0.23550000000000004
1.1654340439048294 0.235
1.1654340439048294 0.23450000000000004
1.1654340439048294 0.23399999999999999
1.1665242534875282 0.23350000000000004
1.1676144630702268 0.23299999999999998
1.169794882235624 0.23250000000000004
1.169794882235624 0.23199999999999998
1.1730655109837198 0.23150000000000004
1.1741557205664184 0.23099999999999998
1.1752459301491172 0.23050000000000004
1.1752459301491172 0.22999999999999998
1.1752459301491172 0.22950000000000004
1.1774263493145143 0.22899999999999998
1.178516558897213 0.22850000000000004
1.1817871876453088 0.22799999999999998
1.1817871876453088 0.22750000000000004
1.1817871876453088 0.22699999999999998
1.1828773972280076 0.22650000000000003
1.1839676068107061 0.22599999999999998
1.1850578163934047 0.22550000000000003
1.1883284451415006 0.22499999999999998
1.1894186547241992 0.22450000000000003
1.1894186547241992 0.22399999999999998
1.192689283472295 0.22350000000000003
1.192689283472295 0.22299999999999998
1.1937794930549936 0.22250000000000003
1.1937794930549936 0.22199999999999998
1.1937794930549936 0.22150000000000003
1.1970501218030896 0.22099999999999997
1.201410960133884 0.22050000000000003
1.2025011697165826 0.21999999999999997
1.2035913792992814 0.21950000000000003
1.2079522176300759 0.21899999999999997
1.210132636795473 0.21850000000000003
1.210132636795473 0.21799999999999997
1.210132636795473 0.21750000000000003
1.210132636795473 0.21699999999999997
1.2112228463781718 0.21650000000000003
1.2123130559608704 0.21599999999999997
1.2123130559608704 0.21550000000000002
1.2123130559608704 0.21499999999999997
1.2155836847089663 0.21450000000000002
1.2166738942916648 0.21399999999999997
1.2166738942916648 0.21350000000000002
1.2199445230397608 0.21299999999999997
1.2210347326224593 0.21250000000000002
1.2210347326224593 0.21199999999999997
1.2232151517878567 0.21150000000000002
1.2232151517878567 0.21099999999999997
1.2243053613705552 0.21050000000000002
1.2275759901186512 0.20999999999999996
1.2275759901186512 0.20950000000000002
1.2286661997013497 0.20899999999999996
1.2286661997013497 0.20850000000000002
1.2297564092840483 0.20799999999999996
1.2297564092840483 0.20750000000000002
1.2319368284494456 0.20699999999999996
1.2352074571975415 0.20650000000000002
1.2362976667802401 0.20599999999999996
1.2373878763629387 0.20550000000000002
1.2384780859456372 0.20499999999999996
1.245019343441829 0.20450000000000002
1.2461095530245276 0.20399999999999996
1.2493801817726236 0.20350000000000001
1.2493801817726236 0.20299999999999996
1.2504703913553221 0.2025
1.251560600938021 0.20199999999999996
1.251560600938021 0.2015
1.253741020103418 0.20099999999999996
1.253741020103418 0.2005
1.2581018584342125 0.19999999999999996
1.2581018584342125 0.1995
1.2613724871823084 0.19899999999999995
1.2613724871823084 0.1985
1.262462696765007 0.19799999999999995
1.2635529063477056 0.1975
1.2635529063477056 0.19699999999999995
1.265733325513103 0.1965
1.2668235350958015 0.19599999999999995
1.2679137446785003 0.1955
1.2700941638438974 0.19499999999999995
1.2733647925919933 0.1945
1.2766354213400892 0.19399999999999995
1.2777256309227878 0.1935
1.2777256309227878 0.19299999999999995
1.2820864692535823 0.1925
1.2842668884189796 0.19199999999999995
1.2842668884189796 0.1915
1.2864473075843768 0.19099999999999995
1.2908081459151712 0.1905
1.2951689842459657 0.18999999999999995
1.2962591938286645 0.1895
1.2962591938286645 0.18899999999999995
1.297349403411363 0.1885
1.2984396129940616 0.18799999999999994
1.2984396129940616 0.1875
1.2995298225767602 0.18700000000000006
1.300620032159459 0.1865
1.300620032159459 0.18600000000000005
1.3017102417421575 0.1855
1.3038906609075547 0.18500000000000005
1.309341708821048 0.1845
1.309341708821048 0.18400000000000005
1.309341708821048 0.1835
1.311522127986445 0.18300000000000005
1.311522127986445 0.1825
1.3126123375691439 0.18200000000000005
1.3137025471518424 0.1815
1.314792756734541 0.18100000000000005
1.3169731758999383 0.1805
1.3191535950653355 0.18000000000000005
1.3224242238134314 0.1795
1.3224242238134314 0.17900000000000005
1.32351443339613 0.1785
1.3256948525615273 0.17800000000000005
1.3256948525615273 0.1775
1.3256948525615273 0.17700000000000005
1.3267850621442259 0.1765
1.3344165292231163 0.17600000000000005
1.3376871579712122 0.1755
1.3387773675539107 0.17500000000000004
1.3387773675539107 0.1745
1.3398675771366093 0.17400000000000004
1.340957786719308 0.1735
1.3442284154674038 0.17300000000000004
1.3464088346328011 0.1725
1.3464088346328011 0.17200000000000004
1.3464088346328011 0.17149999999999999
1.3464088346328011 0.17100000000000004
1.3474990442154997 0.17049999999999998
1.3507696729635956 0.17000000000000004
1.3507696729635956 0.16949999999999998
1.3507696729635956 0.16900000000000004
1.3518598825462942 0.16849999999999998
1.352950092128993 0.16800000000000004
1.35513051129439 0.16749999999999998
1.3627619783732805 0.16700000000000004
1.370393445452171 0.16649999999999998
1.3714836550348695 0.16600000000000004
1.3714836550348695 0.16549999999999998
1.372573864617568 0.16500000000000004
1.372573864617568 0.16449999999999998
1.3736640742002668 0.16400000000000003
1.3736640742002668 0.16349999999999998
1.3747542837829654 0.16300000000000003
1.3769347029483625 0.16249999999999998
1.3791151221137599 0.16200000000000003
1.3802053316964584 0.16149999999999998
1.3812955412791572 0.16100000000000003
1.3823857508618558 0.16049999999999998
1.384566170027253 0.16000000000000003
1.3867465891926503 0.15949999999999998
1.3889270083580474 0.15900000000000003
1.3911074275234447 0.15849999999999997
1.3943780562715407 0.15800000000000003
1.3965584754369378 0.15749999999999997
1.3976486850196366 0.15700000000000003
1.3987388946023351 0.15649999999999997
1.402009523350431 0.15600000000000003
1.4052801520985267 0.15549999999999997
1.4052801520985267 0.15500000000000003
1.4063703616812255 0.15449999999999997
1.407460571263924 0.15400000000000003
1.4096409904293214 0.15349999999999997
1.4118214095947186 0.15300000000000002
1.4118214095947186 0.15249999999999997
1.4118214095947186 0.15200000000000002
1.4129116191774171 0.15149999999999997
1.416182247925513 0.15100000000000002
1.416182247925513 0.15049999999999997
1.4205430862563075 0.15000000000000002
1.4238137150044035 0.14949999999999997
1.4238137150044035 0.14900000000000002
1.4259941341698008 0.14849999999999997
1.4259941341698008 0.14800000000000002
1.4358060204140883 0.14749999999999996
1.4390766491621843 0.14700000000000002
1.4390766491621843 0.14649999999999996
1.4456179066583759 0.14600000000000002
1.4456179066583759 0.14549999999999996
1.4477983258237732 0.14500000000000002
1.4477983258237732 0.14449999999999996
1.4488885354064718 0.14400000000000002
1.4510689545718691 0.14349999999999996
1.4532493737372663 0.14300000000000002
1.4532493737372663 0.14249999999999996
1.4565200024853622 0.14200000000000002
1.4565200024853622 0.14149999999999996
1.4587004216507595 0.14100000000000001
1.4587004216507595 0.14049999999999996
1.4587004216507595 0.14
1.459790631233458 0.13949999999999996
1.4641514695642526 0.139
1.4652416791469511 0.13849999999999996
1.4706927270604444 0.138
1.4706927270604444 0.13749999999999996
1.471782936643143 0.137
1.47396335580854 0.13649999999999995
1.4761437749739375 0.136
1.4794144037220334 0.13549999999999995
1.480504613304732 0.135
1.480504613304732 0.13449999999999995
1.4815948228874305 0.134
1.4870458708009238 0.13349999999999995
1.4881360803836223 0.133
1.4914067091317182 0.13249999999999995
1.4935871282971154 0.132
1.494677337879814 0.13149999999999995
1.4979479666279099 0.131
1.4990381762106086 0.13049999999999995
1.5088500624548962 0.13
1.5110304816202933 0.12949999999999995
1.5132109007856906 0.129
1.5143011103683892 0.12849999999999995
1.5186619486991837 0.128
1.5186619486991837 0.12749999999999995
1.5197521582818825 0.127
1.524112996612677 0.12649999999999995
1.5252032061953755 0.126
1.5273836253607729 0.12549999999999994
1.5284738349434714 0.125
1.5284738349434714 0.12450000000000006
1.5306542541088686 0.124
1.5317444636915674 0.12350000000000005
1.5317444636915674 0.123
1.538285721187759 0.12250000000000005
1.5426465595185535 0.122
1.5448269786839508 0.12150000000000005
1.5502780265974438 0.121
1.5535486553455398 0.12050000000000005
1.5535486553455398 0.12
1.5579094936763342 0.11950000000000005
1.5589997032590328 0.119
1.5633605415898273 0.11850000000000005
1.564450751172526 0.118
1.5666311703379232 0.11750000000000005
1.5699017990860191 0.11699999999999999
1.573172427834115 0.11650000000000005
1.5753528469995122 0.11599999999999999
1.5797136853303066 0.11550000000000005
1.5808038949130054 0.11499999999999999
1.581894104495704 0.11450000000000005
1.5829843140784026 0.11399999999999999
1.587345152409197 0.11350000000000005
1.5917059907399915 0.11299999999999999
1.599337457818882 0.11250000000000004
1.6026080865669778 0.11199999999999999
1.6026080865669778 0.11150000000000004
1.6102395536458682 0.11099999999999999
1.6102395536458682 0.11050000000000004
1.6113297632285668 0.10999999999999999
1.6124199728112654 0.10950000000000004
1.6135101823939642 0.10899999999999999
1.6178710207247586 0.10850000000000004
1.6189612303074572 0.10799999999999998
1.630953535717142 0.10750000000000004
1.634224164465238 0.10699999999999998
1.634224164465238 0.10650000000000004
1.6364045836306351 0.10599999999999998
1.6473066794576214 0.10550000000000004
1.6560283561192104 0.10499999999999998
1.6592989848673063 0.10450000000000004
1.6636598231981008 0.10399999999999998
1.6669304519461967 0.10350000000000004
1.6712912902769912 0.10299999999999998
1.6734717094423885 0.10250000000000004
1.6756521286077857 0.10199999999999998
1.6767423381904842 0.10150000000000003
1.6767423381904842 0.10099999999999998
1.6887346436001691 0.10050000000000003
1.6887346436001691 0.09999999999999998
1.689824853182868 0.09950000000000003
1.695275901096361 0.09899999999999998
1.7018171585925528 0.09850000000000003
1.7029073681752513 0.09799999999999998
1.7083584160887444 0.09750000000000003
1.7138094640022374 0.09699999999999998
1.7148996735849362 0.09650000000000003
1.7170800927503334 0.09599999999999997
1.7181703023330321 0.09550000000000003
1.7225311406638266 0.09499999999999997
1.7258017694119223 0.09450000000000003
1.7290723981600182 0.09399999999999997
1.730162607742717 0.09350000000000003
1.7323430269081141 0.09299999999999997
1.7367038652389086 0.09250000000000003
1.741064703569703 0.09199999999999997
1.7432451227351005 0.09150000000000003
1.7454255419004976 0.09099999999999997
1.749786380231292 0.09050000000000002
1.7519667993966894 0.08999999999999997
1.753057008979388 0.08950000000000002
1.753057008979388 0.08899999999999997
1.7574178473101825 0.08850000000000002
1.7585080568928813 0.08799999999999997
1.7606884760582784 0.08750000000000002
1.761778685640977 0.08699999999999997
1.7650493143890729 0.08650000000000002
1.7672297335544702 0.08599999999999997
1.770500362302566 0.08550000000000002
1.770500362302566 0.08499999999999996
1.7715905718852647 0.08450000000000002
1.7737709910506618 0.08399999999999996
1.7737709910506618 0.08350000000000002
1.7737709910506618 0.08299999999999996
1.7890339252084426 0.08250000000000002
1.7923045539565385 0.08199999999999996
1.793394763539237 0.08150000000000002
1.799936021035429 0.08099999999999996
1.8064772785316205 0.08050000000000002
1.810838116862415 0.07999999999999996
1.8130185360278124 0.07950000000000002
1.814108745610511 0.07899999999999996
1.8282814701855932 0.07850000000000001
1.8282814701855932 0.07799999999999996
1.831552098933689 0.07750000000000001
1.8348227276817848 0.07699999999999996
1.8435444043433737 0.07650000000000001
1.8468150330914697 0.07599999999999996
1.8468150330914697 0.07550000000000001
1.852266081004963 0.07499999999999996
1.852266081004963 0.07450000000000001
1.85444650017036 0.07399999999999995
1.85444650017036 0.07350000000000001
1.85444650017036 0.07299999999999995
1.859897548083853 0.07250000000000001
1.863168176831949 0.07199999999999995
1.8686192247454423 0.07150000000000001
1.871889853493538 0.07099999999999995
1.8762506918243327 0.07050000000000001
1.8806115301551272 0.06999999999999995
1.8860625780686202 0.0695
1.898054883478305 0.06899999999999995
1.9024157218090996 0.0685
1.9024157218090996 0.06799999999999995
1.904596140974497 0.0675
1.9133178176360859 0.06699999999999995
1.915498236801483 0.0665
1.915498236801483 0.06599999999999995
1.915498236801483 0.0655
1.9165884463841816 0.06499999999999995
1.9198590751322775 0.0645
1.9394828476208528 0.06399999999999995
1.9427534763689487 0.0635
1.9471143146997432 0.06299999999999994
1.953655572195935 0.0625
1.953655572195935 0.062000000000000055
1.9569262009440307 0.0615
1.9569262009440307 0.061000000000000054
1.9634674584402225 0.0605
1.971098925519113 0.06000000000000005
1.9776401830153048 0.0595
1.9787303925980033 0.05900000000000005
1.9787303925980033 0.058499999999999996
1.9885422788422908 0.05800000000000005
1.9961737459211812 0.057499999999999996
1.9961737459211812 0.05700000000000005
2.0005345842519757 0.056499999999999995
2.002715003417373 0.05600000000000005
2.0048954225827704 0.055499999999999994
2.0059856321654688 0.05500000000000005
2.0070758417481676 0.05449999999999999
2.0081660513308663 0.05400000000000005
2.0125268896616606 0.05349999999999999
2.0179779375751536 0.05300000000000005
2.0179779375751536 0.05249999999999999
2.0212485663232496 0.052000000000000046
2.0310604525675373 0.05149999999999999
2.0332408717329344 0.051000000000000045
2.0354212908983316 0.05049999999999999
2.0397821292291263 0.050000000000000044
2.043052757977222 0.04949999999999999
2.0441429675599205 0.049000000000000044
2.046323386725318 0.04849999999999999
2.046323386725318 0.04800000000000004
2.0506842250561124 0.04749999999999999
2.0561352729696054 0.04700000000000004
2.063766740048496 0.046499999999999986
2.063766740048496 0.04600000000000004
2.072488416710085 0.045499999999999985
2.072488416710085 0.04500000000000004
2.080119883788975 0.044499999999999984
2.081210093371674 0.04400000000000004
2.083390512537071 0.04349999999999998
2.088841560450564 0.04300000000000004
2.104104494608345 0.04249999999999998
2.112826171269934 0.04200000000000004
2.1237282670969204 0.04149999999999998
2.1269988958450163 0.041000000000000036
2.1280891054277147 0.04049999999999998
2.1302695245931123 0.040000000000000036
2.142261830002797 0.03949999999999998
2.1488030874989885 0.039000000000000035
2.1586149737432763 0.03849999999999998
2.161885602491372 0.038000000000000034
2.173877907901057 0.03749999999999998
2.184780003728043 0.03700000000000003
2.1869604228934407 0.03649999999999998
2.200042937885824 0.03600000000000003
2.205493985799317 0.035499999999999976
2.2163960816263035 0.03500000000000003
2.217486291209002 0.034499999999999975
2.220756919957098 0.03400000000000003
2.2240275487051937 0.033499999999999974
2.23492964453218 0.03300000000000003
2.2382002732802757 0.03249999999999997
2.2382002732802757 0.03200000000000003
2.2425611116110704 0.03149999999999997
2.243651321193769 0.031000000000000028
2.2480121595245635 0.03049999999999997
2.2534632074380565 0.030000000000000027
2.255643626603454 0.02949999999999997
2.257824045768851 0.029000000000000026
2.2621848840996455 0.02849999999999997
2.2687261415958373 0.028000000000000025
2.273086979926632 0.02749999999999997
2.276357608674728 0.027000000000000024
2.278538027840125 0.026499999999999968
2.2828988661709193 0.026000000000000023
2.283989075753618 0.025499999999999967
2.2981618003287 0.025000000000000022
2.302522638659495 0.024499999999999966
2.307973686572988 0.02400000000000002
2.3145149440691797 0.023499999999999965
2.3145149440691797 0.02300000000000002
2.315605153651878 0.022499999999999964
2.3330485069750564 0.02200000000000002
2.339589764471248 0.021499999999999964
2.3439506028020425 0.02100000000000002
2.3439506028020425 0.020499999999999963
2.369025423204111 0.020000000000000018
2.379927519031097 0.019499999999999962
2.379927519031097 0.019000000000000017
2.418084854425549 0.01849999999999996
2.4344379981660285 0.018000000000000016
2.4431596748276174 0.01749999999999996
2.4486107227411105 0.017000000000000015
2.4507911419065076 0.01649999999999996
2.4518813514892064 0.016000000000000014
2.4606030281507953 0.015499999999999958
2.4824072198047675 0.015000000000000013
2.493309315631754 0.014499999999999957
2.507482040206836 0.014000000000000012
2.5292862318608087 0.013499999999999956
2.5587218905936715 0.013000000000000012
2.5641729385071645 0.012499999999999956
2.5674435672552605 0.01200000000000001
2.5739848247514523 0.011499999999999955
2.597969435570822 0.01100000000000001
2.617593208059397 0.010499999999999954
2.631765932634479 0.010000000000000009
2.6699232680289313 0.009499999999999953
2.6710134776116297 0.009000000000000008
2.7157120705022733 0.008499999999999952
2.716802280084972 0.008000000000000007
2.716802280084972 0.007499999999999951
2.7931169508738756 0.007000000000000006
2.7996582083700674 0.00649999999999995
2.8061994658662592 0.006000000000000005
2.879243507907067 0.005499999999999949
2.8857847654032587 0.0050000000000000044
2.8912358133167517 0.0044999999999999485
2.952287549947875 0.0040000000000000036
3.0318728494848743 0.0034999999999999476
3.0318728494848743 0.0030000000000000027
3.071120394462025 0.0024999999999999467
3.2139378497955446 0.0020000000000000018
3.5399105150224335 0.0014999999999999458
3.541000724605132 0.0010000000000000009
4.380462103283072 0.0004999999999999449
