# Normalized_Asset_Abs CCDF_Value
0.0010349508692059442 0.9995
0.0010349508692059442 0.999
0.0010349508692059442 0.9985
0.0010349508692059442 0.998
0.0010349508692059442 0.9975
0.0010349508692059442 0.997
0.0020699017384118884 0.9965
0.0031048526076178327 0.996
0.0031048526076178327 0.9955
0.004139803476823777 0.995
0.004139803476823777 0.9945
0.004139803476823777 0.994
0.004139803476823777 0.9935
0.0072446560844416094 0.993
0.0072446560844416094 0.9925
0.008279606953647553 0.992
0.009314557822853498 0.9915
0.009314557822853498 0.991
0.009314557822853498 0.9905
0.012419410430471331 0.99
0.012419410430471331 0.9895
0.012419410430471331 0.989
0.013454361299677276 0.9885
0.016559213907295107 0.988
0.016559213907295107 0.9875
0.016559213907295107 0.987
0.016559213907295107 0.9865
0.016559213907295107 0.986
0.018629115645706996 0.9855
0.018629115645706996 0.985
0.01966406651491294 0.9845
0.01966406651491294 0.984
0.01966406651491294 0.9835
0.01966406651491294 0.983
0.020699017384118886 0.9825
0.02173396825332483 0.982
0.022768919122530772 0.9815
0.022768919122530772 0.981
0.02380386999173672 0.9805
0.02380386999173672 0.98
0.02380386999173672 0.9795
0.024838820860942662 0.979
0.02690872259935455 0.9785
0.02690872259935455 0.978
0.02690872259935455 0.9775
0.02690872259935455 0.977
0.027943673468560495 0.9765
0.027943673468560495 0.976
0.028978624337766438 0.9755
0.030013575206972384 0.975
0.030013575206972384 0.9745
0.030013575206972384 0.974
0.030013575206972384 0.9735
0.03208347694538427 0.973
0.03208347694538427 0.9725
0.03208347694538427 0.972
0.03208347694538427 0.9715
0.03208347694538427 0.971
0.033118427814590214 0.9705
0.033118427814590214 0.97
0.034153378683796164 0.9695
0.034153378683796164 0.969
0.03725823129141399 0.9685
0.038293182160619936 0.968
0.038293182160619936 0.9675
0.03932813302982588 0.967
0.03932813302982588 0.9665
0.04036308389903183 0.966
0.04139803476823777 0.9655
0.042432985637443715 0.965
0.04346793650664966 0.9645
0.04346793650664966 0.964
0.04346793650664966 0.9635
0.0445028873758556 0.963
0.0445028873758556 0.9625
0.0445028873758556 0.962
0.045537838245061545 0.9615
0.046572789114267495 0.961
0.04760773998347344 0.9605
0.04864269085267938 0.96
0.04864269085267938 0.9595
0.049677641721885324 0.959
0.049677641721885324 0.9585
0.05071259259109127 0.958
0.05071259259109127 0.9575
0.05071259259109127 0.957
0.05174754346029721 0.9565
0.05174754346029721 0.956
0.05278249432950316 0.9555
0.05278249432950316 0.955
0.05278249432950316 0.9545
0.0538174451987091 0.954
0.0538174451987091 0.9535
0.054852396067915046 0.953
0.054852396067915046 0.9525
0.05588734693712099 0.952
0.05588734693712099 0.9515
0.05588734693712099 0.951
0.05692229780632693 0.9505
0.05692229780632693 0.95
0.057957248675532876 0.9495
0.057957248675532876 0.949
0.057957248675532876 0.9485
0.057957248675532876 0.948
0.058992199544738826 0.9475
0.058992199544738826 0.947
0.06002715041394477 0.9465
0.06106210128315071 0.946
0.062097052152356655 0.9455
0.062097052152356655 0.945
0.062097052152356655 0.9445
0.0631320030215626 0.944
0.0631320030215626 0.9435
0.0631320030215626 0.943
0.0631320030215626 0.9425
0.0631320030215626 0.942
0.06416695389076854 0.9415
0.06520190475997449 0.9410000000000001
0.06520190475997449 0.9405
0.06520190475997449 0.94
0.06623685562918043 0.9395
0.06623685562918043 0.9390000000000001
0.06727180649838638 0.9385
0.06727180649838638 0.938
0.06934170823679826 0.9375
0.07037665910600421 0.937
0.07141160997521015 0.9365
0.07141160997521015 0.9359999999999999
0.07141160997521015 0.9355
0.0724465608444161 0.935
0.0724465608444161 0.9345
0.0724465608444161 0.9339999999999999
0.07348151171362204 0.9335
0.07348151171362204 0.933
0.07451646258282799 0.9325
0.07555141345203394 0.9319999999999999
0.07658636432123987 0.9315
0.07658636432123987 0.931
0.07658636432123987 0.9305
0.07658636432123987 0.9299999999999999
0.07865626605965176 0.9295
0.07865626605965176 0.929
0.07969121692885771 0.9285
0.07969121692885771 0.928
0.08072616779806366 0.9275
0.08072616779806366 0.927
0.08279606953647554 0.9265
0.08383102040568148 0.926
0.08383102040568148 0.9255
0.08486597127488743 0.925
0.08590092214409337 0.9245
0.08590092214409337 0.924
0.08590092214409337 0.9235
0.08590092214409337 0.923
0.08693587301329932 0.9225
0.08693587301329932 0.922
0.08693587301329932 0.9215
0.08797082388250527 0.921
0.08797082388250527 0.9205
0.08797082388250527 0.92
0.08797082388250527 0.9195
0.08797082388250527 0.919
0.0890057747517112 0.9185
0.0890057747517112 0.918
0.09004072562091715 0.9175
0.09211062735932904 0.917
0.09211062735932904 0.9165
0.09314557822853499 0.916
0.09314557822853499 0.9155
0.09418052909774093 0.915
0.09418052909774093 0.9145
0.09521547996694688 0.914
0.09521547996694688 0.9135
0.09625043083615281 0.913
0.09728538170535876 0.9125
0.09728538170535876 0.912
0.09935528344377065 0.9115
0.09935528344377065 0.911
0.09935528344377065 0.9105
0.1003902343129766 0.91
0.10142518518218253 0.9095
0.10142518518218253 0.909
0.10246013605138848 0.9085
0.10246013605138848 0.908
0.10349508692059442 0.9075
0.10349508692059442 0.907
0.10349508692059442 0.9065
0.10556498865900632 0.906
0.10556498865900632 0.9055
0.10556498865900632 0.905
0.10556498865900632 0.9045
0.10659993952821226 0.904
0.10659993952821226 0.9035
0.1076348903974182 0.903
0.10866984126662414 0.9025
0.11073974300503603 0.902
0.11177469387424198 0.9015
0.11177469387424198 0.901
0.11280964474344793 0.9005
0.11280964474344793 0.9
0.11487954648185981 0.8995
0.11487954648185981 0.899
0.11591449735106575 0.8985
0.11591449735106575 0.898
0.11591449735106575 0.8975
0.11591449735106575 0.897
0.1169494482202717 0.8965
0.1169494482202717 0.896
0.1169494482202717 0.8955
0.11798439908947765 0.895
0.11798439908947765 0.8945
0.12005430082788954 0.894
0.12005430082788954 0.8935
0.12005430082788954 0.893
0.12108925169709547 0.8925
0.12108925169709547 0.892
0.12419410430471331 0.8915
0.12419410430471331 0.891
0.12419410430471331 0.8905
0.12419410430471331 0.89
0.12522905517391925 0.8895
0.12522905517391925 0.889
0.12522905517391925 0.8885
0.1262640060431252 0.888
0.1262640060431252 0.8875
0.1262640060431252 0.887
0.12729895691233115 0.8865
0.12729895691233115 0.886
0.12729895691233115 0.8855
0.12729895691233115 0.885
0.12833390778153708 0.8845
0.12833390778153708 0.884
0.13143876038915492 0.8835
0.13143876038915492 0.883
0.13247371125836085 0.8825000000000001
0.13247371125836085 0.882
0.13247371125836085 0.8815
0.13247371125836085 0.881
0.13247371125836085 0.8805000000000001
0.13350866212756682 0.88
0.13454361299677275 0.8795
0.13454361299677275 0.879
0.1355785638659787 0.8785000000000001
0.1355785638659787 0.878
0.13661351473518465 0.8775
0.13661351473518465 0.877
0.1376484656043906 0.8765000000000001
0.1376484656043906 0.876
0.1376484656043906 0.8755
0.1376484656043906 0.875
0.13971836734280246 0.8745
0.14075331821200843 0.874
0.14075331821200843 0.8734999999999999
0.14178826908121436 0.873
0.14178826908121436 0.8725
0.1428232199504203 0.872
0.14385817081962626 0.8714999999999999
0.14385817081962626 0.871
0.14385817081962626 0.8705
0.1448931216888322 0.87
0.14696302342724407 0.8694999999999999
0.14696302342724407 0.869
0.14696302342724407 0.8685
0.14696302342724407 0.868
0.14903292516565597 0.8674999999999999
0.14903292516565597 0.867
0.14903292516565597 0.8665
0.1500678760348619 0.866
0.1500678760348619 0.8654999999999999
0.1500678760348619 0.865
0.15110282690406787 0.8645
0.1521377777732738 0.864
0.15317272864247974 0.8634999999999999
0.15317272864247974 0.863
0.1542076795116857 0.8625
0.15524263038089164 0.862
0.15627758125009758 0.8614999999999999
0.15834748298850948 0.861
0.15938243385771542 0.8605
0.16041738472692135 0.86
0.16041738472692135 0.8594999999999999
0.16248728646533325 0.859
0.16248728646533325 0.8585
0.16248728646533325 0.858
0.1635222373345392 0.8575
0.1635222373345392 0.857
0.1635222373345392 0.8565
0.16455718820374513 0.856
0.1655921390729511 0.8555
0.16662708994215703 0.855
0.16662708994215703 0.8545
0.16662708994215703 0.854
0.16662708994215703 0.8535
0.16662708994215703 0.853
0.16766204081136296 0.8525
0.16766204081136296 0.852
0.16869699168056893 0.8515
0.16869699168056893 0.851
0.16869699168056893 0.8505
0.16973194254977486 0.85
0.16973194254977486 0.8495
0.16973194254977486 0.849
0.1707668934189808 0.8485
0.1707668934189808 0.848
0.17387174602659863 0.8475
0.17490669689580457 0.847
0.17490669689580457 0.8465
0.17490669689580457 0.846
0.17490669689580457 0.8455
0.17490669689580457 0.845
0.17594164776501053 0.8445
0.17904650037262837 0.844
0.1800814512418343 0.8435
0.1800814512418343 0.843
0.1800814512418343 0.8425
0.1800814512418343 0.842
0.18111640211104024 0.8415
0.18111640211104024 0.841
0.18111640211104024 0.8405
0.18215135298024618 0.84
0.18215135298024618 0.8395
0.18318630384945214 0.839
0.18422125471865808 0.8385
0.18422125471865808 0.838
0.18422125471865808 0.8375
0.18525620558786401 0.837
0.18525620558786401 0.8365
0.18836105819548185 0.836
0.18836105819548185 0.8355
0.1893960090646878 0.835
0.1893960090646878 0.8345
0.19043095993389375 0.834
0.19043095993389375 0.8335
0.19043095993389375 0.833
0.19043095993389375 0.8325
0.1914659108030997 0.832
0.1935358125415116 0.8315
0.1935358125415116 0.831
0.19560571427992346 0.8305
0.19560571427992346 0.83
0.19560571427992346 0.8295
0.1966406651491294 0.829
0.1966406651491294 0.8285
0.19767561601833536 0.8280000000000001
0.19767561601833536 0.8275
0.19767561601833536 0.827
0.19767561601833536 0.8265
0.19767561601833536 0.8260000000000001
0.1987105668875413 0.8255
0.19974551775674723 0.825
0.19974551775674723 0.8245
0.2007804686259532 0.8240000000000001
0.2007804686259532 0.8235
0.2007804686259532 0.823
0.2007804686259532 0.8225
0.20181541949515913 0.8220000000000001
0.20285037036436507 0.8215
0.20285037036436507 0.821
0.20388532123357103 0.8205
0.20388532123357103 0.8200000000000001
0.20388532123357103 0.8195
0.20388532123357103 0.819
0.20492027210277697 0.8185
0.20492027210277697 0.8180000000000001
0.20492027210277697 0.8175
0.20492027210277697 0.817
0.20492027210277697 0.8165
0.20492027210277697 0.8160000000000001
0.20492027210277697 0.8155
0.2059552229719829 0.815
0.20699017384118884 0.8145
0.20699017384118884 0.8140000000000001
0.20699017384118884 0.8135
0.20699017384118884 0.813
0.2080251247103948 0.8125
0.2080251247103948 0.812
0.21009502644880668 0.8115
0.21112997731801264 0.8109999999999999
0.21216492818721858 0.8105
0.21216492818721858 0.81
0.21216492818721858 0.8095
0.2131998790564245 0.8089999999999999
0.21423482992563045 0.8085
0.2152697807948364 0.808
0.2152697807948364 0.8075
0.21630473166404235 0.8069999999999999
0.21733968253324829 0.8065
0.21837463340245425 0.806
0.21837463340245425 0.8055
0.21940958427166019 0.8049999999999999
0.21940958427166019 0.8045
0.21940958427166019 0.804
0.21940958427166019 0.8035
0.22147948601007206 0.8029999999999999
0.22251443687927802 0.8025
0.22354938774848396 0.802
0.22354938774848396 0.8015
0.22768919122530773 0.8009999999999999
0.22768919122530773 0.8005
0.2287241420945137 0.8
0.22975909296371963 0.7995
0.22975909296371963 0.7989999999999999
0.22975909296371963 0.7985
0.22975909296371963 0.798
0.22975909296371963 0.7975
0.2318289947021315 0.7969999999999999
0.2318289947021315 0.7965
0.23286394557133747 0.796
0.23286394557133747 0.7955
0.2338988964405434 0.795
0.23493384730974934 0.7945
0.23493384730974934 0.794
0.23493384730974934 0.7935
0.2359687981789553 0.793
0.2359687981789553 0.7925
0.23700374904816124 0.792
0.23700374904816124 0.7915
0.23700374904816124 0.791
0.23700374904816124 0.7905
0.23803869991736717 0.79
0.23803869991736717 0.7895
0.24010860165577907 0.789
0.24217850339419095 0.7885
0.2432134542633969 0.788
0.24424840513260285 0.7875
0.24424840513260285 0.787
0.24424840513260285 0.7865
0.24528335600180878 0.786
0.24528335600180878 0.7855
0.24528335600180878 0.785
0.24631830687101472 0.7845
0.24631830687101472 0.784
0.24735325774022068 0.7835
0.24735325774022068 0.783
0.24838820860942662 0.7825
0.24838820860942662 0.782
0.24942315947863256 0.7815
0.24942315947863256 0.781
0.24942315947863256 0.7805
0.2504581103478385 0.78
0.25149306121704446 0.7795
0.2525280120862504 0.779
0.25356296295545633 0.7785
0.25356296295545633 0.778
0.2545979138246623 0.7775
0.25563286469386826 0.777
0.25563286469386826 0.7765
0.25563286469386826 0.776
0.25563286469386826 0.7755
0.25563286469386826 0.775
0.25563286469386826 0.7745
0.25666781556307416 0.774
0.25770276643228013 0.7735
0.25770276643228013 0.773
0.25770276643228013 0.7725
0.25873771730148604 0.772
0.25873771730148604 0.7715
0.25873771730148604 0.771
0.259772668170692 0.7705
0.26080761903989796 0.77
0.2618425699091039 0.7695
0.2618425699091039 0.769
0.2639124716475158 0.7685
0.2649474225167217 0.768
0.2659823733859277 0.7675
0.2659823733859277 0.767
0.2659823733859277 0.7665
0.26701732425513364 0.766
0.26805227512433955 0.7655000000000001
0.26805227512433955 0.765
0.26805227512433955 0.7645
0.26805227512433955 0.764
0.26805227512433955 0.7635000000000001
0.26805227512433955 0.763
0.2690872259935455 0.7625
0.2701221768627515 0.762
0.2701221768627515 0.7615000000000001
0.2732270294703693 0.761
0.2732270294703693 0.7605
0.2742619803395752 0.76
0.2742619803395752 0.7595000000000001
0.2742619803395752 0.759
0.2742619803395752 0.7585
0.2752969312087812 0.758
0.2752969312087812 0.7575000000000001
0.2752969312087812 0.757
0.2763318820779871 0.7565
0.27736683294719305 0.756
0.278401783816399 0.7555000000000001
0.2794367346856049 0.755
0.2794367346856049 0.7545
0.2794367346856049 0.754
0.28150663642401685 0.7535000000000001
0.28150663642401685 0.753
0.28254158729322276 0.7525
0.2835765381624287 0.752
0.2835765381624287 0.7515000000000001
0.2835765381624287 0.751
0.2846114890316347 0.7505
0.2846114890316347 0.75
0.28668139077004656 0.7495
0.2877163416392525 0.749
0.2877163416392525 0.7484999999999999
0.2877163416392525 0.748
0.2877163416392525 0.7475
0.28875129250845843 0.747
0.28875129250845843 0.7464999999999999
0.2897862433776644 0.746
0.29082119424687036 0.7455
0.29185614511607627 0.745
0.29185614511607627 0.7444999999999999
0.29185614511607627 0.744
0.29289109598528223 0.7435
0.29392604685448814 0.743
0.2949609977236941 0.7424999999999999
0.29599594859290007 0.742
0.297030899462106 0.7415
0.2991008012005179 0.741
0.2991008012005179 0.7404999999999999
0.2991008012005179 0.74
0.3001357520697238 0.7395
0.3001357520697238 0.739
0.3011707029389298 0.7384999999999999
0.3011707029389298 0.738
0.30324060467734165 0.7375
0.3053105064157536 0.737
0.3063454572849595 0.7364999999999999
0.3063454572849595 0.736
0.30738040815416545 0.7355
0.30738040815416545 0.735
0.30738040815416545 0.7344999999999999
0.3084153590233714 0.734
0.3084153590233714 0.7335
0.3084153590233714 0.733
0.3084153590233714 0.7324999999999999
0.3084153590233714 0.732
0.3104852607617833 0.7315
0.3135901133694011 0.731
0.31462506423860703 0.7304999999999999
0.315660015107813 0.73
0.315660015107813 0.7295
0.31669496597701896 0.729
0.31669496597701896 0.7284999999999999
0.31772991684622487 0.728
0.31876486771543083 0.7275
0.31876486771543083 0.727
0.31876486771543083 0.7264999999999999
0.3197998185846368 0.726
0.3197998185846368 0.7255
0.3208347694538427 0.725
0.32186972032304867 0.7244999999999999
0.32186972032304867 0.724
0.32393962206146054 0.7235
0.3249745729306665 0.723
0.3260095237998724 0.7224999999999999
0.3270444746690784 0.722
0.3270444746690784 0.7215
0.32807942553828434 0.721
0.32807942553828434 0.7204999999999999
0.32807942553828434 0.72
0.32807942553828434 0.7195
0.3301493272766962 0.719
0.3301493272766962 0.7185
0.3311842781459022 0.718
0.33325417988431405 0.7175
0.33325417988431405 0.7170000000000001
0.33325417988431405 0.7165
0.33428913075352 0.716
0.3353240816227259 0.7155
0.3353240816227259 0.7150000000000001
0.3353240816227259 0.7145
0.3363590324919319 0.714
0.3363590324919319 0.7135
0.33739398336113785 0.7130000000000001
0.33842893423034376 0.7125
0.3394638850995497 0.712
0.3404988359687557 0.7115
0.3404988359687557 0.7110000000000001
0.3415337868379616 0.7105
0.3415337868379616 0.71
0.34256873770716756 0.7095
0.34360368857637347 0.7090000000000001
0.34360368857637347 0.7085
0.34360368857637347 0.708
0.34360368857637347 0.7075
0.34463863944557943 0.7070000000000001
0.34463863944557943 0.7065
0.34463863944557943 0.706
0.34463863944557943 0.7055
0.3456735903147854 0.7050000000000001
0.3456735903147854 0.7045
0.3467085411839913 0.704
0.3467085411839913 0.7035
0.3467085411839913 0.7030000000000001
0.3467085411839913 0.7025
0.3467085411839913 0.702
0.3467085411839913 0.7015
0.34774349205319727 0.7010000000000001
0.34774349205319727 0.7005
0.34877844292240323 0.7
0.3508483446608151 0.6995
0.3549881481376389 0.6990000000000001
0.3560230990068448 0.6985
0.3560230990068448 0.698
0.3570580498760508 0.6975
0.3570580498760508 0.6970000000000001
0.3570580498760508 0.6965
0.3570580498760508 0.696
0.35809300074525674 0.6955
0.35809300074525674 0.6950000000000001
0.3611978533528745 0.6945
0.3611978533528745 0.694
0.3611978533528745 0.6935
0.3611978533528745 0.6930000000000001
0.3611978533528745 0.6925
0.36326775509128645 0.692
0.36326775509128645 0.6915
0.36430270596049236 0.6910000000000001
0.36430270596049236 0.6905
0.3653376568296983 0.69
0.3653376568296983 0.6895
0.3653376568296983 0.6890000000000001
0.3653376568296983 0.6885
0.3674075585681102 0.688
0.3674075585681102 0.6875
0.3674075585681102 0.687
0.36844250943731616 0.6865
0.3694774603065221 0.6859999999999999
0.3694774603065221 0.6855
0.371547362044934 0.685
0.371547362044934 0.6845
0.37258231291413996 0.6839999999999999
0.37258231291413996 0.6835
0.37258231291413996 0.683
0.37258231291413996 0.6825
0.3767221163909637 0.6819999999999999
0.3767221163909637 0.6815
0.3767221163909637 0.681
0.37775706726016967 0.6805
0.37775706726016967 0.6799999999999999
0.37775706726016967 0.6795
0.3787920181293756 0.679
0.3787920181293756 0.6785
0.3787920181293756 0.6779999999999999
0.37982696899858154 0.6775
0.3808619198677875 0.677
0.3818968707369934 0.6765
0.3818968707369934 0.6759999999999999
0.3818968707369934 0.6755
0.3829318216061994 0.675
0.38396677247540534 0.6745
0.38396677247540534 0.6739999999999999
0.38500172334461125 0.6735
0.38500172334461125 0.673
0.3860366742138172 0.6725
0.3860366742138172 0.6719999999999999
0.3860366742138172 0.6715
0.3860366742138172 0.671
0.3870716250830232 0.6705
0.3870716250830232 0.6699999999999999
0.3881065759522291 0.6695
0.3881065759522291 0.669
0.38914152682143505 0.6685
0.38914152682143505 0.6679999999999999
0.38914152682143505 0.6675
0.38914152682143505 0.667
0.38914152682143505 0.6665
0.390176477690641 0.6659999999999999
0.3912114285598469 0.6655
0.3922463794290529 0.665
0.3932813302982588 0.6645
0.3932813302982588 0.6639999999999999
0.3963861829058766 0.6635
0.3963861829058766 0.663
0.3963861829058766 0.6625
0.3974211337750826 0.6619999999999999
0.39845608464428856 0.6615
0.39949103551349446 0.661
0.39949103551349446 0.6605
0.4005259863827004 0.6599999999999999
0.4015609372519064 0.6595
0.4025958881211123 0.659
0.40363083899031826 0.6585
0.40570074072873014 0.6579999999999999
0.4067356915979361 0.6575
0.4067356915979361 0.657
0.40777064246714206 0.6565
0.40777064246714206 0.656
0.40777064246714206 0.6555
0.40880559333634797 0.655
0.40880559333634797 0.6545000000000001
0.40984054420555394 0.654
0.41087549507475984 0.6535
0.4139803476823777 0.653
0.4139803476823777 0.6525000000000001
0.4139803476823777 0.652
0.4139803476823777 0.6515
0.4160502494207896 0.651
0.4160502494207896 0.6505000000000001
0.4170852002899955 0.65
0.4181201511592015 0.6495
0.4181201511592015 0.649
0.4181201511592015 0.6485000000000001
0.4181201511592015 0.648
0.41915510202840744 0.6475
0.42019005289761335 0.647
0.42019005289761335 0.6465000000000001
0.4232949055052312 0.646
0.4232949055052312 0.6455
0.42432985637443715 0.645
0.42432985637443715 0.6445000000000001
0.426399758112849 0.644
0.427434708982055 0.6435
0.42950461072046686 0.643
0.42950461072046686 0.6425000000000001
0.4305395615896728 0.642
0.4305395615896728 0.6415
0.43157451245887873 0.641
0.4326094633280847 0.6405000000000001
0.4326094633280847 0.64
0.4326094633280847 0.6395
0.4367492668049085 0.639
0.4367492668049085 0.6385000000000001
0.4377842176741144 0.638
0.4377842176741144 0.6375
0.43881916854332037 0.637
0.43881916854332037 0.6365000000000001
0.4419240211509382 0.636
0.4419240211509382 0.6355
0.4439939228893501 0.635
0.4439939228893501 0.6345000000000001
0.4439939228893501 0.634
0.4439939228893501 0.6335
0.4439939228893501 0.633
0.4439939228893501 0.6325000000000001
0.44502887375855604 0.632
0.44606382462776195 0.6315
0.4470987754969679 0.631
0.4470987754969679 0.6305000000000001
0.4470987754969679 0.63
0.4481337263661739 0.6295
0.4481337263661739 0.629
0.45020362810458575 0.6285000000000001
0.45020362810458575 0.628
0.4512385789737917 0.6275
0.4522735298429976 0.627
0.4522735298429976 0.6265000000000001
0.4522735298429976 0.626
0.4522735298429976 0.6255
0.4522735298429976 0.625
0.45537838245061546 0.6245
0.4564133333198214 0.624
0.45951818592743926 0.6234999999999999
0.46055313679664517 0.623
0.46158808766585113 0.6225
0.46158808766585113 0.622
0.4626230385350571 0.6214999999999999
0.463657989404263 0.621
0.463657989404263 0.6205
0.463657989404263 0.62
0.463657989404263 0.6194999999999999
0.46469294027346897 0.619
0.46469294027346897 0.6185
0.46676284201188084 0.618
0.46676284201188084 0.6174999999999999
0.4677977928810868 0.617
0.4698676946194987 0.6165
0.47090264548870464 0.616
0.47090264548870464 0.6154999999999999
0.4719375963579106 0.615
0.4719375963579106 0.6145
0.4729725472271165 0.614
0.4729725472271165 0.6134999999999999
0.4740074980963225 0.613
0.47504244896552844 0.6125
0.47607739983473435 0.612
0.4781473015731462 0.6114999999999999
0.4781473015731462 0.611
0.4781473015731462 0.6105
0.4781473015731462 0.61
0.4781473015731462 0.6094999999999999
0.4791822524423522 0.609
0.4791822524423522 0.6085
0.4791822524423522 0.608
0.48125215418076406 0.6074999999999999
0.4843570067883819 0.607
0.4843570067883819 0.6065
0.4843570067883819 0.606
0.48539195765758786 0.6054999999999999
0.48539195765758786 0.605
0.4864269085267938 0.6045
0.4864269085267938 0.604
0.4884968102652057 0.6034999999999999
0.4884968102652057 0.603
0.4884968102652057 0.6025
0.48953176113441166 0.602
0.48953176113441166 0.6014999999999999
0.49056671200361757 0.601
0.49160166287282353 0.6005
0.49263661374202944 0.6
0.4936715646112354 0.5994999999999999
0.4936715646112354 0.599
0.4936715646112354 0.5985
0.4936715646112354 0.598
0.49470651548044137 0.5974999999999999
0.4957414663496473 0.597
0.4957414663496473 0.5965
0.4957414663496473 0.596
0.4988463189572651 0.5954999999999999
0.500916220695677 0.595
0.501951171564883 0.5945
0.501951171564883 0.594
0.501951171564883 0.5935
0.5029861224340889 0.593
0.5040210733032948 0.5925
0.5050560241725008 0.5920000000000001
0.5050560241725008 0.5915
0.5060909750417067 0.591
0.5071259259109127 0.5905
0.5071259259109127 0.5900000000000001
0.5081608767801187 0.5895
0.5081608767801187 0.589
0.5091958276493246 0.5885
0.5102307785185305 0.5880000000000001
0.5102307785185305 0.5875
0.5102307785185305 0.587
0.5112657293877365 0.5865
0.5133356311261483 0.5860000000000001
0.5164404837337662 0.5855
0.5185103854721781 0.585
0.5185103854721781 0.5845
0.5205802872105899 0.5840000000000001
0.5205802872105899 0.5835
0.5205802872105899 0.583
0.5205802872105899 0.5825
0.5226501889490018 0.5820000000000001
0.5226501889490018 0.5815
0.5247200906874138 0.581
0.5247200906874138 0.5805
0.5257550415566197 0.5800000000000001
0.5267899924258256 0.5795
0.5267899924258256 0.579
0.5278249432950316 0.5785
0.5288598941642375 0.5780000000000001
0.5288598941642375 0.5775
0.5309297959026494 0.577
0.5319647467718553 0.5765
0.5329996976410613 0.5760000000000001
0.5340346485102673 0.5755
0.5340346485102673 0.575
0.5350695993794732 0.5745
0.5350695993794732 0.5740000000000001
0.5361045502486791 0.5735
0.5361045502486791 0.573
0.5371395011178851 0.5725
0.538174451987091 0.5720000000000001
0.538174451987091 0.5715
0.5392094028562969 0.571
0.540244353725503 0.5705
0.5423142554639148 0.5700000000000001
0.5423142554639148 0.5695
0.5423142554639148 0.569
0.5433492063331208 0.5685
0.5454191080715326 0.5680000000000001
0.5474890098099445 0.5675
0.5474890098099445 0.567
0.5474890098099445 0.5665
0.5495589115483565 0.5660000000000001
0.5505938624175624 0.5655
0.5516288132867683 0.565
0.5536987150251802 0.5645
0.5536987150251802 0.5640000000000001
0.5547336658943861 0.5635
0.5547336658943861 0.563
0.555768616763592 0.5625
0.555768616763592 0.562
0.556803567632798 0.5615
0.556803567632798 0.5609999999999999
0.556803567632798 0.5605
0.5578385185020039 0.56
0.5578385185020039 0.5595
0.5578385185020039 0.5589999999999999
0.5578385185020039 0.5585
0.5588734693712099 0.558
0.5588734693712099 0.5575
0.5599084202404159 0.5569999999999999
0.5609433711096218 0.5565
0.5609433711096218 0.556
0.5619783219788277 0.5555
0.5630132728480337 0.5549999999999999
0.5630132728480337 0.5545
0.5640482237172396 0.554
0.5650831745864455 0.5535
0.5661181254556515 0.5529999999999999
0.5671530763248575 0.5525
0.5671530763248575 0.552
0.5681880271940634 0.5515
0.5681880271940634 0.5509999999999999
0.5692229780632694 0.5505
0.5702579289324753 0.55
0.5702579289324753 0.5495
0.5712928798016812 0.5489999999999999
0.5723278306708872 0.5485
0.5723278306708872 0.548
0.5723278306708872 0.5475
0.574397732409299 0.5469999999999999
0.574397732409299 0.5465
0.575432683278505 0.546
0.575432683278505 0.5455
0.5775025850169169 0.5449999999999999
0.5775025850169169 0.5445
0.5775025850169169 0.544
0.5785375358861229 0.5435
0.5785375358861229 0.5429999999999999
0.5806074376245347 0.5425
0.5826773393629466 0.542
0.5837122902321525 0.5415
0.5847472411013585 0.5409999999999999
0.5857821919705645 0.5405
0.5857821919705645 0.54
0.5857821919705645 0.5395
0.5868171428397704 0.5389999999999999
0.5878520937089763 0.5385
0.5888870445781823 0.538
0.5888870445781823 0.5375
0.5899219954473882 0.5369999999999999
0.5899219954473882 0.5365
0.5909569463165941 0.536
0.5909569463165941 0.5355
0.5909569463165941 0.5349999999999999
0.5919918971858001 0.5345
0.593026848055006 0.534
0.595096749793418 0.5335
0.595096749793418 0.5329999999999999
0.5971666515318298 0.5325
0.5992365532702417 0.532
0.5992365532702417 0.5315
0.6002715041394476 0.531
0.6002715041394476 0.5305
0.6013064550086537 0.53
0.6013064550086537 0.5295000000000001
0.6023414058778596 0.529
0.6044113076162715 0.5285
0.6064812093546833 0.528
0.6075161602238893 0.5275000000000001
0.6106210128315072 0.527
0.6106210128315072 0.5265
0.6106210128315072 0.526
0.6116559637007131 0.5255000000000001
0.6157957671775368 0.525
0.6157957671775368 0.5245
0.6168307180467428 0.524
0.6178656689159487 0.5235000000000001
0.6189006197851546 0.523
0.6189006197851546 0.5225
0.6199355706543606 0.522
0.6199355706543606 0.5215000000000001
0.6209705215235666 0.521
0.6209705215235666 0.5205
0.6240753741311844 0.52
0.6251103250003903 0.5195000000000001
0.6251103250003903 0.519
0.6251103250003903 0.5185
0.6251103250003903 0.518
0.6251103250003903 0.5175000000000001
0.6261452758695962 0.517
0.6282151776080082 0.5165
0.6282151776080082 0.516
0.6302850793464201 0.5155000000000001
0.6302850793464201 0.515
0.631320030215626 0.5145
0.631320030215626 0.514
0.631320030215626 0.5135000000000001
0.631320030215626 0.513
0.631320030215626 0.5125
0.631320030215626 0.512
0.6333899319540379 0.5115000000000001
0.6333899319540379 0.511
0.6333899319540379 0.5105
0.6333899319540379 0.51
0.6354598336924497 0.5095000000000001
0.6364947845616558 0.509
0.6364947845616558 0.5085
0.6364947845616558 0.508
0.6385646863000676 0.5075000000000001
0.6385646863000676 0.507
0.6406345880384795 0.5065
0.6406345880384795 0.506
0.6406345880384795 0.5055000000000001
0.6416695389076854 0.505
0.6416695389076854 0.5045
0.6416695389076854 0.504
0.6416695389076854 0.5035000000000001
0.6427044897768914 0.503
0.6427044897768914 0.5025
0.6458093423845093 0.502
0.6458093423845093 0.5015000000000001
0.6468442932537152 0.501
0.6478792441229211 0.5005
0.6478792441229211 0.5
0.6489141949921271 0.49950000000000006
0.649949145861333 0.499
0.6509840967305389 0.49850000000000005
0.6509840967305389 0.498
0.6520190475997448 0.49750000000000005
0.6520190475997448 0.497
0.6520190475997448 0.49650000000000005
0.6520190475997448 0.496
0.6551239002073627 0.49550000000000005
0.6551239002073627 0.495
0.6551239002073627 0.49450000000000005
0.6561588510765687 0.494
0.6582287528149805 0.49350000000000005
0.6602986545533924 0.493
0.6623685562918044 0.49250000000000005
0.6644384580302162 0.492
0.6654734088994222 0.49150000000000005
0.6665083597686281 0.491
0.6665083597686281 0.49050000000000005
0.667543310637834 0.49
0.667543310637834 0.48950000000000005
0.667543310637834 0.489
0.66857826150704 0.48850000000000005
0.66857826150704 0.488
0.6706481632454518 0.48750000000000004
0.6727180649838638 0.487
0.6727180649838638 0.48650000000000004
0.6737530158530697 0.486
0.6747879667222757 0.48550000000000004
0.6758229175914816 0.485
0.6758229175914816 0.48450000000000004
0.6789277701990994 0.484
0.6789277701990994 0.48350000000000004
0.6799627210683054 0.483
0.6809976719375114 0.48250000000000004
0.6809976719375114 0.482
0.6851374754143351 0.48150000000000004
0.6851374754143351 0.481
0.686172426283541 0.48050000000000004
0.686172426283541 0.48
0.6872073771527469 0.47950000000000004
0.688242328021953 0.479
0.6903122297603648 0.47850000000000004
0.6903122297603648 0.478
0.6913471806295708 0.47750000000000004
0.6923821314987767 0.477
0.6923821314987767 0.47650000000000003
0.6944520332371886 0.476
0.6965219349756004 0.47550000000000003
0.6975568858448065 0.475
0.6975568858448065 0.47450000000000003
0.6975568858448065 0.474
0.6985918367140124 0.47350000000000003
0.6985918367140124 0.473
0.7006617384524243 0.47250000000000003
0.7006617384524243 0.472
0.7027316401908361 0.47150000000000003
0.7027316401908361 0.471
0.7027316401908361 0.47050000000000003
0.7037665910600421 0.47
0.7037665910600421 0.46950000000000003
0.7037665910600421 0.469
0.7037665910600421 0.4685
0.704801541929248 0.46799999999999997
0.705836492798454 0.4675
0.705836492798454 0.46699999999999997
0.70687144366766 0.4665
0.70687144366766 0.46599999999999997
0.7079063945368659 0.4655
0.7089413454060718 0.46499999999999997
0.7110112471444837 0.4645
0.7120461980136896 0.46399999999999997
0.7120461980136896 0.4635
0.7130811488828956 0.46299999999999997
0.7130811488828956 0.4625
0.7141160997521016 0.46199999999999997
0.7141160997521016 0.4615
0.7141160997521016 0.46099999999999997
0.7151510506213075 0.4605
0.7161860014905135 0.45999999999999996
0.7172209523597194 0.4595
0.7182559032289253 0.45899999999999996
0.7192908540981312 0.4585
0.7192908540981312 0.45799999999999996
0.7192908540981312 0.4575
0.7203258049673372 0.45699999999999996
0.7213607558365431 0.4565
0.7213607558365431 0.45599999999999996
0.722395706705749 0.4555
0.724465608444161 0.45499999999999996
0.7255005593133669 0.4545
0.7255005593133669 0.45399999999999996
0.7265355101825729 0.4535
0.7265355101825729 0.45299999999999996
0.7265355101825729 0.4525
0.7265355101825729 0.45199999999999996
0.7296403627901907 0.4515
0.7296403627901907 0.45099999999999996
0.7296403627901907 0.4505
0.7306753136593966 0.44999999999999996
0.7306753136593966 0.4495
0.7306753136593966 0.44899999999999995
0.7317102645286025 0.4485
0.7348151171362204 0.44799999999999995
0.7379199697438382 0.4475
0.7379199697438382 0.44699999999999995
0.7379199697438382 0.4465
0.7389549206130442 0.44599999999999995
0.7389549206130442 0.4455
0.743094724089868 0.44499999999999995
0.7441296749590739 0.4445
0.7451646258282799 0.44399999999999995
0.7451646258282799 0.4435
0.7461995766974858 0.44299999999999995
0.7461995766974858 0.4425
0.7472345275666917 0.44199999999999995
0.7482694784358978 0.4415
0.7482694784358978 0.44099999999999995
0.7493044293051037 0.4405
0.7493044293051037 0.43999999999999995
0.7513743310435155 0.4395
0.7513743310435155 0.43899999999999995
0.7513743310435155 0.4385
0.7524092819127215 0.43799999999999994
0.7524092819127215 0.4375
0.7534442327819274 0.43700000000000006
0.7565490853895452 0.4365
0.7575840362587511 0.43600000000000005
0.761723839735575 0.4355
0.7637937414739868 0.43500000000000005
0.7648286923431928 0.4345
0.7658636432123987 0.43400000000000005
0.7658636432123987 0.4335
0.7668985940816047 0.43300000000000005
0.7679335449508107 0.4325
0.7689684958200166 0.43200000000000005
0.7700034466892225 0.4315
0.7700034466892225 0.43100000000000005
0.7700034466892225 0.4305
0.7710383975584285 0.43000000000000005
0.7720733484276344 0.4295
0.7731082992968403 0.42900000000000005
0.7751782010352523 0.4285
0.7751782010352523 0.42800000000000005
0.7762131519044582 0.4275
0.7772481027736642 0.42700000000000005
0.7772481027736642 0.4265
0.779318004512076 0.42600000000000005
0.780352955381282 0.4255
0.7813879062504879 0.42500000000000004
0.7813879062504879 0.4245
0.7824228571196938 0.42400000000000004
0.7824228571196938 0.4235
0.7834578079888999 0.42300000000000004
0.7844927588581058 0.4225
0.7844927588581058 0.42200000000000004
0.7844927588581058 0.4215
0.7855277097273117 0.42100000000000004
0.7855277097273117 0.4205
0.7865626605965176 0.42000000000000004
0.7865626605965176 0.4195
0.7865626605965176 0.41900000000000004
0.7875976114657236 0.4185
0.7886325623349295 0.41800000000000004
0.7907024640733414 0.4175
0.7917374149425473 0.41700000000000004
0.7938073166809593 0.4165
0.7948422675501652 0.41600000000000004
0.7948422675501652 0.4155
0.7958772184193711 0.41500000000000004
0.7969121692885771 0.4145
0.7969121692885771 0.41400000000000003
0.797947120157783 0.4135
0.7989820710269889 0.41300000000000003
0.7989820710269889 0.4125
0.7989820710269889 0.41200000000000003
0.7989820710269889 0.4115
0.800017021896195 0.41100000000000003
0.800017021896195 0.4105
0.8010519727654009 0.41000000000000003
0.8010519727654009 0.4095
0.8020869236346068 0.40900000000000003
0.8020869236346068 0.4085
0.8020869236346068 0.40800000000000003
0.8031218745038128 0.4075
0.8031218745038128 0.40700000000000003
0.8041568253730187 0.4065
0.8041568253730187 0.406
0.8041568253730187 0.40549999999999997
0.8041568253730187 0.405
0.8051917762422246 0.40449999999999997
0.8051917762422246 0.404
0.8051917762422246 0.40349999999999997
0.8082966288498424 0.403
0.8093315797190485 0.40249999999999997
0.8093315797190485 0.402
0.8093315797190485 0.40149999999999997
0.8114014814574603 0.401
0.8114014814574603 0.40049999999999997
0.8134713831958722 0.4
0.8134713831958722 0.39949999999999997
0.8134713831958722 0.399
0.8155412849342841 0.39849999999999997
0.81657623580349 0.398
0.81657623580349 0.39749999999999996
0.8186461375419019 0.397
0.8196810884111079 0.39649999999999996
0.8207160392803138 0.396
0.8238208918879316 0.39549999999999996
0.8238208918879316 0.395
0.8248558427571375 0.39449999999999996
0.8248558427571375 0.394
0.8248558427571375 0.39349999999999996
0.8248558427571375 0.393
0.8258907936263435 0.39249999999999996
0.8300305971031673 0.392
0.8321004988415792 0.39149999999999996
0.8331354497107851 0.391
0.834170400579991 0.39049999999999996
0.834170400579991 0.39
0.835205351449197 0.38949999999999996
0.835205351449197 0.389
0.836240302318403 0.38849999999999996
0.8372752531876089 0.388
0.8383102040568149 0.38749999999999996
0.8393451549260208 0.387
0.8393451549260208 0.38649999999999995
0.8393451549260208 0.386
0.8414150566644327 0.38549999999999995
0.8424500075336386 0.385
0.8434849584028445 0.38449999999999995
0.8455548601412565 0.384
0.8455548601412565 0.38349999999999995
0.8476247618796684 0.383
0.8476247618796684 0.38249999999999995
0.8476247618796684 0.382
0.8486597127488743 0.38149999999999995
0.8507296144872862 0.381
0.8517645653564921 0.38049999999999995
0.853834467094904 0.38
0.85486941796411 0.37949999999999995
0.8559043688333159 0.379
0.8559043688333159 0.37849999999999995
0.8559043688333159 0.378
0.8579742705717278 0.37749999999999995
0.8590092214409337 0.377
0.8600441723101396 0.37649999999999995
0.8610791231793457 0.376
0.8641839757869635 0.37549999999999994
0.8652189266561694 0.375
0.8662538775253753 0.37450000000000006
0.8683237792637872 0.374
0.8703936810021992 0.37350000000000005
0.8714286318714051 0.373
0.873498533609817 0.37250000000000005
0.873498533609817 0.372
0.8745334844790229 0.37150000000000005
0.8745334844790229 0.371
0.8745334844790229 0.37050000000000005
0.8755684353482288 0.37
0.8755684353482288 0.36950000000000005
0.8755684353482288 0.369
0.8755684353482288 0.36850000000000005
0.8766033862174348 0.368
0.8776383370866407 0.36750000000000005
0.8776383370866407 0.367
0.8786732879558466 0.36650000000000005
0.8797082388250527 0.366
0.8817781405634645 0.36550000000000005
0.8828130914326705 0.365
0.8848829931710823 0.36450000000000005
0.8859179440402882 0.364
0.8869528949094942 0.36350000000000005
0.8879878457787002 0.363
0.8890227966479061 0.36250000000000004
0.8890227966479061 0.362
0.891092698386318 0.36150000000000004
0.891092698386318 0.361
0.8921276492555239 0.36050000000000004
0.8931626001247299 0.36
0.8941975509939358 0.35950000000000004
0.8952325018631417 0.359
0.8952325018631417 0.35850000000000004
0.8983373544707596 0.358
0.8993723053399656 0.35750000000000004
0.8993723053399656 0.357
0.9004072562091715 0.35650000000000004
0.9014422070783774 0.356
0.9024771579475834 0.35550000000000004
0.9035121088167893 0.355
0.9035121088167893 0.35450000000000004
0.9045470596859952 0.354
0.9055820105552013 0.35350000000000004
0.9076519122936131 0.353
0.9076519122936131 0.35250000000000004
0.9076519122936131 0.352
0.9086868631628191 0.35150000000000003
0.9107567649012309 0.351
0.9117917157704369 0.35050000000000003
0.9148965683780548 0.35
0.9159315192472607 0.34950000000000003
0.9180014209856725 0.349
0.9190363718548785 0.34850000000000003
0.9211062735932903 0.348
0.9221412244624964 0.34750000000000003
0.9221412244624964 0.347
0.9221412244624964 0.34650000000000003
0.9221412244624964 0.346
0.9252460770701142 0.34550000000000003
0.9252460770701142 0.345
0.9262810279393201 0.34450000000000003
0.9262810279393201 0.344
0.9324907331545558 0.3435
0.9324907331545558 0.34299999999999997
0.9324907331545558 0.3425
0.9335256840237617 0.34199999999999997
0.9335256840237617 0.3415
0.9345606348929677 0.34099999999999997
0.9355955857621736 0.3405
0.9366305366313795 0.33999999999999997
0.9387004383697914 0.3395
0.9387004383697914 0.33899999999999997
0.9397353892389974 0.3385
0.9397353892389974 0.33799999999999997
0.9407703401082034 0.3375
0.9407703401082034 0.33699999999999997
0.9438751927158212 0.3365
0.9438751927158212 0.33599999999999997
0.946980045323439 0.3355
0.948014996192645 0.33499999999999996
0.9490499470618509 0.3345
0.9490499470618509 0.33399999999999996
0.9490499470618509 0.3335
0.9500848979310569 0.33299999999999996
0.9511198488002628 0.3325
0.9511198488002628 0.33199999999999996
0.9562946031462924 0.3315
0.9562946031462924 0.33099999999999996
0.9562946031462924 0.3305
0.9562946031462924 0.32999999999999996
0.9583645048847044 0.3295
0.9593994557539103 0.32899999999999996
0.9625043083615281 0.3285
0.9625043083615281 0.32799999999999996
0.9625043083615281 0.3275
0.9625043083615281 0.32699999999999996
0.9625043083615281 0.3265
0.9635392592307341 0.32599999999999996
0.96457421009994 0.3255
0.96457421009994 0.32499999999999996
0.965609160969146 0.3245
0.9676790627075579 0.32399999999999995
0.9687140135767638 0.3235
0.9687140135767638 0.32299999999999995
0.9697489644459698 0.3225
0.9707839153151757 0.32199999999999995
0.9718188661843816 0.3215
0.9749237187919995 0.32099999999999995
0.9769936205304114 0.3205
0.9790635222688233 0.31999999999999995
0.9790635222688233 0.3195
0.9800984731380292 0.31899999999999995
0.9811334240072351 0.3185
0.9821683748764412 0.31799999999999995
0.9821683748764412 0.3175
0.9821683748764412 0.31699999999999995
0.9832033257456471 0.3165
0.9832033257456471 0.31599999999999995
0.9832033257456471 0.3155
0.984238276614853 0.31499999999999995
0.9852732274840589 0.3145
0.9863081783532649 0.31399999999999995
0.9863081783532649 0.3135
0.9873431292224708 0.31299999999999994
0.9883780800916767 0.3125
0.9883780800916767 0.31200000000000006
0.9894130309608827 0.3115
0.9904479818300886 0.31100000000000005
0.9904479818300886 0.3105
0.9914829326992946 0.31000000000000005
0.9945877853069124 0.3095
0.9945877853069124 0.30900000000000005
0.9966576870453243 0.3085
0.9966576870453243 0.30800000000000005
0.9987275887837362 0.3075
0.9987275887837362 0.30700000000000005
1.00286739226056 0.3065
1.0059722448681778 0.30600000000000005
1.0059722448681778 0.3055
1.0059722448681778 0.30500000000000005
1.0070071957373838 0.3045
1.0121819500834135 0.30400000000000005
1.0142518518218253 0.3035
1.0142518518218253 0.30300000000000005
1.0142518518218253 0.3025
1.0142518518218253 0.30200000000000005
1.0152868026910313 0.3015
1.0152868026910313 0.30100000000000005
1.0183916552986492 0.3005
1.0194266061678552 0.30000000000000004
1.0194266061678552 0.2995
1.0194266061678552 0.29900000000000004
1.020461557037061 0.2985
1.020461557037061 0.29800000000000004
1.022531458775473 0.2975
1.022531458775473 0.29700000000000004
1.022531458775473 0.2965
1.0235664096446788 0.29600000000000004
1.0266712622522967 0.2955
1.0287411639907087 0.29500000000000004
1.0308110657291205 0.2945
1.0318460165983265 0.29400000000000004
1.0328809674675323 0.2935
1.0339159183367383 0.29300000000000004
1.0339159183367383 0.2925
1.0349508692059441 0.29200000000000004
1.0359858200751502 0.2915
1.039090672682768 0.29100000000000004
1.040125623551974 0.2905
1.0421955252903858 0.29000000000000004
1.0432304761595919 0.2895
1.0473702796364155 0.28900000000000003
1.0473702796364155 0.2885
1.0473702796364155 0.28800000000000003
1.0484052305056215 0.2875
1.0484052305056215 0.28700000000000003
1.0494401813748275 0.2865
1.0504751322440333 0.28600000000000003
1.0515100831132393 0.2855
1.0525450339824454 0.28500000000000003
1.0535799848516512 0.2845
1.0546149357208572 0.28400000000000003
1.056684837459269 0.2835
1.0597896900668868 0.28300000000000003
1.0608246409360929 0.2825
1.0628945426745047 0.28200000000000003
1.0628945426745047 0.2815
1.0628945426745047 0.281
1.0659993952821225 0.28049999999999997
1.0680692970205345 0.28
1.0701391987589464 0.27949999999999997
1.0711741496281524 0.279
1.0722091004973582 0.27849999999999997
1.0732440513665642 0.278
1.0732440513665642 0.27749999999999997
1.0732440513665642 0.277
1.0742790022357702 0.27649999999999997
1.0742790022357702 0.276
1.077383854843388 0.27549999999999997
1.077383854843388 0.275
1.0794537565817999 0.27449999999999997
1.0794537565817999 0.274
1.080488707451006 0.27349999999999997
1.0815236583202117 0.273
1.0825586091894177 0.27249999999999996
1.0835935600586237 0.272
1.0846285109278295 0.27149999999999996
1.0846285109278295 0.271
1.0887683144046534 0.27049999999999996
1.0898032652738594 0.27
1.0929081178814772 0.26949999999999996
1.094978019619889 0.269
1.0970479213583009 0.26849999999999996
1.0970479213583009 0.268
1.099117823096713 0.26749999999999996
1.099117823096713 0.267
1.1022226757043305 0.26649999999999996
1.1073974300503604 0.266
1.1073974300503604 0.26549999999999996
1.1084323809195662 0.265
1.1094673317887722 0.26449999999999996
1.1094673317887722 0.264
1.1105022826579782 0.26349999999999996
1.113607135265596 0.263
1.1187818896116257 0.26249999999999996
1.1198168404808317 0.262
1.1208517913500375 0.26149999999999995
1.1208517913500375 0.261
1.1218867422192436 0.26049999999999995
1.1239566439576554 0.26
1.1249915948268614 0.25949999999999995
1.1270614965652732 0.259
1.1280964474344792 0.25849999999999995
1.1280964474344792 0.258
1.1280964474344792 0.25749999999999995
1.1332712017805089 0.257
1.1332712017805089 0.25649999999999995
1.134306152649715 0.256
1.1363760543881267 0.25549999999999995
1.1363760543881267 0.255
1.1374110052573327 0.25449999999999995
1.1405158578649506 0.254
1.1405158578649506 0.25349999999999995
1.1436207104725684 0.253
1.1446556613417744 0.25249999999999995
1.1456906122109802 0.252
1.1477605139493923 0.25149999999999995
1.148795464818598 0.251
1.148795464818598 0.25049999999999994
1.148795464818598 0.25
1.148795464818598 0.24950000000000006
1.153970219164628 0.249
1.1550051700338337 0.24850000000000005
1.1550051700338337 0.248
1.1560401209030398 0.24750000000000005
1.1581100226414516 0.247
1.1591449735106576 0.24650000000000005
1.1601799243798636 0.246
1.1612148752490694 0.24550000000000005
1.1643197278566872 0.245
1.1653546787258933 0.24450000000000005
1.1663896295950993 0.244
1.167424580464305 0.24350000000000005
1.168459531333511 0.243
1.169494482202717 0.24250000000000005
1.170529433071923 0.242
1.1725993348103347 0.24150000000000005
1.1725993348103347 0.241
1.1725993348103347 0.24050000000000005
1.1777740891563646 0.24
1.1798439908947764 0.23950000000000005
1.1819138926331882 0.239
1.1829488435023943 0.23850000000000005
1.1829488435023943 0.238
1.1839837943716003 0.23750000000000004
1.185018745240806 0.237
1.186053696110012 0.23650000000000004
1.186053696110012 0.236
1.1870886469792181 0.23550000000000004
1.1870886469792181 0.235
1.18915854871763 0.23450000000000004
1.190193499586836 0.23399999999999999
1.1912284504560418 0.23350000000000004
1.1912284504560418 0.23299999999999998
1.1912284504560418 0.23250000000000004
1.1922634013252478 0.23199999999999998
1.1922634013252478 0.23150000000000004
1.1932983521944538 0.23099999999999998
1.1953682539328656 0.23050000000000004
1.1974381556712774 0.22999999999999998
1.1995080574096895 0.22950000000000004
1.2015779591481013 0.22899999999999998
1.2026129100173073 0.22850000000000004
1.203647860886513 0.22799999999999998
1.206752713494131 0.22750000000000004
1.207787664363337 0.22699999999999998
1.2098575661017488 0.22650000000000003
1.2108925169709548 0.22599999999999998
1.2129624187093666 0.22550000000000003
1.2129624187093666 0.22499999999999998
1.2150323204477786 0.22450000000000003
1.2160672713169844 0.22399999999999998
1.2160672713169844 0.22350000000000003
1.2171022221861905 0.22299999999999998
1.2191721239246023 0.22250000000000003
1.2191721239246023 0.22199999999999998
1.2212420256630143 0.22150000000000003
1.2212420256630143 0.22099999999999997
1.2222769765322201 0.22050000000000003
1.2243468782706322 0.21999999999999997
1.225381829139838 0.21950000000000003
1.226416780009044 0.21899999999999997
1.226416780009044 0.21850000000000003
1.22745173087825 0.21799999999999997
1.2284866817474558 0.21750000000000003
1.2315915343550736 0.21699999999999997
1.2326264852242796 0.21650000000000003
1.2357313378318975 0.21599999999999997
1.2367662887011033 0.21550000000000002
1.2378012395703093 0.21499999999999997
1.2409060921779271 0.21450000000000002
1.245045895654751 0.21399999999999997
1.2481507482623688 0.21350000000000002
1.2491856991315746 0.21299999999999997
1.2522905517391925 0.21250000000000002
1.2543604534776045 0.21199999999999997
1.2585002569544281 0.21150000000000002
1.2595352078236342 0.21099999999999997
1.2605701586928402 0.21050000000000002
1.261605109562046 0.20999999999999996
1.261605109562046 0.20950000000000002
1.262640060431252 0.20899999999999996
1.263675011300458 0.20850000000000002
1.2647099621696638 0.20799999999999996
1.2647099621696638 0.20750000000000002
1.2647099621696638 0.20699999999999996
1.2667798639080758 0.20650000000000002
1.2688497656464877 0.20599999999999996
1.2698847165156937 0.20550000000000002
1.2709196673848995 0.20499999999999996
1.2709196673848995 0.20450000000000002
1.2719546182541055 0.20399999999999996
1.2740245199925173 0.20350000000000001
1.2740245199925173 0.20299999999999996
1.2740245199925173 0.2025
1.2760944217309294 0.20199999999999996
1.2760944217309294 0.2015
1.2771293726001351 0.20099999999999996
1.2771293726001351 0.2005
1.2771293726001351 0.19999999999999996
1.2791992743385472 0.1995
1.281269176076959 0.19899999999999995
1.2833390778153708 0.1985
1.2874788812921947 0.19799999999999995
1.2885138321614007 0.1975
1.2885138321614007 0.19699999999999995
1.2895487830306065 0.1965
1.2916186847690185 0.19599999999999995
1.2957584882458422 0.1955
1.2978283899842542 0.19499999999999995
1.29886334085346 0.1945
1.29886334085346 0.19399999999999995
1.29886334085346 0.1935
1.3040380951994897 0.19299999999999995
1.3061079969379017 0.1925
1.3081778986763135 0.19199999999999995
1.3081778986763135 0.1915
1.3102478004147253 0.19099999999999995
1.3112827512839313 0.1905
1.316457505629961 0.18999999999999995
1.317492456499167 0.1895
1.3195623582375788 0.18899999999999995
1.3247371125836087 0.1885
1.3257720634528145 0.18799999999999994
1.3268070143220205 0.1875
1.3288769160604323 0.18700000000000006
1.3319817686680502 0.1865
1.3319817686680502 0.18600000000000005
1.3340516704064622 0.1855
1.3340516704064622 0.18500000000000005
1.335086621275668 0.1845
1.340261375621698 0.18400000000000005
1.340261375621698 0.1835
1.3423312773601097 0.18300000000000005
1.3454361299677275 0.1825
1.3464710808369336 0.18200000000000005
1.3464710808369336 0.1815
1.3506108843137572 0.18100000000000005
1.3516458351829632 0.1805
1.355785638659787 0.18000000000000005
1.358890491267405 0.1795
1.3619953438750227 0.17900000000000005
1.3619953438750227 0.1785
1.3630302947442285 0.17800000000000005
1.3630302947442285 0.1775
1.3640652456134346 0.17700000000000005
1.3640652456134346 0.1765
1.3651001964826406 0.17600000000000005
1.3671700982210524 0.1755
1.3744147543054939 0.17500000000000004
1.376484656043906 0.1745
1.3785545577823177 0.17400000000000004
1.3785545577823177 0.1735
1.3785545577823177 0.17300000000000004
1.3806244595207295 0.1725
1.3826943612591416 0.17200000000000004
1.3868341647359652 0.17149999999999999
1.3889040664743773 0.17100000000000004
1.389939017343583 0.17049999999999998
1.390973968212789 0.17000000000000004
1.3961487225588187 0.16949999999999998
1.3961487225588187 0.16900000000000004
1.3971836734280247 0.16849999999999998
1.4002885260356426 0.16800000000000004
1.4013234769048486 0.16749999999999998
1.4023584277740544 0.16700000000000004
1.4044283295124664 0.16649999999999998
1.411672985596908 0.16600000000000004
1.412707936466114 0.16549999999999998
1.41374288733532 0.16500000000000004
1.41374288733532 0.16449999999999998
1.4158127890737318 0.16400000000000003
1.4189176416813496 0.16349999999999998
1.4189176416813496 0.16300000000000003
1.4199525925505556 0.16249999999999998
1.4199525925505556 0.16200000000000003
1.4230574451581735 0.16149999999999998
1.4230574451581735 0.16100000000000003
1.4261622977657913 0.16049999999999998
1.427197248634997 0.16000000000000003
1.427197248634997 0.15949999999999998
1.4344419047194388 0.15900000000000003
1.4354768555886446 0.15849999999999997
1.4365118064578506 0.15800000000000003
1.4385817081962624 0.15749999999999997
1.4385817081962624 0.15700000000000003
1.4396166590654684 0.15649999999999997
1.4427215116730863 0.15600000000000003
1.4427215116730863 0.15549999999999997
1.445826364280704 0.15500000000000003
1.4468613151499101 0.15449999999999997
1.448931216888322 0.15400000000000003
1.449966167757528 0.15349999999999997
1.4520360694959398 0.15300000000000002
1.4582457747111754 0.15249999999999997
1.4592807255803815 0.15200000000000002
1.4592807255803815 0.15149999999999997
1.4603156764495873 0.15100000000000002
1.4603156764495873 0.15049999999999997
1.4613506273187933 0.15000000000000002
1.4613506273187933 0.14949999999999997
1.4613506273187933 0.14900000000000002
1.4623855781879993 0.14849999999999997
1.4623855781879993 0.14800000000000002
1.4623855781879993 0.14749999999999996
1.463420529057205 0.14700000000000002
1.4644554799264111 0.14649999999999996
1.4654904307956171 0.14600000000000002
1.466525381664823 0.14549999999999996
1.466525381664823 0.14500000000000002
1.466525381664823 0.14449999999999996
1.467560332534029 0.14400000000000002
1.4706651851416468 0.14349999999999996
1.4717001360108528 0.14300000000000002
1.4779098412260885 0.14249999999999996
1.4779098412260885 0.14200000000000002
1.4779098412260885 0.14149999999999996
1.4810146938337063 0.14100000000000001
1.4810146938337063 0.14049999999999996
1.4841195464413242 0.14
1.4892943007873538 0.13949999999999996
1.4903292516565598 0.139
1.4944690551333835 0.13849999999999996
1.4944690551333835 0.138
1.4965389568717955 0.13749999999999996
1.4965389568717955 0.137
1.4975739077410013 0.13649999999999995
1.4975739077410013 0.136
1.503783612956237 0.13549999999999995
1.503783612956237 0.135
1.5089583673022666 0.13449999999999995
1.5099933181714726 0.134
1.5141331216482965 0.13349999999999995
1.5141331216482965 0.133
1.5172379742559143 0.13249999999999995
1.5182729251251201 0.132
1.52344767947115 0.13149999999999995
1.52344767947115 0.131
1.5265525320787678 0.13049999999999995
1.5327622372940035 0.13
1.5431117459860628 0.12949999999999995
1.5441466968552688 0.129
1.5451816477244749 0.12849999999999995
1.5462165985936807 0.128
1.5462165985936807 0.12749999999999995
1.5472515494628867 0.127
1.5482865003320927 0.12649999999999995
1.5544962055473284 0.126
1.5544962055473284 0.12549999999999994
1.5555311564165342 0.125
1.5555311564165342 0.12450000000000006
1.5565661072857402 0.124
1.558636009024152 0.12350000000000005
1.5627758125009759 0.123
1.5679505668470055 0.12250000000000005
1.5679505668470055 0.122
1.5679505668470055 0.12150000000000005
1.5689855177162115 0.121
1.5700204685854173 0.12050000000000005
1.5710554194546233 0.12
1.5751952229314472 0.11950000000000005
1.578300075539065 0.119
1.5814049281466829 0.11850000000000005
1.5834748298850947 0.118
1.595894240315566 0.11750000000000005
1.596929191184772 0.11699999999999999
1.5989990929231839 0.11650000000000005
1.60003404379239 0.11599999999999999
1.6021039455308017 0.11550000000000005
1.6031388964000077 0.11499999999999999
1.6041738472692135 0.11450000000000005
1.6052087981384195 0.11399999999999999
1.6062437490076256 0.11350000000000005
1.6083136507460374 0.11299999999999999
1.6103835524844492 0.11250000000000004
1.6114185033536552 0.11199999999999999
1.6114185033536552 0.11150000000000004
1.613488405092067 0.11099999999999999
1.6248728646533326 0.11050000000000004
1.632117520737774 0.10999999999999999
1.63315247160698 0.10950000000000004
1.636257324214598 0.10899999999999999
1.6435019802990394 0.10850000000000004
1.6435019802990394 0.10799999999999998
1.649711685514275 0.10750000000000004
1.6528165381218929 0.10699999999999998
1.6528165381218929 0.10650000000000004
1.653851488991099 0.10599999999999998
1.654886439860305 0.10550000000000004
1.6569563415987167 0.10499999999999998
1.6662708994215703 0.10450000000000004
1.6662708994215703 0.10399999999999998
1.668340801159982 0.10350000000000004
1.672480604636806 0.10299999999999998
1.6786903098520416 0.10250000000000004
1.6786903098520416 0.10199999999999998
1.6797252607212476 0.10150000000000003
1.6807602115904534 0.10099999999999998
1.6817951624596594 0.10050000000000003
1.6828301133288655 0.09999999999999998
1.6859349659364833 0.09950000000000003
1.6859349659364833 0.09899999999999998
1.688004867674895 0.09850000000000003
1.688004867674895 0.09799999999999998
1.690074769413307 0.09750000000000003
1.6931796220209248 0.09699999999999998
1.6962844746285426 0.09650000000000003
1.6993893272361604 0.09599999999999997
1.70456408158219 0.09550000000000003
1.705599032451396 0.09499999999999997
1.7066339833206021 0.09450000000000003
1.707668934189808 0.09399999999999997
1.708703885059014 0.09350000000000003
1.70973883592822 0.09299999999999997
1.7169834920126614 0.09250000000000003
1.7180184428818674 0.09199999999999997
1.7180184428818674 0.09150000000000003
1.7221582463586913 0.09099999999999997
1.727333000704721 0.09050000000000002
1.7356126076583684 0.08999999999999997
1.7397524111351923 0.08950000000000002
1.7418223128736041 0.08899999999999997
1.7438922146120162 0.08850000000000002
1.7438922146120162 0.08799999999999997
1.746997067219634 0.08750000000000002
1.7480320180888398 0.08699999999999997
1.7532067724348697 0.08650000000000002
1.7573465759116933 0.08599999999999997
1.7614863793885172 0.08550000000000002
1.7676960846037528 0.08499999999999996
1.7708009372113707 0.08450000000000002
1.7718358880805765 0.08399999999999996
1.7728708389497825 0.08350000000000002
1.7780455932958121 0.08299999999999996
1.7801154950342242 0.08250000000000002
1.7842552985110478 0.08199999999999996
1.7925349054646955 0.08150000000000002
1.7925349054646955 0.08099999999999996
1.7935698563339013 0.08050000000000002
1.7935698563339013 0.07999999999999996
1.8070242176335787 0.07950000000000002
1.8080591685027847 0.07899999999999996
1.8101290702411965 0.07850000000000001
1.8111640211104025 0.07799999999999996
1.8111640211104025 0.07750000000000001
1.8121989719796083 0.07699999999999996
1.8132339228488144 0.07650000000000001
1.81944362806405 0.07599999999999996
1.820478578933256 0.07550000000000001
1.8215135298024618 0.07499999999999996
1.8256533332792857 0.07450000000000001
1.8318630384945214 0.07399999999999995
1.8349678911021392 0.07350000000000001
1.837037792840551 0.07299999999999995
1.8401426454481689 0.07250000000000001
1.8432474980557867 0.07199999999999995
1.8453173997941985 0.07150000000000001
1.8473873015326105 0.07099999999999995
1.8473873015326105 0.07050000000000001
1.8484222524018163 0.06999999999999995
1.8494572032710224 0.0695
1.8515271050094342 0.06899999999999995
1.8525620558786402 0.0685
1.8525620558786402 0.06799999999999995
1.8535970067478462 0.0675
1.856701859355464 0.06699999999999995
1.8577368102246699 0.0665
1.8587717610938759 0.06599999999999995
1.8660164171783176 0.0655
1.8670513680475234 0.06499999999999995
1.8670513680475234 0.0645
1.8805057293472007 0.06399999999999995
1.8825756310856125 0.0635
1.8846455328240246 0.06299999999999994
1.8887853363008482 0.0625
1.8887853363008482 0.062000000000000055
1.8908552380392603 0.0615
1.894995041516084 0.061000000000000054
1.9001697958621138 0.0605
1.9012047467313196 0.06000000000000005
1.910519304554173 0.0595
1.9125892062925849 0.05900000000000005
1.913624157161791 0.058499999999999996
1.913624157161791 0.05800000000000005
1.9177639606386148 0.057499999999999996
1.9187989115078206 0.05700000000000005
1.931218321938292 0.056499999999999995
1.9488124867147931 0.05600000000000005
1.951917339322411 0.055499999999999994
1.9560571427992346 0.05500000000000005
1.9570920936684406 0.05449999999999999
1.965371700622088 0.05400000000000005
1.969511504098912 0.05349999999999999
1.969511504098912 0.05300000000000005
1.9715814058373238 0.05249999999999999
1.9715814058373238 0.052000000000000046
1.9757212093141476 0.05149999999999999
1.9767561601833534 0.051000000000000045
1.987105668875413 0.05049999999999999
2.00056003017509 0.050000000000000044
2.002629931913502 0.04949999999999999
2.008839637128738 0.049000000000000044
2.01090953886715 0.04849999999999999
2.0129794406055614 0.04800000000000004
2.0160842932131793 0.04749999999999999
2.0181541949515913 0.04700000000000004
2.021259047559209 0.046499999999999986
2.027468752774445 0.04600000000000004
2.0326435071204747 0.045499999999999985
2.037818261466504 0.04500000000000004
2.0512726227661817 0.044499999999999984
2.0678318366734767 0.04400000000000004
2.079216296234742 0.04349999999999998
2.081286197973154 0.04300000000000004
2.083356099711566 0.04249999999999998
2.0906007557960073 0.04200000000000004
2.0926706575344194 0.04149999999999998
2.093705608403625 0.041000000000000036
2.0957755101420372 0.04049999999999998
2.101985215357273 0.040000000000000036
2.1144046257877442 0.03949999999999998
2.117509478395362 0.039000000000000035
2.1247541344798035 0.03849999999999998
2.134068692302657 0.038000000000000034
2.137173544910275 0.03749999999999998
2.1444182009947164 0.03700000000000003
2.150627906209952 0.03649999999999998
2.1640822675096296 0.03600000000000003
2.1837463340245424 0.035499999999999976
2.193060891847396 0.03500000000000003
2.1972006953242196 0.034499999999999975
2.2034104005394552 0.03400000000000003
2.2210045653159565 0.033499999999999974
2.2210045653159565 0.03300000000000003
2.2220395161851623 0.03249999999999997
2.223074467054368 0.03200000000000003
2.226179319661986 0.03149999999999997
2.227214270531192 0.031000000000000028
2.228249221400398 0.03049999999999997
2.233423975746428 0.030000000000000027
2.2385987300924572 0.02949999999999997
2.243773484438487 0.029000000000000026
2.248948238784517 0.02849999999999997
2.2551579439997527 0.028000000000000025
2.2551579439997527 0.02749999999999997
2.2727521087762534 0.027000000000000024
2.278961813991489 0.026499999999999968
2.287241420945137 0.026000000000000023
2.2934511261603725 0.025499999999999967
2.2955210278987845 0.025000000000000022
2.304835585721638 0.024499999999999966
2.307940438329256 0.02400000000000002
2.316220045282903 0.023499999999999965
2.3307093574517865 0.02300000000000002
2.3524433257051114 0.022499999999999964
2.3524433257051114 0.02200000000000002
2.353478276574317 0.021499999999999964
2.354513227443523 0.02100000000000002
2.3648627361355827 0.020499999999999963
2.3648627361355827 0.020000000000000018
2.3679675887432006 0.019499999999999962
2.376247195696848 0.019000000000000017
2.3855617535197013 0.01849999999999996
2.388666606127319 0.018000000000000016
2.4010860165577905 0.01749999999999996
2.417645230465086 0.017000000000000015
2.420750083072704 0.01649999999999996
2.4217850339419096 0.016000000000000014
2.4238549356803216 0.015499999999999958
2.434204444372381 0.015000000000000013
2.466287921317765 0.014499999999999957
2.484917036963472 0.014000000000000012
2.484917036963472 0.013499999999999956
2.4983713982631492 0.013000000000000012
2.5345946786853575 0.012499999999999956
2.5356296295545633 0.01200000000000001
2.5521888434618587 0.011499999999999955
2.560468450415506 0.01100000000000001
2.6060062886605677 0.010499999999999954
2.6267053060446863 0.010000000000000009
2.6453344216903933 0.009499999999999953
2.6525790777748353 0.009000000000000008
2.653614028644041 0.008499999999999952
2.6691382916821302 0.008000000000000007
2.67431304602816 0.007499999999999951
2.675347996897366 0.007000000000000006
2.7012217686275144 0.00649999999999995
2.7415848525265463 0.006000000000000005
2.798507150332873 0.005499999999999949
2.8399051851011112 0.0050000000000000044
2.844044988577935 0.0044999999999999485
2.9071769915994974 0.0040000000000000036
2.9434002720217056 0.0034999999999999476
2.991008012005179 0.0030000000000000027
2.991008012005179 0.0024999999999999467
3.0551749658959473 0.0020000000000000018
3.119341919786716 0.0014999999999999458
3.3159825849358455 0.0010000000000000009
3.559196039199242 0.0004999999999999449
