# NormalizedAsset CCDF
0.0012919453528568944 1.0
0.0012919453528568944 0.9995
0.0012919453528568944 0.999
0.0012919453528568944 0.9985
0.0012919453528568944 0.998
0.0012919453528568944 0.9975
0.0012919453528568944 0.997
0.0012919453528568944 0.9965
0.003875836058570683 0.996
0.003875836058570683 0.9955
0.003875836058570683 0.995
0.003875836058570683 0.9945
0.003875836058570683 0.994
0.0051677814114275775 0.9935
0.0051677814114275775 0.993
0.0064597267642844715 0.9925
0.0064597267642844715 0.992
0.0064597267642844715 0.9915
0.0064597267642844715 0.991
0.0064597267642844715 0.9905
0.0064597267642844715 0.99
0.007751672117141366 0.9895
0.007751672117141366 0.989
0.009043617469998261 0.9885
0.009043617469998261 0.988
0.009043617469998261 0.9875
0.009043617469998261 0.987
0.009043617469998261 0.9865
0.009043617469998261 0.986
0.010335562822855155 0.9855
0.012919453528568943 0.985
0.012919453528568943 0.9845
0.012919453528568943 0.984
0.014211398881425839 0.9835
0.015503344234282733 0.983
0.015503344234282733 0.9825
0.015503344234282733 0.982
0.018087234939996522 0.9815
0.018087234939996522 0.981
0.019379180292853414 0.9805
0.019379180292853414 0.98
0.02067112564571031 0.9795
0.02067112564571031 0.979
0.02067112564571031 0.9785
0.021963070998567202 0.978
0.021963070998567202 0.9775
0.021963070998567202 0.977
0.023255016351424098 0.9765
0.023255016351424098 0.976
0.023255016351424098 0.9755
0.024546961704280994 0.975
0.028422797762851677 0.9745
0.02971474311570857 0.974
0.031006688468565465 0.9735
0.031006688468565465 0.973
0.03229863382142236 0.9725
0.03229863382142236 0.972
0.03229863382142236 0.9715
0.03229863382142236 0.971
0.03229863382142236 0.9705
0.03359057917427925 0.97
0.03359057917427925 0.9695
0.03359057917427925 0.969
0.03359057917427925 0.9685
0.036174469879993044 0.968
0.036174469879993044 0.9675
0.03746641523284994 0.967
0.04005030593856373 0.9665
0.04005030593856373 0.966
0.04134225129142062 0.9655
0.04134225129142062 0.965
0.04134225129142062 0.9645
0.04263419664427751 0.964
0.04263419664427751 0.9635
0.04263419664427751 0.963
0.04263419664427751 0.9625
0.04263419664427751 0.962
0.043926141997134405 0.9615
0.043926141997134405 0.961
0.045218087349991304 0.9605
0.046510032702848196 0.96
0.046510032702848196 0.9595
0.04780197805570509 0.959
0.04780197805570509 0.9585
0.04909392340856199 0.958
0.05038586876141888 0.9575
0.05167781411427577 0.957
0.05167781411427577 0.9565
0.05426170481998956 0.956
0.055553650172846455 0.9555
0.055553650172846455 0.955
0.056845595525703355 0.9545
0.05813754087856025 0.954
0.05942948623141714 0.9535
0.05942948623141714 0.953
0.05942948623141714 0.9525
0.06072143158427403 0.952
0.06201337693713093 0.9515
0.06201337693713093 0.951
0.06201337693713093 0.9505
0.06201337693713093 0.95
0.06330532228998782 0.9495
0.06459726764284472 0.949
0.06459726764284472 0.9485
0.06459726764284472 0.948
0.06459726764284472 0.9475
0.06588921299570161 0.947
0.06588921299570161 0.9465
0.06588921299570161 0.946
0.06588921299570161 0.9455
0.0671811583485585 0.945
0.0671811583485585 0.9445
0.0684731037014154 0.944
0.06976504905427229 0.9435
0.06976504905427229 0.943
0.07105699440712919 0.9425
0.07105699440712919 0.942
0.07234893975998609 0.9415
0.07234893975998609 0.9410000000000001
0.07364088511284297 0.9405
0.07493283046569987 0.94
0.07622477581855677 0.9395
0.07751672117141366 0.9390000000000001
0.07880866652427056 0.9385
0.07880866652427056 0.938
0.07880866652427056 0.9375
0.08010061187712746 0.937
0.08139255722998434 0.9365
0.08268450258284124 0.9359999999999999
0.08268450258284124 0.9355
0.08397644793569814 0.935
0.08397644793569814 0.9345
0.08397644793569814 0.9339999999999999
0.08397644793569814 0.9335
0.08526839328855502 0.933
0.08526839328855502 0.9325
0.08526839328855502 0.9319999999999999
0.08656033864141192 0.9315
0.08785228399426881 0.931
0.08785228399426881 0.9305
0.08785228399426881 0.9299999999999999
0.08914422934712571 0.9295
0.09302006540569639 0.929
0.09302006540569639 0.9285
0.09560395611141018 0.928
0.09689590146426708 0.9275
0.09689590146426708 0.927
0.09689590146426708 0.9265
0.09947979216998086 0.926
0.10206368287569466 0.9255
0.10335562822855154 0.925
0.10335562822855154 0.9245
0.10464757358140844 0.924
0.10464757358140844 0.9235
0.10593951893426534 0.923
0.10593951893426534 0.9225
0.10723146428712223 0.922
0.10852340963997913 0.9215
0.10981535499283603 0.921
0.10981535499283603 0.9205
0.11110730034569291 0.92
0.11110730034569291 0.9195
0.11110730034569291 0.919
0.11369119105140671 0.9185
0.11369119105140671 0.918
0.11369119105140671 0.9175
0.1149831364042636 0.917
0.1149831364042636 0.9165
0.1149831364042636 0.916
0.1149831364042636 0.9155
0.1149831364042636 0.915
0.1162750817571205 0.9145
0.1162750817571205 0.914
0.11756702710997739 0.9135
0.11756702710997739 0.913
0.11756702710997739 0.9125
0.11885897246283428 0.912
0.11885897246283428 0.9115
0.12015091781569118 0.911
0.12144286316854806 0.9105
0.12144286316854806 0.91
0.12144286316854806 0.9095
0.12144286316854806 0.909
0.12144286316854806 0.9085
0.12273480852140496 0.908
0.12273480852140496 0.9075
0.12273480852140496 0.907
0.12273480852140496 0.9065
0.12273480852140496 0.906
0.12402675387426186 0.9055
0.12402675387426186 0.905
0.12531869922711875 0.9045
0.12531869922711875 0.904
0.12661064457997565 0.9035
0.12661064457997565 0.903
0.12661064457997565 0.9025
0.12790258993283254 0.902
0.12790258993283254 0.9015
0.12790258993283254 0.901
0.12919453528568944 0.9005
0.12919453528568944 0.9
0.13048648063854634 0.8995
0.13177842599140321 0.899
0.1330703713442601 0.8985
0.134362316697117 0.898
0.134362316697117 0.8975
0.134362316697117 0.897
0.1369462074028308 0.8965
0.13823815275568768 0.896
0.13823815275568768 0.8955
0.13823815275568768 0.895
0.13823815275568768 0.8945
0.13823815275568768 0.894
0.13953009810854458 0.8935
0.14082204346140148 0.893
0.14082204346140148 0.8925
0.14211398881425838 0.892
0.14211398881425838 0.8915
0.14211398881425838 0.891
0.14211398881425838 0.8905
0.14211398881425838 0.89
0.14340593416711528 0.8895
0.14340593416711528 0.889
0.14340593416711528 0.8885
0.14340593416711528 0.888
0.14469787951997218 0.8875
0.14469787951997218 0.887
0.14469787951997218 0.8865
0.14469787951997218 0.886
0.14469787951997218 0.8855
0.14598982487282905 0.885
0.14728177022568595 0.8845
0.14728177022568595 0.884
0.14857371557854285 0.8835
0.14857371557854285 0.883
0.14986566093139975 0.8825000000000001
0.14986566093139975 0.882
0.15115760628425665 0.8815
0.15115760628425665 0.881
0.15115760628425665 0.8805000000000001
0.15244955163711355 0.88
0.15374149698997042 0.8795
0.15503344234282732 0.879
0.15503344234282732 0.8785000000000001
0.15632538769568421 0.878
0.15761733304854111 0.8775
0.158909278401398 0.877
0.1602012237542549 0.8765000000000001
0.1602012237542549 0.876
0.16149316910711178 0.8755
0.16149316910711178 0.875
0.16149316910711178 0.8745
0.16407705981282558 0.874
0.16407705981282558 0.8734999999999999
0.16536900516568248 0.873
0.16666095051853938 0.8725
0.16666095051853938 0.872
0.16795289587139628 0.8714999999999999
0.16924484122425315 0.871
0.16924484122425315 0.8705
0.16924484122425315 0.87
0.17182873192996695 0.8694999999999999
0.17182873192996695 0.869
0.17182873192996695 0.8685
0.17312067728282385 0.868
0.17312067728282385 0.8674999999999999
0.17441262263568075 0.867
0.17570456798853762 0.8665
0.17570456798853762 0.866
0.17570456798853762 0.8654999999999999
0.17570456798853762 0.865
0.17699651334139452 0.8645
0.17828845869425142 0.864
0.17828845869425142 0.8634999999999999
0.18087234939996522 0.863
0.18087234939996522 0.8625
0.18087234939996522 0.862
0.18345624010567899 0.8614999999999999
0.18733207616424968 0.861
0.18733207616424968 0.8605
0.18733207616424968 0.86
0.18733207616424968 0.8594999999999999
0.18862402151710658 0.859
0.18991596686996348 0.8585
0.19120791222282035 0.858
0.19120791222282035 0.8575
0.19249985757567725 0.857
0.19379180292853415 0.8565
0.19508374828139105 0.856
0.19637569363424795 0.8555
0.19637569363424795 0.855
0.19637569363424795 0.8545
0.19637569363424795 0.854
0.19895958433996172 0.8535
0.19895958433996172 0.853
0.20025152969281862 0.8525
0.20025152969281862 0.852
0.20025152969281862 0.8515
0.20154347504567552 0.851
0.20154347504567552 0.8505
0.20154347504567552 0.85
0.20283542039853242 0.8495
0.20412736575138932 0.849
0.20412736575138932 0.8485
0.20412736575138932 0.848
0.20412736575138932 0.8475
0.2054193111042462 0.847
0.2054193111042462 0.8465
0.2054193111042462 0.846
0.2054193111042462 0.8455
0.2054193111042462 0.845
0.2067112564571031 0.8445
0.2067112564571031 0.844
0.2067112564571031 0.8435
0.2067112564571031 0.843
0.2067112564571031 0.8425
0.2067112564571031 0.842
0.20800320180996 0.8415
0.20800320180996 0.841
0.20929514716281689 0.8405
0.20929514716281689 0.84
0.21058709251567378 0.8395
0.21058709251567378 0.839
0.21058709251567378 0.8385
0.21058709251567378 0.838
0.21187903786853068 0.8375
0.21187903786853068 0.837
0.21187903786853068 0.8365
0.21317098322138756 0.836
0.21446292857424445 0.8355
0.21446292857424445 0.835
0.21575487392710135 0.8345
0.21575487392710135 0.834
0.21704681927995825 0.8335
0.21704681927995825 0.833
0.21963070998567205 0.8325
0.21963070998567205 0.832
0.22092265533852892 0.8315
0.22092265533852892 0.831
0.22092265533852892 0.8305
0.22221460069138582 0.83
0.22221460069138582 0.8295
0.22350654604424272 0.829
0.22350654604424272 0.8285
0.22350654604424272 0.8280000000000001
0.22350654604424272 0.8275
0.22350654604424272 0.827
0.22479849139709962 0.8265
0.22479849139709962 0.8260000000000001
0.22609043674995652 0.8255
0.22609043674995652 0.825
0.22738238210281342 0.8245
0.22738238210281342 0.8240000000000001
0.22738238210281342 0.8235
0.2299662728085272 0.823
0.2299662728085272 0.8225
0.2299662728085272 0.8220000000000001
0.2299662728085272 0.8215
0.2299662728085272 0.821
0.2312582181613841 0.8205
0.232550163514241 0.8200000000000001
0.232550163514241 0.8195
0.232550163514241 0.819
0.232550163514241 0.8185
0.2338421088670979 0.8180000000000001
0.2338421088670979 0.8175
0.2338421088670979 0.817
0.23513405421995479 0.8165
0.23513405421995479 0.8160000000000001
0.23513405421995479 0.8155
0.23513405421995479 0.815
0.23642599957281166 0.8145
0.23642599957281166 0.8140000000000001
0.23642599957281166 0.8135
0.23771794492566856 0.813
0.23771794492566856 0.8125
0.23771794492566856 0.812
0.23900989027852546 0.8115
0.23900989027852546 0.8109999999999999
0.23900989027852546 0.8105
0.23900989027852546 0.81
0.23900989027852546 0.8095
0.23900989027852546 0.8089999999999999
0.23900989027852546 0.8085
0.24030183563138235 0.808
0.24030183563138235 0.8075
0.24030183563138235 0.8069999999999999
0.24159378098423925 0.8065
0.24288572633709613 0.806
0.24417767168995302 0.8055
0.24417767168995302 0.8049999999999999
0.24546961704280992 0.8045
0.24546961704280992 0.804
0.24546961704280992 0.8035
0.24676156239566682 0.8029999999999999
0.24676156239566682 0.8025
0.24805350774852372 0.802
0.24934545310138062 0.8015
0.24934545310138062 0.8009999999999999
0.2506373984542375 0.8005
0.2506373984542375 0.8
0.2506373984542375 0.7995
0.2519293438070944 0.7989999999999999
0.2532212891599513 0.7985
0.2532212891599513 0.798
0.2532212891599513 0.7975
0.25451323451280816 0.7969999999999999
0.25451323451280816 0.7965
0.2558051798656651 0.796
0.2558051798656651 0.7955
0.2558051798656651 0.795
0.25709712521852196 0.7945
0.25709712521852196 0.794
0.2583890705713789 0.7935
0.2583890705713789 0.793
0.2583890705713789 0.7925
0.2583890705713789 0.792
0.25968101592423576 0.7915
0.25968101592423576 0.791
0.25968101592423576 0.7905
0.2609729612770927 0.79
0.2609729612770927 0.7895
0.26226490662994956 0.789
0.26226490662994956 0.7885
0.26355685198280643 0.788
0.26355685198280643 0.7875
0.26484879733566336 0.787
0.26743268804137715 0.7865
0.26743268804137715 0.786
0.26743268804137715 0.7855
0.268724633394234 0.785
0.268724633394234 0.7845
0.268724633394234 0.784
0.2700165787470909 0.7835
0.2700165787470909 0.783
0.2700165787470909 0.7825
0.2700165787470909 0.782
0.2713085240999478 0.7815
0.2713085240999478 0.781
0.2726004694528047 0.7805
0.2726004694528047 0.78
0.2726004694528047 0.7795
0.2738924148056616 0.779
0.27647630551137536 0.7785
0.2777682508642323 0.778
0.2777682508642323 0.7775
0.2777682508642323 0.777
0.27906019621708916 0.7765
0.27906019621708916 0.776
0.27906019621708916 0.7755
0.2803521415699461 0.775
0.2803521415699461 0.7745
0.2803521415699461 0.774
0.28164408692280296 0.7735
0.28164408692280296 0.773
0.28164408692280296 0.7725
0.2829360322756599 0.772
0.28422797762851676 0.7715
0.28422797762851676 0.771
0.28422797762851676 0.7705
0.28551992298137363 0.77
0.28551992298137363 0.7695
0.28551992298137363 0.769
0.28551992298137363 0.7685
0.28681186833423056 0.768
0.28681186833423056 0.7675
0.28681186833423056 0.767
0.28681186833423056 0.7665
0.28939575903994436 0.766
0.2906877043928012 0.7655000000000001
0.2906877043928012 0.765
0.2906877043928012 0.7645
0.2919796497456581 0.764
0.293271595098515 0.7635000000000001
0.2971474311570857 0.763
0.2971474311570857 0.7625
0.2984393765099426 0.762
0.2984393765099426 0.7615000000000001
0.2984393765099426 0.761
0.2997313218627995 0.7605
0.2997313218627995 0.76
0.2997313218627995 0.7595000000000001
0.30102326721565636 0.759
0.3023152125685133 0.7585
0.30360715792137016 0.758
0.3048991032742271 0.7575000000000001
0.30748299397994083 0.757
0.30748299397994083 0.7565
0.30748299397994083 0.756
0.30877493933279776 0.7555000000000001
0.31006688468565463 0.755
0.31006688468565463 0.7545
0.31006688468565463 0.754
0.31006688468565463 0.7535000000000001
0.31135883003851156 0.753
0.31265077539136843 0.7525
0.3139427207442253 0.752
0.31523466609708223 0.7515000000000001
0.31523466609708223 0.751
0.317818556802796 0.7505
0.317818556802796 0.75
0.3191105021556529 0.7495
0.3191105021556529 0.749
0.3191105021556529 0.7484999999999999
0.3204024475085098 0.748
0.3204024475085098 0.7475
0.3204024475085098 0.747
0.3204024475085098 0.7464999999999999
0.3216943928613667 0.746
0.32298633821422357 0.7455
0.32298633821422357 0.745
0.32298633821422357 0.7444999999999999
0.3242782835670805 0.744
0.32557022891993737 0.7435
0.3268621742727943 0.743
0.3268621742727943 0.7424999999999999
0.32815411962565116 0.742
0.32944606497850804 0.7415
0.33073801033136496 0.741
0.33073801033136496 0.7404999999999999
0.33202995568422183 0.74
0.33202995568422183 0.7395
0.33202995568422183 0.739
0.33332190103707876 0.7384999999999999
0.33461384638993563 0.738
0.33461384638993563 0.7375
0.33461384638993563 0.737
0.33461384638993563 0.7364999999999999
0.33461384638993563 0.736
0.33461384638993563 0.7355
0.33461384638993563 0.735
0.33590579174279256 0.7344999999999999
0.33590579174279256 0.734
0.33590579174279256 0.7335
0.33719773709564943 0.733
0.33719773709564943 0.7324999999999999
0.3384896824485063 0.732
0.3384896824485063 0.7315
0.33978162780136323 0.731
0.3410735731542201 0.7304999999999999
0.342365518507077 0.73
0.342365518507077 0.7295
0.34494940921279077 0.729
0.34494940921279077 0.7284999999999999
0.34494940921279077 0.728
0.3462413545656477 0.7275
0.34753329991850457 0.727
0.35011719062421837 0.7264999999999999
0.35140913597707524 0.726
0.35140913597707524 0.7255
0.35140913597707524 0.725
0.35270108132993216 0.7244999999999999
0.35270108132993216 0.724
0.35270108132993216 0.7235
0.35399302668278904 0.723
0.35399302668278904 0.7224999999999999
0.35399302668278904 0.722
0.35657691738850283 0.7215
0.35786886274135976 0.721
0.35916080809421663 0.7204999999999999
0.35916080809421663 0.72
0.35916080809421663 0.7195
0.3604527534470735 0.719
0.36174469879993043 0.7185
0.3630366441527873 0.718
0.3630366441527873 0.7175
0.3630366441527873 0.7170000000000001
0.3630366441527873 0.7165
0.36432858950564423 0.716
0.36432858950564423 0.7155
0.36432858950564423 0.7150000000000001
0.3656205348585011 0.7145
0.3656205348585011 0.714
0.3682044255642149 0.7135
0.3682044255642149 0.7130000000000001
0.3682044255642149 0.7125
0.36949637091707177 0.712
0.3707883162699287 0.7115
0.3707883162699287 0.7110000000000001
0.3707883162699287 0.7105
0.3707883162699287 0.71
0.37208026162278557 0.7095
0.37208026162278557 0.7090000000000001
0.37208026162278557 0.7085
0.37208026162278557 0.708
0.3733722069756425 0.7075
0.37466415232849937 0.7070000000000001
0.37466415232849937 0.7065
0.37466415232849937 0.706
0.37595609768135624 0.7055
0.37853998838707004 0.7050000000000001
0.38112387909278383 0.7045
0.38112387909278383 0.704
0.38112387909278383 0.7035
0.3849997151513545 0.7030000000000001
0.3849997151513545 0.7025
0.3849997151513545 0.702
0.3849997151513545 0.7015
0.3849997151513545 0.7010000000000001
0.38629166050421143 0.7005
0.3875836058570683 0.7
0.3875836058570683 0.6995
0.3888755512099252 0.6990000000000001
0.3901674965627821 0.6985
0.3901674965627821 0.698
0.391459441915639 0.6975
0.391459441915639 0.6970000000000001
0.391459441915639 0.6965
0.3927513872684959 0.696
0.3927513872684959 0.6955
0.39404333262135277 0.6950000000000001
0.39404333262135277 0.6945
0.3953352779742097 0.694
0.3953352779742097 0.6935
0.39662722332706657 0.6930000000000001
0.39662722332706657 0.6925
0.39662722332706657 0.692
0.39791916867992344 0.6915
0.39791916867992344 0.6910000000000001
0.39921111403278037 0.6905
0.39921111403278037 0.69
0.40050305938563724 0.6895
0.40050305938563724 0.6890000000000001
0.40179500473849417 0.6885
0.40179500473849417 0.688
0.40179500473849417 0.6875
0.40179500473849417 0.687
0.40308695009135104 0.6865
0.4043788954442079 0.6859999999999999
0.4043788954442079 0.6855
0.4043788954442079 0.685
0.40567084079706484 0.6845
0.4069627861499217 0.6839999999999999
0.40825473150277863 0.6835
0.4121305675613493 0.683
0.4121305675613493 0.6825
0.4134225129142062 0.6819999999999999
0.4147144582670631 0.6815
0.4147144582670631 0.681
0.4147144582670631 0.6805
0.41600640361992 0.6799999999999999
0.41600640361992 0.6795
0.4172983489727769 0.679
0.41859029432563377 0.6785
0.41988223967849064 0.6779999999999999
0.41988223967849064 0.6775
0.42117418503134757 0.677
0.42117418503134757 0.6765
0.42375807573706137 0.6759999999999999
0.42375807573706137 0.6755
0.42505002108991824 0.675
0.4263419664427751 0.6745
0.42763391179563204 0.6739999999999999
0.42763391179563204 0.6735
0.4289258571484889 0.673
0.43021780250134584 0.6725
0.43280169320705963 0.6719999999999999
0.43280169320705963 0.6715
0.4340936385599165 0.671
0.4340936385599165 0.6705
0.4353855839127734 0.6699999999999999
0.4366775292656303 0.6695
0.4366775292656303 0.669
0.4366775292656303 0.6685
0.4366775292656303 0.6679999999999999
0.4366775292656303 0.6675
0.4379694746184872 0.667
0.4379694746184872 0.6665
0.4392614199713441 0.6659999999999999
0.4392614199713441 0.6655
0.440553365324201 0.665
0.440553365324201 0.6645
0.44184531067705785 0.6639999999999999
0.44184531067705785 0.6635
0.44184531067705785 0.663
0.44184531067705785 0.6625
0.4431372560299148 0.6619999999999999
0.4431372560299148 0.6615
0.44442920138277164 0.661
0.44442920138277164 0.6605
0.44442920138277164 0.6599999999999999
0.44442920138277164 0.6595
0.44701309208848544 0.659
0.44701309208848544 0.6585
0.4508889281470561 0.6579999999999999
0.4508889281470561 0.6575
0.45218087349991304 0.657
0.4534728188527699 0.6565
0.4534728188527699 0.656
0.4534728188527699 0.6555
0.45476476420562684 0.655
0.4560567095584837 0.6545000000000001
0.4560567095584837 0.654
0.4586406002641975 0.6535
0.4599325456170544 0.653
0.4599325456170544 0.6525000000000001
0.4612244909699113 0.652
0.4625164363227682 0.6515
0.4625164363227682 0.651
0.4625164363227682 0.6505000000000001
0.4625164363227682 0.65
0.46380838167562505 0.6495
0.46380838167562505 0.649
0.46380838167562505 0.6485000000000001
0.465100327028482 0.648
0.465100327028482 0.6475
0.465100327028482 0.647
0.465100327028482 0.6465000000000001
0.4676842177341958 0.646
0.4676842177341958 0.6455
0.4676842177341958 0.645
0.46897616308705264 0.6445000000000001
0.46897616308705264 0.644
0.47026810843990957 0.6435
0.47026810843990957 0.643
0.47026810843990957 0.6425000000000001
0.47156005379276644 0.642
0.47156005379276644 0.6415
0.47156005379276644 0.641
0.47414394449848024 0.6405000000000001
0.47414394449848024 0.64
0.47414394449848024 0.6395
0.4754358898513371 0.639
0.4754358898513371 0.6385000000000001
0.4754358898513371 0.638
0.4780197805570509 0.6375
0.4780197805570509 0.637
0.4793117259099078 0.6365000000000001
0.4793117259099078 0.636
0.4806036712627647 0.6355
0.4806036712627647 0.635
0.4806036712627647 0.6345000000000001
0.4818956166156216 0.634
0.4831875619684785 0.6335
0.4831875619684785 0.633
0.48577145267419225 0.6325000000000001
0.48577145267419225 0.632
0.4870633980270492 0.6315
0.48835534337990605 0.631
0.48835534337990605 0.6305000000000001
0.48835534337990605 0.63
0.489647288732763 0.6295
0.49093923408561985 0.629
0.49093923408561985 0.6285000000000001
0.4922311794384768 0.628
0.4922311794384768 0.6275
0.49352312479133364 0.627
0.49352312479133364 0.6265000000000001
0.49352312479133364 0.626
0.49352312479133364 0.6255
0.49352312479133364 0.625
0.4948150701441905 0.6245
0.49610701549704744 0.624
0.4973989608499043 0.6234999999999999
0.4999828515556181 0.623
0.4999828515556181 0.6225
0.4999828515556181 0.622
0.501274796908475 0.6214999999999999
0.501274796908475 0.621
0.501274796908475 0.6205
0.501274796908475 0.62
0.5051506329670457 0.6194999999999999
0.5077345236727595 0.619
0.5077345236727595 0.6185
0.5077345236727595 0.618
0.5077345236727595 0.6174999999999999
0.5077345236727595 0.617
0.5090264690256163 0.6165
0.5090264690256163 0.616
0.5090264690256163 0.6154999999999999
0.5103184143784733 0.615
0.5103184143784733 0.6145
0.5141942504370439 0.614
0.5141942504370439 0.6134999999999999
0.5154861957899008 0.613
0.5154861957899008 0.6125
0.5154861957899008 0.612
0.5154861957899008 0.6114999999999999
0.5154861957899008 0.611
0.5167781411427578 0.6105
0.5167781411427578 0.61
0.5180700864956146 0.6094999999999999
0.5180700864956146 0.609
0.5180700864956146 0.6085
0.5180700864956146 0.608
0.5193620318484715 0.6074999999999999
0.5206539772013284 0.607
0.5206539772013284 0.6065
0.5206539772013284 0.606
0.5206539772013284 0.6054999999999999
0.5232378679070422 0.605
0.5232378679070422 0.6045
0.5232378679070422 0.604
0.5245298132598991 0.6034999999999999
0.5271137039656129 0.603
0.5271137039656129 0.6025
0.5271137039656129 0.602
0.5271137039656129 0.6014999999999999
0.5284056493184698 0.601
0.5296975946713267 0.6005
0.5296975946713267 0.6
0.5309895400241835 0.5994999999999999
0.5309895400241835 0.599
0.5322814853770405 0.5985
0.5322814853770405 0.598
0.5335734307298974 0.5974999999999999
0.5335734307298974 0.597
0.5348653760827543 0.5965
0.538741212141325 0.596
0.538741212141325 0.5954999999999999
0.538741212141325 0.595
0.538741212141325 0.5945
0.5400331574941818 0.594
0.5413251028470387 0.5935
0.5426170481998956 0.593
0.5426170481998956 0.5925
0.5439089935527526 0.5920000000000001
0.5439089935527526 0.5915
0.5439089935527526 0.591
0.5452009389056094 0.5905
0.5452009389056094 0.5900000000000001
0.5452009389056094 0.5895
0.5452009389056094 0.589
0.5452009389056094 0.5885
0.5477848296113232 0.5880000000000001
0.5477848296113232 0.5875
0.5477848296113232 0.587
0.5477848296113232 0.5865
0.5490767749641801 0.5860000000000001
0.550368720317037 0.5855
0.5516606656698939 0.585
0.5516606656698939 0.5845
0.5516606656698939 0.5840000000000001
0.5516606656698939 0.5835
0.5529526110227507 0.583
0.5542445563756077 0.5825
0.5542445563756077 0.5820000000000001
0.5555365017284646 0.5815
0.5568284470813215 0.581
0.5581203924341783 0.5805
0.5581203924341783 0.5800000000000001
0.5581203924341783 0.5795
0.5581203924341783 0.579
0.5594123377870353 0.5785
0.5607042831398922 0.5780000000000001
0.561996228492749 0.5775
0.561996228492749 0.577
0.5645801191984628 0.5765
0.5684559552570335 0.5760000000000001
0.5710398459627473 0.5755
0.5710398459627473 0.575
0.5723317913156042 0.5745
0.5723317913156042 0.5740000000000001
0.5736237366684611 0.5735
0.5736237366684611 0.573
0.574915682021318 0.5725
0.574915682021318 0.5720000000000001
0.574915682021318 0.5715
0.5762076273741749 0.571
0.5774995727270318 0.5705
0.5800834634327455 0.5700000000000001
0.5813754087856025 0.5695
0.5813754087856025 0.569
0.5813754087856025 0.5685
0.5826673541384594 0.5680000000000001
0.5826673541384594 0.5675
0.5839592994913162 0.567
0.5839592994913162 0.5665
0.5839592994913162 0.5660000000000001
0.58654319019703 0.5655
0.58654319019703 0.565
0.587835135549887 0.5645
0.587835135549887 0.5640000000000001
0.5891270809027438 0.5635
0.5891270809027438 0.563
0.5904190262556007 0.5625
0.5904190262556007 0.562
0.5917109716084576 0.5615
0.5917109716084576 0.5609999999999999
0.5930029169613145 0.5605
0.5930029169613145 0.56
0.5955868076670283 0.5595
0.5955868076670283 0.5589999999999999
0.5955868076670283 0.5585
0.5968787530198852 0.558
0.5968787530198852 0.5575
0.5981706983727421 0.5569999999999999
0.5981706983727421 0.5565
0.5981706983727421 0.556
0.599462643725599 0.5555
0.6007545890784559 0.5549999999999999
0.6007545890784559 0.5545
0.6020465344313127 0.554
0.6033384797841697 0.5535
0.6033384797841697 0.5529999999999999
0.6033384797841697 0.5525
0.6046304251370266 0.552
0.6046304251370266 0.5515
0.6046304251370266 0.5509999999999999
0.6059223704898834 0.5505
0.6059223704898834 0.55
0.6072143158427403 0.5495
0.6072143158427403 0.5489999999999999
0.6072143158427403 0.5485
0.6085062611955973 0.548
0.6085062611955973 0.5475
0.6097982065484542 0.5469999999999999
0.6097982065484542 0.5465
0.611090151901311 0.546
0.6123820972541679 0.5455
0.6123820972541679 0.5449999999999999
0.6136740426070248 0.5445
0.6149659879598817 0.544
0.6149659879598817 0.5435
0.6162579333127386 0.5429999999999999
0.6175498786655955 0.5425
0.6175498786655955 0.542
0.6175498786655955 0.5415
0.6188418240184524 0.5409999999999999
0.6188418240184524 0.5405
0.6201337693713093 0.54
0.6214257147241662 0.5395
0.6214257147241662 0.5389999999999999
0.6227176600770231 0.5385
0.6227176600770231 0.538
0.6227176600770231 0.5375
0.6240096054298799 0.5369999999999999
0.6240096054298799 0.5365
0.6253015507827369 0.536
0.6265934961355938 0.5355
0.6265934961355938 0.5349999999999999
0.6278854414884506 0.5345
0.6291773868413075 0.534
0.6304693321941645 0.5335
0.6317612775470214 0.5329999999999999
0.6317612775470214 0.5325
0.6317612775470214 0.532
0.6317612775470214 0.5315
0.6330532228998782 0.531
0.6343451682527351 0.5305
0.635637113605592 0.53
0.6369290589584489 0.5295000000000001
0.6369290589584489 0.529
0.6382210043113058 0.5285
0.6382210043113058 0.528
0.6395129496641627 0.5275000000000001
0.6408048950170196 0.527
0.6433887857227334 0.5265
0.6433887857227334 0.526
0.6433887857227334 0.5255000000000001
0.6446807310755903 0.525
0.6446807310755903 0.5245
0.6472646217813041 0.524
0.6472646217813041 0.5235000000000001
0.6472646217813041 0.523
0.648556567134161 0.5225
0.648556567134161 0.522
0.648556567134161 0.5215000000000001
0.648556567134161 0.521
0.648556567134161 0.5205
0.648556567134161 0.52
0.648556567134161 0.5195000000000001
0.6498485124870178 0.519
0.6511404578398747 0.5185
0.6511404578398747 0.518
0.6511404578398747 0.5175000000000001
0.6524324031927317 0.517
0.6524324031927317 0.5165
0.6524324031927317 0.516
0.6537243485455886 0.5155000000000001
0.6537243485455886 0.515
0.6550162938984454 0.5145
0.6576001846041593 0.514
0.6576001846041593 0.5135000000000001
0.6588921299570161 0.513
0.660184075309873 0.5125
0.660184075309873 0.512
0.6627679660155869 0.5115000000000001
0.6627679660155869 0.511
0.6627679660155869 0.5105
0.6640599113684437 0.51
0.6640599113684437 0.5095000000000001
0.6653518567213006 0.509
0.6653518567213006 0.5085
0.6666438020741575 0.508
0.6705196381327282 0.5075000000000001
0.6718115834855851 0.507
0.6731035288384419 0.5065
0.6731035288384419 0.506
0.6743954741912989 0.5055000000000001
0.6743954741912989 0.505
0.6743954741912989 0.5045
0.6756874195441558 0.504
0.6782713102498695 0.5035000000000001
0.6782713102498695 0.503
0.6782713102498695 0.5025
0.6782713102498695 0.502
0.6795632556027265 0.5015000000000001
0.6795632556027265 0.501
0.6795632556027265 0.5005
0.6821471463084402 0.5
0.6834390916612971 0.49950000000000006
0.684731037014154 0.499
0.684731037014154 0.49850000000000005
0.684731037014154 0.498
0.6860229823670109 0.49750000000000005
0.6860229823670109 0.497
0.6860229823670109 0.49650000000000005
0.6911907637784385 0.496
0.6924827091312954 0.49550000000000005
0.6924827091312954 0.495
0.6937746544841523 0.49450000000000005
0.6950665998370091 0.494
0.6950665998370091 0.49350000000000005
0.6950665998370091 0.493
0.6963585451898661 0.49250000000000005
0.697650490542723 0.492
0.6989424358955798 0.49150000000000005
0.7002343812484367 0.491
0.7015263266012937 0.49050000000000005
0.7015263266012937 0.49
0.7015263266012937 0.48950000000000005
0.7028182719541505 0.489
0.7028182719541505 0.48850000000000005
0.7041102173070074 0.488
0.7041102173070074 0.48750000000000004
0.7054021626598643 0.487
0.7066941080127213 0.48650000000000004
0.709277998718435 0.486
0.709277998718435 0.48550000000000004
0.709277998718435 0.485
0.709277998718435 0.48450000000000004
0.7105699440712919 0.484
0.7105699440712919 0.48350000000000004
0.7105699440712919 0.483
0.7105699440712919 0.48250000000000004
0.7144457801298626 0.482
0.7144457801298626 0.48150000000000004
0.7144457801298626 0.481
0.7157377254827195 0.48050000000000004
0.7170296708355763 0.48
0.7183216161884333 0.47950000000000004
0.7196135615412902 0.479
0.7196135615412902 0.47850000000000004
0.7196135615412902 0.478
0.720905506894147 0.47750000000000004
0.7221974522470039 0.477
0.7221974522470039 0.47650000000000003
0.7234893975998609 0.476
0.7234893975998609 0.47550000000000003
0.7234893975998609 0.475
0.7247813429527177 0.47450000000000003
0.7247813429527177 0.474
0.7247813429527177 0.47350000000000003
0.7260732883055746 0.473
0.7260732883055746 0.47250000000000003
0.7273652336584315 0.472
0.7286571790112885 0.47150000000000003
0.7325330150698591 0.471
0.7325330150698591 0.47050000000000003
0.7338249604227159 0.47
0.7351169057755729 0.46950000000000003
0.7364088511284298 0.469
0.7377007964812867 0.4685
0.7377007964812867 0.46799999999999997
0.7389927418341435 0.4675
0.7389927418341435 0.46699999999999997
0.7402846871870005 0.4665
0.7415766325398574 0.46599999999999997
0.7415766325398574 0.4655
0.7415766325398574 0.46499999999999997
0.7428685778927142 0.4645
0.7428685778927142 0.46399999999999997
0.7441605232455711 0.4635
0.7441605232455711 0.46299999999999997
0.7441605232455711 0.4625
0.7441605232455711 0.46199999999999997
0.7454524685984281 0.4615
0.7454524685984281 0.46099999999999997
0.7454524685984281 0.4605
0.7454524685984281 0.45999999999999996
0.7480363593041418 0.4595
0.7493283046569987 0.45899999999999996
0.7493283046569987 0.4585
0.7506202500098557 0.45799999999999996
0.7506202500098557 0.4575
0.7519121953627125 0.45699999999999996
0.7532041407155694 0.4565
0.7532041407155694 0.45599999999999996
0.7622477581855677 0.4555
0.7635397035384246 0.45499999999999996
0.7635397035384246 0.4545
0.7635397035384246 0.45399999999999996
0.7648316488912814 0.4535
0.7648316488912814 0.45299999999999996
0.7661235942441383 0.4525
0.7661235942441383 0.45199999999999996
0.7661235942441383 0.4515
0.7687074849498522 0.45099999999999996
0.769999430302709 0.4505
0.769999430302709 0.44999999999999996
0.769999430302709 0.4495
0.769999430302709 0.44899999999999995
0.7725833210084229 0.4485
0.7725833210084229 0.44799999999999995
0.7725833210084229 0.4475
0.7725833210084229 0.44699999999999995
0.7725833210084229 0.4465
0.7738752663612797 0.44599999999999995
0.7738752663612797 0.4455
0.7738752663612797 0.44499999999999995
0.7764591570669935 0.4445
0.7790430477727073 0.44399999999999995
0.7803349931255642 0.4435
0.7803349931255642 0.44299999999999995
0.7816269384784211 0.4425
0.7816269384784211 0.44199999999999995
0.7816269384784211 0.4415
0.7816269384784211 0.44099999999999995
0.782918883831278 0.4405
0.7842108291841349 0.43999999999999995
0.7855027745369918 0.4395
0.7855027745369918 0.43899999999999995
0.7867947198898486 0.4385
0.7867947198898486 0.43799999999999994
0.7867947198898486 0.4375
0.7880866652427055 0.43700000000000006
0.7880866652427055 0.4365
0.7880866652427055 0.43600000000000005
0.7880866652427055 0.4355
0.7880866652427055 0.43500000000000005
0.7893786105955625 0.4345
0.7893786105955625 0.43400000000000005
0.7906705559484194 0.4335
0.7906705559484194 0.43300000000000005
0.7906705559484194 0.4325
0.7906705559484194 0.43200000000000005
0.7919625013012762 0.4315
0.7932544466541331 0.43100000000000005
0.7932544466541331 0.4305
0.7932544466541331 0.43000000000000005
0.7945463920069901 0.4295
0.7945463920069901 0.42900000000000005
0.7945463920069901 0.4285
0.7945463920069901 0.42800000000000005
0.7958383373598469 0.4275
0.7971302827127038 0.42700000000000005
0.7984222280655607 0.4265
0.7984222280655607 0.42600000000000005
0.7997141734184176 0.4255
0.7997141734184176 0.42500000000000004
0.8022980641241314 0.4245
0.8022980641241314 0.42400000000000004
0.8035900094769883 0.4235
0.8048819548298451 0.42300000000000004
0.8061739001827021 0.4225
0.807465845535559 0.42200000000000004
0.807465845535559 0.4215
0.8087577908884158 0.42100000000000004
0.8113416815941297 0.4205
0.8126336269469866 0.42000000000000004
0.8139255722998434 0.4195
0.8165094630055573 0.41900000000000004
0.8165094630055573 0.4185
0.819093353711271 0.41800000000000004
0.8203852990641279 0.4175
0.8216772444169848 0.41700000000000004
0.8216772444169848 0.4165
0.8242611351226986 0.41600000000000004
0.8242611351226986 0.4155
0.8242611351226986 0.41500000000000004
0.8268450258284123 0.4145
0.8281369711812693 0.41400000000000003
0.8294289165341262 0.4135
0.83201280723984 0.41300000000000003
0.83201280723984 0.4125
0.83201280723984 0.41200000000000003
0.8333047525926969 0.4115
0.8333047525926969 0.41100000000000003
0.8345966979455538 0.4105
0.8345966979455538 0.41000000000000003
0.8345966979455538 0.4095
0.8345966979455538 0.40900000000000003
0.8371805886512675 0.4085
0.8371805886512675 0.40800000000000003
0.8371805886512675 0.4075
0.8371805886512675 0.40700000000000003
0.8384725340041245 0.4065
0.8384725340041245 0.406
0.8384725340041245 0.40549999999999997
0.8397644793569813 0.405
0.8410564247098382 0.40449999999999997
0.8423483700626951 0.404
0.8423483700626951 0.40349999999999997
0.8423483700626951 0.403
0.8423483700626951 0.40249999999999997
0.8423483700626951 0.402
0.8436403154155521 0.40149999999999997
0.8436403154155521 0.401
0.8436403154155521 0.40049999999999997
0.8436403154155521 0.4
0.8449322607684089 0.39949999999999997
0.8449322607684089 0.399
0.8462242061212658 0.39849999999999997
0.8475161514741227 0.398
0.8501000421798365 0.39749999999999996
0.8501000421798365 0.397
0.8501000421798365 0.39649999999999996
0.8501000421798365 0.396
0.8526839328855502 0.39549999999999996
0.8539758782384071 0.395
0.8552678235912641 0.39449999999999996
0.8552678235912641 0.394
0.856559768944121 0.39349999999999996
0.856559768944121 0.393
0.8578517142969778 0.39249999999999996
0.8578517142969778 0.392
0.8578517142969778 0.39149999999999996
0.8617275503555485 0.391
0.8617275503555485 0.39049999999999996
0.8617275503555485 0.39
0.8656033864141193 0.38949999999999996
0.8668953317669761 0.389
0.8694792224726899 0.38849999999999996
0.8694792224726899 0.388
0.8707711678255468 0.38749999999999996
0.8707711678255468 0.387
0.8759389492369744 0.38649999999999995
0.8759389492369744 0.386
0.8759389492369744 0.38549999999999995
0.8759389492369744 0.385
0.8759389492369744 0.38449999999999995
0.8772308945898313 0.384
0.8772308945898313 0.38349999999999995
0.8785228399426882 0.383
0.879814785295545 0.38249999999999995
0.879814785295545 0.382
0.879814785295545 0.38149999999999995
0.8836906213541157 0.381
0.8849825667069726 0.38049999999999995
0.8849825667069726 0.38
0.8862745120598295 0.37949999999999995
0.8862745120598295 0.379
0.8914422934712571 0.37849999999999995
0.8953181295298278 0.378
0.8953181295298278 0.37749999999999995
0.8953181295298278 0.377
0.8991939655883985 0.37649999999999995
0.8991939655883985 0.376
0.9004859109412554 0.37549999999999994
0.9017778562941122 0.375
0.9030698016469692 0.37450000000000006
0.9030698016469692 0.374
0.9030698016469692 0.37350000000000005
0.9030698016469692 0.373
0.9043617469998261 0.37250000000000005
0.9043617469998261 0.372
0.9043617469998261 0.37150000000000005
0.9043617469998261 0.371
0.9056536923526829 0.37050000000000005
0.9056536923526829 0.37
0.9069456377055398 0.36950000000000005
0.9082375830583967 0.369
0.9082375830583967 0.36850000000000005
0.9082375830583967 0.368
0.9095295284112537 0.36750000000000005
0.9095295284112537 0.367
0.9121134191169674 0.36650000000000005
0.9121134191169674 0.366
0.9159892551755381 0.36550000000000005
0.9159892551755381 0.365
0.9159892551755381 0.36450000000000005
0.917281200528395 0.364
0.917281200528395 0.36350000000000005
0.9185731458812519 0.363
0.9198650912341088 0.36250000000000004
0.9211570365869657 0.362
0.9211570365869657 0.36150000000000004
0.9211570365869657 0.361
0.9237409272926794 0.36050000000000004
0.9237409272926794 0.36
0.9250328726455364 0.35950000000000004
0.9276167633512501 0.359
0.928908708704107 0.35850000000000004
0.930200654056964 0.358
0.930200654056964 0.35750000000000004
0.9314925994098209 0.357
0.9314925994098209 0.35650000000000004
0.9314925994098209 0.356
0.9314925994098209 0.35550000000000004
0.9327845447626777 0.355
0.9340764901155346 0.35450000000000004
0.9340764901155346 0.354
0.9353684354683915 0.35350000000000004
0.9366603808212484 0.353
0.9366603808212484 0.35250000000000004
0.9379523261741053 0.352
0.9379523261741053 0.35150000000000003
0.9379523261741053 0.351
0.9392442715269622 0.35050000000000003
0.9405362168798191 0.35
0.9405362168798191 0.34950000000000003
0.941828162232676 0.349
0.9431201075855329 0.34850000000000003
0.9431201075855329 0.348
0.9444120529383898 0.34750000000000003
0.9457039982912466 0.347
0.9457039982912466 0.34650000000000003
0.9457039982912466 0.346
0.9457039982912466 0.34550000000000003
0.9482878889969605 0.345
0.9495798343498173 0.34450000000000003
0.9495798343498173 0.344
0.9508717797026742 0.3435
0.9534556704083881 0.34299999999999997
0.9534556704083881 0.3425
0.9534556704083881 0.34199999999999997
0.9534556704083881 0.3415
0.9547476157612449 0.34099999999999997
0.9560395611141018 0.3405
0.9599153971726725 0.33999999999999997
0.9599153971726725 0.3395
0.9612073425255294 0.33899999999999997
0.9612073425255294 0.3385
0.9624992878783863 0.33799999999999997
0.9637912332312432 0.3375
0.9637912332312432 0.33699999999999997
0.9637912332312432 0.3365
0.9650831785841001 0.33599999999999997
0.9676670692898138 0.3355
0.9676670692898138 0.33499999999999996
0.9689590146426708 0.3345
0.9689590146426708 0.33399999999999996
0.9702509599955277 0.3335
0.9702509599955277 0.33299999999999996
0.9702509599955277 0.3325
0.9715429053483845 0.33199999999999996
0.9715429053483845 0.3315
0.9715429053483845 0.33099999999999996
0.9728348507012414 0.3305
0.9728348507012414 0.32999999999999996
0.9728348507012414 0.3295
0.9741267960540984 0.32899999999999996
0.9754187414069553 0.3285
0.9767106867598121 0.32799999999999996
0.978002632112669 0.3275
0.978002632112669 0.32699999999999996
0.978002632112669 0.3265
0.978002632112669 0.32599999999999996
0.979294577465526 0.3255
0.9805865228183828 0.32499999999999996
0.9831704135240966 0.3245
0.9857543042298104 0.32399999999999995
0.9857543042298104 0.3235
0.9870462495826673 0.32299999999999995
0.9883381949355242 0.3225
0.9883381949355242 0.32199999999999995
0.9883381949355242 0.3215
0.989630140288381 0.32099999999999995
0.9922140309940949 0.3205
0.9922140309940949 0.31999999999999995
0.9935059763469517 0.3195
0.9935059763469517 0.31899999999999995
0.9947979216998086 0.3185
0.9947979216998086 0.31799999999999995
0.9973818124055225 0.3175
0.9986737577583793 0.31699999999999995
0.9999657031112362 0.3165
0.9999657031112362 0.31599999999999995
1.0012576484640932 0.3155
1.0012576484640932 0.31499999999999995
1.0012576484640932 0.3145
1.003841539169807 0.31399999999999995
1.0051334845226638 0.3135
1.0051334845226638 0.31299999999999994
1.0064254298755206 0.3125
1.0090093205812345 0.31200000000000006
1.0090093205812345 0.3115
1.0103012659340913 0.31100000000000005
1.0115932112869483 0.3105
1.014177101992662 0.31000000000000005
1.014177101992662 0.3095
1.0180529380512326 0.30900000000000005
1.0180529380512326 0.3085
1.0193448834040897 0.30800000000000005
1.0206368287569465 0.3075
1.0219287741098035 0.30700000000000005
1.0219287741098035 0.3065
1.0219287741098035 0.30600000000000005
1.0232207194626604 0.3055
1.0245126648155172 0.30500000000000005
1.027096555521231 0.3045
1.027096555521231 0.30400000000000005
1.027096555521231 0.3035
1.0283885008740878 0.30300000000000005
1.0283885008740878 0.3025
1.0309723915798017 0.30200000000000005
1.0322643369326585 0.3015
1.0374321183440862 0.30100000000000005
1.0374321183440862 0.3005
1.038724063696943 0.30000000000000004
1.0400160090497998 0.2995
1.0413079544026569 0.29900000000000004
1.0413079544026569 0.2985
1.0438918451083707 0.29800000000000004
1.0451837904612276 0.2975
1.0464757358140844 0.29700000000000004
1.0464757358140844 0.2965
1.0464757358140844 0.29600000000000004
1.0477676811669414 0.2955
1.0477676811669414 0.29500000000000004
1.0490596265197982 0.2945
1.050351571872655 0.29400000000000004
1.052935462578369 0.2935
1.0542274079312257 0.29300000000000004
1.0542274079312257 0.2925
1.0555193532840828 0.29200000000000004
1.0555193532840828 0.2915
1.0568112986369396 0.29100000000000004
1.0581032439897964 0.2905
1.0581032439897964 0.29000000000000004
1.0581032439897964 0.2895
1.0593951893426534 0.28900000000000003
1.0606871346955102 0.2885
1.061979080048367 0.28800000000000003
1.061979080048367 0.2875
1.065854916106938 0.28700000000000003
1.0671468614597948 0.2865
1.0684388068126516 0.28600000000000003
1.0684388068126516 0.2855
1.0697307521655086 0.28500000000000003
1.0723146428712222 0.2845
1.074898533576936 0.28400000000000003
1.074898533576936 0.2835
1.074898533576936 0.28300000000000003
1.076190478929793 0.2825
1.076190478929793 0.28200000000000003
1.07748242428265 0.2815
1.0813582603412206 0.281
1.0813582603412206 0.28049999999999997
1.0813582603412206 0.28
1.0826502056940774 0.27949999999999997
1.0839421510469343 0.279
1.0839421510469343 0.27849999999999997
1.086526041752648 0.278
1.086526041752648 0.27749999999999997
1.089109932458362 0.277
1.0904018778112188 0.27649999999999997
1.0904018778112188 0.276
1.0929857685169326 0.27549999999999997
1.0929857685169326 0.275
1.0942777138697894 0.27449999999999997
1.0955696592226465 0.274
1.0968616045755033 0.27349999999999997
1.0981535499283601 0.273
1.0981535499283601 0.27249999999999996
1.0994454952812172 0.272
1.0994454952812172 0.27149999999999996
1.0994454952812172 0.271
1.100737440634074 0.27049999999999996
1.1033213313397878 0.27
1.1033213313397878 0.26949999999999996
1.1059052220455015 0.269
1.1071971673983585 0.26849999999999996
1.1097810581040723 0.268
1.1110730034569292 0.26749999999999996
1.112364948809786 0.267
1.112364948809786 0.26649999999999996
1.112364948809786 0.266
1.113656894162643 0.26549999999999996
1.1149488395154998 0.265
1.1188246755740705 0.26449999999999996
1.1201166209269273 0.264
1.1201166209269273 0.26349999999999996
1.1201166209269273 0.263
1.1227005116326412 0.26249999999999996
1.123992456985498 0.262
1.123992456985498 0.26149999999999995
1.125284402338355 0.261
1.1265763476912118 0.26049999999999995
1.1278682930440687 0.26
1.1291602383969257 0.25949999999999995
1.1291602383969257 0.259
1.1291602383969257 0.25849999999999995
1.1291602383969257 0.258
1.1317441291026396 0.25749999999999995
1.1343280198083532 0.257
1.1343280198083532 0.25649999999999995
1.1356199651612102 0.256
1.1356199651612102 0.25549999999999995
1.1382038558669239 0.255
1.1382038558669239 0.25449999999999995
1.139495801219781 0.254
1.139495801219781 0.25349999999999995
1.139495801219781 0.253
1.1420796919254945 0.25249999999999995
1.1446635826312084 0.252
1.1472474733369222 0.25149999999999995
1.148539418689779 0.251
1.151123309395493 0.25049999999999994
1.151123309395493 0.25
1.151123309395493 0.24950000000000006
1.151123309395493 0.249
1.1524152547483497 0.24850000000000005
1.1537072001012068 0.248
1.1537072001012068 0.24750000000000005
1.1537072001012068 0.247
1.1549991454540636 0.24650000000000005
1.1575830361597774 0.246
1.1575830361597774 0.24550000000000005
1.1575830361597774 0.245
1.1575830361597774 0.24450000000000005
1.160166926865491 0.244
1.161458872218348 0.24350000000000005
1.162750817571205 0.243
1.162750817571205 0.24250000000000005
1.1640427629240617 0.242
1.1640427629240617 0.24150000000000005
1.1666266536297756 0.241
1.1705024896883462 0.24050000000000005
1.1717944350412033 0.24
1.1717944350412033 0.23950000000000005
1.1717944350412033 0.239
1.175670271099774 0.23850000000000005
1.1769622164526308 0.238
1.1782541618054876 0.23750000000000004
1.1795461071583446 0.237
1.1795461071583446 0.23650000000000004
1.1795461071583446 0.236
1.1808380525112014 0.23550000000000004
1.1821299978640583 0.235
1.186005833922629 0.23450000000000004
1.186005833922629 0.23399999999999999
1.187297779275486 0.23350000000000004
1.187297779275486 0.23299999999999998
1.187297779275486 0.23250000000000004
1.1911736153340566 0.23199999999999998
1.1911736153340566 0.23150000000000004
1.1924655606869135 0.23099999999999998
1.1937575060397705 0.23050000000000004
1.1963413967454841 0.22999999999999998
1.1963413967454841 0.22950000000000004
1.1963413967454841 0.22899999999999998
1.2015091781569118 0.22850000000000004
1.2040930688626255 0.22799999999999998
1.2053850142154825 0.22750000000000004
1.2053850142154825 0.22699999999999998
1.2066769595683393 0.22650000000000003
1.2079689049211961 0.22599999999999998
1.2079689049211961 0.22550000000000003
1.2092608502740532 0.22499999999999998
1.2092608502740532 0.22450000000000003
1.21055279562691 0.22399999999999998
1.2157205770383377 0.22350000000000003
1.2170125223911945 0.22299999999999998
1.2170125223911945 0.22250000000000003
1.2195964130969084 0.22199999999999998
1.2195964130969084 0.22150000000000003
1.2195964130969084 0.22099999999999997
1.2195964130969084 0.22050000000000003
1.2208883584497652 0.21999999999999997
1.222180303802622 0.21950000000000003
1.222180303802622 0.21899999999999997
1.223472249155479 0.21850000000000003
1.2247641945083358 0.21799999999999997
1.2260561398611927 0.21750000000000003
1.2260561398611927 0.21699999999999997
1.2273480852140497 0.21650000000000003
1.2273480852140497 0.21599999999999997
1.2299319759197633 0.21550000000000002
1.2299319759197633 0.21499999999999997
1.2325158666254772 0.21450000000000002
1.2325158666254772 0.21399999999999997
1.2325158666254772 0.21350000000000002
1.2363917026840479 0.21299999999999997
1.237683648036905 0.21250000000000002
1.237683648036905 0.21199999999999997
1.237683648036905 0.21150000000000002
1.2415594840954756 0.21099999999999997
1.2441433748011892 0.21050000000000002
1.2441433748011892 0.20999999999999996
1.2454353201540462 0.20950000000000002
1.2506031015654737 0.20899999999999996
1.2531869922711876 0.20850000000000002
1.2531869922711876 0.20799999999999996
1.2544789376240444 0.20750000000000002
1.2557708829769012 0.20699999999999996
1.2570628283297582 0.20650000000000002
1.2570628283297582 0.20599999999999996
1.258354773682615 0.20550000000000002
1.258354773682615 0.20499999999999996
1.259646719035472 0.20450000000000002
1.260938664388329 0.20399999999999996
1.260938664388329 0.20350000000000001
1.2622306097411857 0.20299999999999996
1.2648145004468996 0.2025
1.2661064457997564 0.20199999999999996
1.2661064457997564 0.2015
1.2686903365054703 0.20099999999999996
1.2686903365054703 0.2005
1.2686903365054703 0.19999999999999996
1.271274227211184 0.1995
1.272566172564041 0.19899999999999995
1.272566172564041 0.1985
1.272566172564041 0.19799999999999995
1.2738581179168977 0.1975
1.2738581179168977 0.19699999999999995
1.2751500632697548 0.1965
1.2764420086226116 0.19599999999999995
1.2777339539754684 0.1955
1.2790258993283254 0.19499999999999995
1.2829017353868961 0.1945
1.2829017353868961 0.19399999999999995
1.284193680739753 0.1935
1.284193680739753 0.19299999999999995
1.28548562609261 0.1925
1.28548562609261 0.19199999999999995
1.2867775714454668 0.1915
1.2880695167983236 0.19099999999999995
1.2893614621511806 0.1905
1.2893614621511806 0.18999999999999995
1.2906534075040375 0.1895
1.2906534075040375 0.18899999999999995
1.2932372982097513 0.1885
1.2932372982097513 0.18799999999999994
1.295821188915465 0.1875
1.297113134268322 0.18700000000000006
1.297113134268322 0.1865
1.2984050796211788 0.18600000000000005
1.3009889703268926 0.1855
1.3048648063854633 0.18500000000000005
1.3048648063854633 0.1845
1.3074486970911772 0.18400000000000005
1.3100325877968908 0.1835
1.3113245331497478 0.18300000000000005
1.3113245331497478 0.1825
1.3126164785026047 0.18200000000000005
1.3126164785026047 0.1815
1.3139084238554615 0.18100000000000005
1.321660095972603 0.1805
1.3242439866783167 0.18000000000000005
1.3242439866783167 0.1795
1.3255359320311737 0.17900000000000005
1.3255359320311737 0.1785
1.3268278773840305 0.17800000000000005
1.3268278773840305 0.1775
1.3281198227368873 0.17700000000000005
1.3281198227368873 0.1765
1.3281198227368873 0.17600000000000005
1.3294117680897444 0.1755
1.3294117680897444 0.17500000000000004
1.333287604148315 0.1745
1.333287604148315 0.17400000000000004
1.3345795495011719 0.1735
1.3410392762654564 0.17300000000000004
1.3423312216183132 0.1725
1.3436231669711702 0.17200000000000004
1.3436231669711702 0.17149999999999999
1.344915112324027 0.17100000000000004
1.344915112324027 0.17049999999999998
1.3462070576768839 0.17000000000000004
1.347499003029741 0.16949999999999998
1.3513748390883116 0.16900000000000004
1.3526667844411684 0.16849999999999998
1.3552506751468822 0.16800000000000004
1.3578345658525959 0.16749999999999998
1.359126511205453 0.16700000000000004
1.3604184565583097 0.16649999999999998
1.3604184565583097 0.16600000000000004
1.3617104019111665 0.16549999999999998
1.3617104019111665 0.16500000000000004
1.3642942926168804 0.16449999999999998
1.3642942926168804 0.16400000000000003
1.3655862379697374 0.16349999999999998
1.3655862379697374 0.16300000000000003
1.3655862379697374 0.16249999999999998
1.3655862379697374 0.16200000000000003
1.3668781833225943 0.16149999999999998
1.369462074028308 0.16100000000000003
1.370754019381165 0.16049999999999998
1.3720459647340217 0.16000000000000003
1.3759218007925924 0.15949999999999998
1.3759218007925924 0.15900000000000003
1.3785056914983063 0.15849999999999997
1.3785056914983063 0.15800000000000003
1.3836734729097337 0.15749999999999997
1.3836734729097337 0.15700000000000003
1.3849654182625908 0.15649999999999997
1.3849654182625908 0.15600000000000003
1.3862573636154476 0.15549999999999997
1.3862573636154476 0.15500000000000003
1.3901331996740183 0.15449999999999997
1.3901331996740183 0.15400000000000003
1.3901331996740183 0.15349999999999997
1.3901331996740183 0.15300000000000002
1.3914251450268753 0.15249999999999997
1.3914251450268753 0.15200000000000002
1.3927170903797321 0.15149999999999997
1.3927170903797321 0.15100000000000002
1.394009035732589 0.15049999999999997
1.3978848717911596 0.15000000000000002
1.3991768171440166 0.14949999999999997
1.4017607078497303 0.14900000000000002
1.4017607078497303 0.14849999999999997
1.4017607078497303 0.14800000000000002
1.405636543908301 0.14749999999999996
1.406928489261158 0.14700000000000002
1.406928489261158 0.14649999999999996
1.4082204346140148 0.14600000000000002
1.4095123799668718 0.14549999999999996
1.4120962706725855 0.14500000000000002
1.4120962706725855 0.14449999999999996
1.4120962706725855 0.14400000000000002
1.4133882160254425 0.14349999999999996
1.4146801613782993 0.14300000000000002
1.4159721067311561 0.14249999999999996
1.4159721067311561 0.14200000000000002
1.4159721067311561 0.14149999999999996
1.4172640520840132 0.14100000000000001
1.4172640520840132 0.14049999999999996
1.41855599743687 0.14
1.4237237788482975 0.13949999999999996
1.4237237788482975 0.139
1.4288915602597252 0.13849999999999996
1.431475450965439 0.138
1.4327673963182959 0.13749999999999996
1.4340593416711527 0.137
1.4366432323768665 0.13649999999999995
1.4405190684354372 0.136
1.441811013788294 0.13549999999999995
1.443102959141151 0.135
1.4482707405525785 0.13449999999999995
1.4482707405525785 0.134
1.4495626859054354 0.13349999999999995
1.4508546312582924 0.133
1.4586063033754337 0.13249999999999995
1.4586063033754337 0.132
1.4624821394340044 0.13149999999999995
1.466357975492575 0.131
1.4715257569040026 0.13049999999999995
1.4728177022568596 0.13
1.4741096476097164 0.12949999999999995
1.4754015929625734 0.129
1.477985483668287 0.12849999999999995
1.4792774290211441 0.128
1.4792774290211441 0.12749999999999995
1.480569374374001 0.127
1.4818613197268578 0.12649999999999995
1.4831532650797148 0.126
1.4844452104325716 0.12549999999999994
1.4870291011382855 0.125
1.4870291011382855 0.12450000000000006
1.4870291011382855 0.124
1.489612991843999 0.12350000000000005
1.492196882549713 0.123
1.49348882790257 0.12250000000000005
1.49348882790257 0.122
1.4973646639611407 0.12150000000000005
1.4973646639611407 0.121
1.5012405000197113 0.12050000000000005
1.5025324453725681 0.12
1.5025324453725681 0.11950000000000005
1.503824390725425 0.119
1.505116336078282 0.11850000000000005
1.5064082814311388 0.118
1.5089921721368527 0.11750000000000005
1.5089921721368527 0.11699999999999999
1.5115760628425663 0.11650000000000005
1.516743844253994 0.11599999999999999
1.5193277349597079 0.11550000000000005
1.5193277349597079 0.11499999999999999
1.5219116256654215 0.11450000000000005
1.5232035710182785 0.11399999999999999
1.5296632977825628 0.11350000000000005
1.5309552431354199 0.11299999999999999
1.5309552431354199 0.11250000000000004
1.5335391338411335 0.11199999999999999
1.5361230245468473 0.11150000000000004
1.5374149698997044 0.11099999999999999
1.541290805958275 0.11050000000000004
1.5425827513111319 0.10999999999999999
1.5425827513111319 0.10950000000000004
1.5438746966639887 0.10899999999999999
1.5438746966639887 0.10850000000000004
1.55162636878113 0.10799999999999998
1.552918314133987 0.10750000000000004
1.5555022048397007 0.10699999999999998
1.5580860955454146 0.10650000000000004
1.5593780408982716 0.10599999999999998
1.5593780408982716 0.10550000000000004
1.5593780408982716 0.10499999999999998
1.5619619316039852 0.10450000000000004
1.5632538769568423 0.10399999999999998
1.564545822309699 0.10350000000000004
1.565837767662556 0.10299999999999998
1.5697136037211266 0.10250000000000004
1.5710055490739836 0.10199999999999998
1.5722974944268404 0.10150000000000003
1.5722974944268404 0.10099999999999998
1.5813411118968388 0.10050000000000003
1.5852169479554095 0.09999999999999998
1.590384729366837 0.09950000000000003
1.5942605654254076 0.09899999999999998
1.5955525107782644 0.09850000000000003
1.5968444561311215 0.09799999999999998
1.5968444561311215 0.09750000000000003
1.5981364014839783 0.09699999999999998
1.599428346836835 0.09650000000000003
1.602012237542549 0.09599999999999997
1.6071800189539767 0.09550000000000003
1.613639745718261 0.09499999999999997
1.614931691071118 0.09450000000000003
1.6188075271296887 0.09399999999999997
1.6188075271296887 0.09350000000000003
1.6200994724825455 0.09299999999999997
1.6213914178354023 0.09250000000000003
1.6239753085411162 0.09199999999999997
1.6252672538939732 0.09150000000000003
1.62655919924683 0.09099999999999997
1.6278511445996868 0.09050000000000002
1.6278511445996868 0.08999999999999997
1.6291430899525439 0.08950000000000002
1.6368947620696852 0.08899999999999997
1.6394786527753988 0.08850000000000002
1.6407705981282559 0.08799999999999997
1.6420625434811127 0.08750000000000002
1.6433544888339695 0.08699999999999997
1.6433544888339695 0.08650000000000002
1.6446464341868265 0.08599999999999997
1.6536900516568247 0.08550000000000002
1.6575658877153954 0.08499999999999996
1.6575658877153954 0.08450000000000002
1.661441723773966 0.08399999999999996
1.6704853412439644 0.08350000000000002
1.6795289587139626 0.08299999999999996
1.6846967401253903 0.08250000000000002
1.6872806308311041 0.08199999999999996
1.6898645215368178 0.08150000000000002
1.6898645215368178 0.08099999999999996
1.6963242483011023 0.08050000000000002
1.6963242483011023 0.07999999999999996
1.700200084359673 0.07950000000000002
1.7079517564768143 0.07899999999999996
1.7105356471825282 0.07850000000000001
1.7144114832410988 0.07799999999999996
1.7157034285939556 0.07750000000000001
1.7157034285939556 0.07699999999999996
1.7299148274753815 0.07650000000000001
1.7312067728282385 0.07599999999999996
1.736374554239666 0.07550000000000001
1.736374554239666 0.07499999999999996
1.7441262263568074 0.07450000000000001
1.748002062415378 0.07399999999999995
1.7505859531210919 0.07350000000000001
1.7518778984739487 0.07299999999999995
1.7583376252382332 0.07250000000000001
1.760921515943947 0.07199999999999995
1.7673812427082314 0.07150000000000001
1.7686731880610884 0.07099999999999995
1.771257078766802 0.07050000000000001
1.771257078766802 0.06999999999999995
1.771257078766802 0.0695
1.775132914825373 0.06899999999999995
1.7764248601782298 0.0685
1.7777168055310866 0.06799999999999995
1.7790087508839436 0.0675
1.7815926415896572 0.06699999999999995
1.7880523683539418 0.0665
1.7932201497653693 0.06599999999999995
1.8035557125882244 0.0655
1.8048476579410815 0.06499999999999995
1.8048476579410815 0.0645
1.8074315486467951 0.06399999999999995
1.8087234939996522 0.0635
1.8203510021753642 0.06299999999999994
1.8255187835867916 0.0625
1.8319785103510762 0.062000000000000055
1.833270455703933 0.0615
1.83456240105679 0.061000000000000054
1.83456240105679 0.0605
1.8448979638796452 0.06000000000000005
1.846189909232502 0.0595
1.8474818545853589 0.05900000000000005
1.8474818545853589 0.058499999999999996
1.848773799938216 0.05800000000000005
1.8552335267025002 0.057499999999999996
1.857817417408214 0.05700000000000005
1.869444925583926 0.056499999999999995
1.8771965977010674 0.05600000000000005
1.8810724337596383 0.055499999999999994
1.896575777993921 0.05500000000000005
1.8978677233467778 0.05449999999999999
1.9017435594053484 0.05400000000000005
1.9056193954639191 0.05349999999999999
1.9056193954639191 0.05300000000000005
1.9069113408167762 0.05249999999999999
1.9107871768753468 0.052000000000000046
1.9133710675810605 0.05149999999999999
1.9185388489924882 0.051000000000000045
1.919830794345345 0.05049999999999999
1.919830794345345 0.050000000000000044
1.9211227396982018 0.04949999999999999
1.9211227396982018 0.049000000000000044
1.9249985757567727 0.04849999999999999
1.9288744118153434 0.04800000000000004
1.932750247873914 0.04749999999999999
1.9340421932267708 0.04700000000000004
1.9379180292853415 0.046499999999999986
1.9392099746381983 0.04600000000000004
1.9405019199910554 0.045499999999999985
1.9482535921081967 0.04500000000000004
1.9611730456367655 0.044499999999999984
1.96763277240105 0.04400000000000004
1.96763277240105 0.04349999999999998
1.968924717753907 0.04300000000000004
1.9779683352239052 0.04249999999999998
1.9779683352239052 0.04200000000000004
1.979260280576762 0.04149999999999998
1.980552225929619 0.041000000000000036
1.9844280619881898 0.04049999999999998
1.9857200073410466 0.040000000000000036
1.9895958433996173 0.03949999999999998
1.9908877887524743 0.039000000000000035
1.994763624811045 0.03849999999999998
2.0050991876339 0.038000000000000034
2.006391132986757 0.03749999999999998
2.007683078339614 0.03700000000000003
2.016726695809612 0.03649999999999998
2.0231864225738967 0.03600000000000003
2.029646149338181 0.035499999999999976
2.0335219853967517 0.03500000000000003
2.04256560286675 0.034499999999999975
2.0477333842781777 0.03400000000000003
2.0503172749838914 0.033499999999999974
2.0684045099238877 0.03300000000000003
2.077448127393886 0.03249999999999997
2.0813239634524567 0.03200000000000003
2.0826159088053138 0.03149999999999997
2.101995089098167 0.031000000000000028
2.1213742693910205 0.03049999999999997
2.1330017775667325 0.030000000000000027
2.152380957859586 0.02949999999999997
2.161424575329584 0.029000000000000026
2.1756359742110103 0.02849999999999997
2.1820957009752946 0.028000000000000025
2.1846795916810082 0.02749999999999997
2.1872634823867223 0.027000000000000024
2.1950151545038636 0.026499999999999968
2.201474881268148 0.026000000000000023
2.2053507173267186 0.025499999999999967
2.227313788325286 0.025000000000000022
2.2298976790309997 0.024499999999999966
2.263488258205279 0.02400000000000002
2.30870634555527 0.023499999999999965
2.3190419083781255 0.02300000000000002
2.337129143318122 0.022499999999999964
2.3410049793766925 0.02200000000000002
2.348756651493834 0.021499999999999964
2.3526324875524045 0.02100000000000002
2.374595558550972 0.020499999999999963
2.4056022470195373 0.020000000000000018
2.4068941923723943 0.019499999999999962
2.410770028430965 0.019000000000000017
2.432733099429532 0.01849999999999996
2.435316990135246 0.018000000000000016
2.444360607605244 0.01749999999999996
2.444360607605244 0.017000000000000015
2.4960384217195197 0.01649999999999996
2.520585383423801 0.016000000000000014
2.529629000893799 0.015499999999999958
2.5490081811866525 0.015000000000000013
2.6200651755937816 0.014499999999999957
2.663991317590916 0.014000000000000012
2.6807866071780557 0.013499999999999956
2.6833704978837694 0.013000000000000012
2.6924141153537677 0.012499999999999956
2.716961077058049 0.01200000000000001
2.751843601585185 0.011499999999999955
2.8048133610523176 0.01100000000000001
2.8099811424637453 0.010499999999999954
2.8216086506394573 0.010000000000000009
2.8396958855794536 0.009499999999999953
2.847447557696595 0.009000000000000008
2.8668267379894488 0.008499999999999952
2.931424005632293 0.008000000000000007
2.936591787043721 0.007499999999999951
2.9546790219837176 0.007000000000000006
2.9921454372165672 0.00649999999999995
3.00764878145085 0.006000000000000005
3.021860180332276 0.005499999999999949
3.0270279617437033 0.0050000000000000044
3.0528668688008413 0.0044999999999999485
3.0606185409179827 0.0040000000000000036
3.187229185497958 0.0034999999999999476
3.288000923020796 0.0030000000000000027
3.351306245310784 0.0024999999999999467
3.561893337826458 0.0020000000000000018
3.6290744961750163 0.0014999999999999458
3.751809304696421 0.0010000000000000009
3.8784199492763967 0.0004999999999999449
