# Normalized_Asset_Abs CCDF_Value
0.0011568249675022926 1.0
0.0011568249675022926 0.9995
0.0011568249675022926 0.999
0.002313649935004585 0.9985
0.002313649935004585 0.998
0.002313649935004585 0.9975
0.0034704749025068777 0.997
0.0034704749025068777 0.9965
0.00462729987000917 0.996
0.00462729987000917 0.9955
0.00462729987000917 0.995
0.005784124837511463 0.9945
0.005784124837511463 0.994
0.005784124837511463 0.9935
0.008097774772516048 0.993
0.00925459974001834 0.9925
0.00925459974001834 0.992
0.00925459974001834 0.9915
0.00925459974001834 0.991
0.010411424707520633 0.9905
0.010411424707520633 0.99
0.011568249675022926 0.9895
0.011568249675022926 0.989
0.011568249675022926 0.9885
0.011568249675022926 0.988
0.012725074642525218 0.9875
0.01388189961002751 0.987
0.01388189961002751 0.9865
0.01388189961002751 0.986
0.015038724577529805 0.9855
0.016195549545032096 0.985
0.016195549545032096 0.9845
0.01735237451253439 0.984
0.01850919948003668 0.9835
0.019666024447538975 0.983
0.019666024447538975 0.9825
0.019666024447538975 0.982
0.019666024447538975 0.9815
0.024293324317548146 0.981
0.025450149285050436 0.9805
0.02660697425255273 0.98
0.02660697425255273 0.9795
0.02776379922005502 0.979
0.028920624187557316 0.9785
0.03239109909006419 0.978
0.03239109909006419 0.9775
0.03239109909006419 0.977
0.03239109909006419 0.9765
0.033547924057566486 0.976
0.033547924057566486 0.9755
0.033547924057566486 0.975
0.033547924057566486 0.9745
0.03470474902506878 0.974
0.03470474902506878 0.9735
0.03470474902506878 0.973
0.035861573992571075 0.9725
0.03701839896007336 0.972
0.03701839896007336 0.9715
0.038175223927575656 0.971
0.038175223927575656 0.9705
0.03933204889507795 0.97
0.03933204889507795 0.9695
0.03933204889507795 0.969
0.04164569883008253 0.9685
0.04280252379758483 0.968
0.04280252379758483 0.9675
0.045116173732589415 0.967
0.0462729987000917 0.9665
0.0462729987000917 0.966
0.0462729987000917 0.9655
0.047429823667594 0.965
0.047429823667594 0.9645
0.047429823667594 0.964
0.04858664863509629 0.9635
0.04858664863509629 0.963
0.04858664863509629 0.9625
0.04858664863509629 0.962
0.049743473602598585 0.9615
0.049743473602598585 0.961
0.05090029857010087 0.9605
0.05090029857010087 0.96
0.05205712353760317 0.9595
0.05205712353760317 0.959
0.054370773472607756 0.9585
0.054370773472607756 0.958
0.054370773472607756 0.9575
0.05668442340761234 0.957
0.05784124837511463 0.9565
0.05784124837511463 0.956
0.05784124837511463 0.9555
0.058998073342616926 0.955
0.058998073342616926 0.9545
0.058998073342616926 0.954
0.06015489831011922 0.9535
0.06015489831011922 0.953
0.06131172327762151 0.9525
0.06131172327762151 0.952
0.06131172327762151 0.9515
0.0624685482451238 0.951
0.0624685482451238 0.9505
0.0624685482451238 0.95
0.0636253732126261 0.9495
0.0636253732126261 0.949
0.0636253732126261 0.9485
0.0636253732126261 0.948
0.06478219818012838 0.9475
0.06593902314763068 0.947
0.06709584811513297 0.9465
0.06940949805013756 0.946
0.06940949805013756 0.9455
0.06940949805013756 0.945
0.07056632301763985 0.9445
0.07056632301763985 0.944
0.07056632301763985 0.9435
0.07287997295264444 0.943
0.07287997295264444 0.9425
0.07287997295264444 0.942
0.07403679792014672 0.9415
0.07403679792014672 0.9410000000000001
0.07519362288764903 0.9405
0.07519362288764903 0.94
0.07635044785515131 0.9395
0.0775072728226536 0.9390000000000001
0.0786640977901559 0.9385
0.07982092275765819 0.938
0.08097774772516049 0.9375
0.08097774772516049 0.937
0.08213457269266278 0.9365
0.08213457269266278 0.9359999999999999
0.08213457269266278 0.9355
0.08213457269266278 0.935
0.08329139766016506 0.9345
0.08444822262766737 0.9339999999999999
0.08444822262766737 0.9335
0.08444822262766737 0.933
0.08444822262766737 0.9325
0.08560504759516965 0.9319999999999999
0.08560504759516965 0.9315
0.08676187256267195 0.931
0.08676187256267195 0.9305
0.08791869753017424 0.9299999999999999
0.08791869753017424 0.9295
0.08907552249767653 0.929
0.08907552249767653 0.9285
0.09023234746517883 0.928
0.09138917243268112 0.9275
0.09138917243268112 0.927
0.0925459974001834 0.9265
0.0925459974001834 0.926
0.0937028223676857 0.9255
0.094859647335188 0.925
0.0960164723026903 0.9245
0.09717329727019258 0.924
0.09717329727019258 0.9235
0.09833012223769487 0.923
0.09833012223769487 0.9225
0.09833012223769487 0.922
0.09833012223769487 0.9215
0.09833012223769487 0.921
0.09833012223769487 0.9205
0.09948694720519717 0.92
0.09948694720519717 0.9195
0.09948694720519717 0.919
0.09948694720519717 0.9185
0.10064377217269946 0.918
0.10064377217269946 0.9175
0.10180059714020175 0.917
0.10295742210770405 0.9165
0.10295742210770405 0.916
0.10411424707520633 0.9155
0.10411424707520633 0.915
0.10411424707520633 0.9145
0.10411424707520633 0.914
0.10527107204270864 0.9135
0.10527107204270864 0.913
0.10527107204270864 0.9125
0.10642789701021092 0.912
0.10642789701021092 0.9115
0.10758472197771321 0.911
0.10874154694521551 0.9105
0.1098983719127178 0.91
0.1098983719127178 0.9095
0.1098983719127178 0.909
0.1098983719127178 0.9085
0.1098983719127178 0.908
0.11105519688022009 0.9075
0.11105519688022009 0.907
0.11221202184772239 0.9065
0.11221202184772239 0.906
0.11452567178272698 0.9055
0.11452567178272698 0.905
0.11452567178272698 0.9045
0.11452567178272698 0.904
0.11452567178272698 0.9035
0.11568249675022926 0.903
0.11568249675022926 0.9025
0.11683932171773155 0.902
0.11799614668523385 0.9015
0.11915297165273614 0.901
0.12146662158774073 0.9005
0.12262344655524302 0.9
0.12378027152274532 0.8995
0.1249370964902476 0.899
0.1249370964902476 0.8985
0.1249370964902476 0.898
0.1249370964902476 0.8975
0.1260939214577499 0.897
0.1272507464252522 0.8965
0.1272507464252522 0.896
0.1284075713927545 0.8955
0.1284075713927545 0.895
0.1284075713927545 0.8945
0.1284075713927545 0.894
0.12956439636025677 0.8935
0.12956439636025677 0.893
0.13072122132775907 0.8925
0.13072122132775907 0.892
0.13072122132775907 0.8915
0.13072122132775907 0.891
0.13187804629526137 0.8905
0.13187804629526137 0.89
0.13303487126276364 0.8895
0.13303487126276364 0.889
0.13419169623026594 0.8885
0.13534852119776825 0.888
0.13534852119776825 0.8875
0.13650534616527052 0.887
0.13766217113277282 0.8865
0.13766217113277282 0.886
0.13881899610027512 0.8855
0.1399758210677774 0.885
0.142289471002782 0.8845
0.142289471002782 0.884
0.142289471002782 0.8835
0.142289471002782 0.883
0.1434462959702843 0.8825000000000001
0.14460312093778657 0.882
0.14460312093778657 0.8815
0.14460312093778657 0.881
0.14575994590528887 0.8805000000000001
0.14575994590528887 0.88
0.14575994590528887 0.8795
0.14575994590528887 0.879
0.14691677087279117 0.8785000000000001
0.14691677087279117 0.878
0.14923042080779575 0.8775
0.15038724577529805 0.877
0.15038724577529805 0.8765000000000001
0.15154407074280032 0.876
0.15154407074280032 0.8755
0.15154407074280032 0.875
0.15270089571030263 0.8745
0.15270089571030263 0.874
0.15270089571030263 0.8734999999999999
0.15385772067780493 0.873
0.15385772067780493 0.8725
0.15385772067780493 0.872
0.1550145456453072 0.8714999999999999
0.1561713706128095 0.871
0.1561713706128095 0.8705
0.1561713706128095 0.87
0.1584850205478141 0.8694999999999999
0.1584850205478141 0.869
0.16079867048281868 0.8685
0.16195549545032098 0.868
0.16195549545032098 0.8674999999999999
0.16542597035282786 0.867
0.16542597035282786 0.8665
0.16658279532033013 0.866
0.16773962028783243 0.8654999999999999
0.16773962028783243 0.865
0.16889644525533473 0.8645
0.16889644525533473 0.864
0.170053270222837 0.8634999999999999
0.170053270222837 0.863
0.170053270222837 0.8625
0.1723669201578416 0.862
0.1735237451253439 0.8614999999999999
0.1735237451253439 0.861
0.17468057009284618 0.8605
0.17468057009284618 0.86
0.17468057009284618 0.8594999999999999
0.17583739506034848 0.859
0.17699422002785078 0.8585
0.17699422002785078 0.858
0.17815104499535306 0.8575
0.17815104499535306 0.857
0.17930786996285536 0.8565
0.18046469493035766 0.856
0.18046469493035766 0.8555
0.18046469493035766 0.855
0.18162151989785993 0.8545
0.18277834486536224 0.854
0.18277834486536224 0.8535
0.18277834486536224 0.853
0.18277834486536224 0.8525
0.18393516983286454 0.852
0.1850919948003668 0.8515
0.1850919948003668 0.851
0.1862488197678691 0.8505
0.1862488197678691 0.85
0.1874056447353714 0.8495
0.1874056447353714 0.849
0.1874056447353714 0.8485
0.189719294670376 0.848
0.1908761196378783 0.8475
0.1908761196378783 0.847
0.1920329446053806 0.8465
0.1920329446053806 0.846
0.1920329446053806 0.8455
0.1920329446053806 0.845
0.19318976957288286 0.8445
0.19318976957288286 0.844
0.19434659454038516 0.8435
0.19434659454038516 0.843
0.19434659454038516 0.8425
0.19550341950788747 0.842
0.19666024447538974 0.8415
0.19666024447538974 0.841
0.19666024447538974 0.8405
0.19781706944289204 0.84
0.19781706944289204 0.8395
0.20013071937789662 0.839
0.20128754434539892 0.8385
0.2047580192479058 0.838
0.2047580192479058 0.8375
0.2059148442154081 0.837
0.2059148442154081 0.8365
0.2070716691829104 0.836
0.20822849415041267 0.8355
0.20822849415041267 0.835
0.20938531911791497 0.8345
0.20938531911791497 0.834
0.20938531911791497 0.8335
0.21054214408541727 0.833
0.21169896905291954 0.8325
0.21169896905291954 0.832
0.21169896905291954 0.8315
0.21401261898792415 0.831
0.21401261898792415 0.8305
0.21516944395542642 0.83
0.21632626892292872 0.8295
0.21632626892292872 0.829
0.21748309389043102 0.8285
0.21748309389043102 0.8280000000000001
0.2186399188579333 0.8275
0.2197967438254356 0.827
0.2197967438254356 0.8265
0.2197967438254356 0.8260000000000001
0.2209535687929379 0.8255
0.22211039376044017 0.825
0.22211039376044017 0.8245
0.22326721872794247 0.8240000000000001
0.22442404369544477 0.8235
0.22442404369544477 0.823
0.22558086866294708 0.8225
0.22558086866294708 0.8220000000000001
0.22558086866294708 0.8215
0.22789451859795165 0.821
0.22789451859795165 0.8205
0.22789451859795165 0.8200000000000001
0.23020816853295623 0.8195
0.23136499350045853 0.819
0.23136499350045853 0.8185
0.23136499350045853 0.8180000000000001
0.23252181846796083 0.8175
0.23252181846796083 0.817
0.2336786434354631 0.8165
0.2336786434354631 0.8160000000000001
0.2348354684029654 0.8155
0.2359922933704677 0.815
0.2359922933704677 0.8145
0.23714911833796998 0.8140000000000001
0.23714911833796998 0.8135
0.23714911833796998 0.813
0.23714911833796998 0.8125
0.23830594330547228 0.812
0.23830594330547228 0.8115
0.23830594330547228 0.8109999999999999
0.23946276827297458 0.8105
0.23946276827297458 0.81
0.23946276827297458 0.8095
0.24061959324047688 0.8089999999999999
0.24293324317548146 0.8085
0.24409006814298376 0.808
0.24409006814298376 0.8075
0.24409006814298376 0.8069999999999999
0.24409006814298376 0.8065
0.24409006814298376 0.806
0.24524689311048603 0.8055
0.24524689311048603 0.8049999999999999
0.24640371807798833 0.8045
0.24756054304549063 0.804
0.2498741929804952 0.8035
0.2498741929804952 0.8029999999999999
0.2498741929804952 0.8025
0.2498741929804952 0.802
0.2521878429154998 0.8015
0.2521878429154998 0.8009999999999999
0.2521878429154998 0.8005
0.2533446678830021 0.8
0.2533446678830021 0.7995
0.2545014928505044 0.7989999999999999
0.2556583178180067 0.7985
0.2556583178180067 0.798
0.2556583178180067 0.7975
0.2556583178180067 0.7969999999999999
0.256815142785509 0.7965
0.25797196775301123 0.796
0.25797196775301123 0.7955
0.25797196775301123 0.795
0.25912879272051353 0.7945
0.25912879272051353 0.794
0.25912879272051353 0.7935
0.26028561768801584 0.793
0.26028561768801584 0.7925
0.26144244265551814 0.792
0.26259926762302044 0.7915
0.26259926762302044 0.791
0.26259926762302044 0.7905
0.26259926762302044 0.79
0.26259926762302044 0.7895
0.26259926762302044 0.789
0.26375609259052274 0.7885
0.26375609259052274 0.788
0.2660697425255273 0.7875
0.2672265674930296 0.787
0.2683833924605319 0.7865
0.2695402174280342 0.786
0.2695402174280342 0.7855
0.2695402174280342 0.785
0.2718538673630388 0.7845
0.27301069233054104 0.784
0.27301069233054104 0.7835
0.27301069233054104 0.783
0.27301069233054104 0.7825
0.27416751729804334 0.782
0.27416751729804334 0.7815
0.27416751729804334 0.781
0.27532434226554564 0.7805
0.27532434226554564 0.78
0.27532434226554564 0.7795
0.27648116723304794 0.779
0.27648116723304794 0.7785
0.27648116723304794 0.778
0.27648116723304794 0.7775
0.27763799220055024 0.777
0.27763799220055024 0.7765
0.27763799220055024 0.776
0.27879481716805254 0.7755
0.27879481716805254 0.775
0.2799516421355548 0.7745
0.2799516421355548 0.774
0.2811084671030571 0.7735
0.2822652920705594 0.773
0.2834221170380617 0.7725
0.2834221170380617 0.772
0.2834221170380617 0.7715
0.2834221170380617 0.771
0.2868925919405686 0.7705
0.2868925919405686 0.77
0.2868925919405686 0.7695
0.2868925919405686 0.769
0.28804941690807084 0.7685
0.29036306684307545 0.768
0.29267671677808005 0.7675
0.29267671677808005 0.767
0.29267671677808005 0.7665
0.2949903667130846 0.766
0.2949903667130846 0.7655000000000001
0.2949903667130846 0.765
0.2961471916805869 0.7645
0.2961471916805869 0.764
0.2961471916805869 0.7635000000000001
0.2984608416155915 0.763
0.2984608416155915 0.7625
0.2984608416155915 0.762
0.2984608416155915 0.7615000000000001
0.3007744915505961 0.761
0.3007744915505961 0.7605
0.3019313165180984 0.76
0.3019313165180984 0.7595000000000001
0.30308814148560065 0.759
0.30308814148560065 0.7585
0.30655861638810755 0.758
0.30655861638810755 0.7575000000000001
0.30655861638810755 0.757
0.30655861638810755 0.7565
0.30655861638810755 0.756
0.30655861638810755 0.7555000000000001
0.30771544135560985 0.755
0.30887226632311215 0.7545
0.30887226632311215 0.754
0.3100290912906144 0.7535000000000001
0.3111859162581167 0.753
0.312342741225619 0.7525
0.312342741225619 0.752
0.3134995661931213 0.7515000000000001
0.3146563911606236 0.751
0.3146563911606236 0.7505
0.3158132161281259 0.75
0.31812686606313045 0.7495
0.31928369103063275 0.749
0.31928369103063275 0.7484999999999999
0.32044051599813506 0.748
0.32044051599813506 0.7475
0.32044051599813506 0.747
0.32159734096563736 0.7464999999999999
0.32159734096563736 0.746
0.32275416593313966 0.7455
0.32275416593313966 0.745
0.32275416593313966 0.7444999999999999
0.32391099090064196 0.744
0.32391099090064196 0.7435
0.32391099090064196 0.743
0.3250678158681442 0.7424999999999999
0.3250678158681442 0.742
0.3250678158681442 0.7415
0.3262246408356465 0.741
0.3285382907706511 0.7404999999999999
0.3296951157381534 0.74
0.3308519407056557 0.7395
0.332008765673158 0.739
0.332008765673158 0.7384999999999999
0.332008765673158 0.738
0.33316559064066026 0.7375
0.33432241560816256 0.737
0.33432241560816256 0.7364999999999999
0.33547924057566486 0.736
0.33547924057566486 0.7355
0.33547924057566486 0.735
0.33547924057566486 0.7344999999999999
0.33547924057566486 0.734
0.33547924057566486 0.7335
0.33663606554316716 0.733
0.33663606554316716 0.7324999999999999
0.33779289051066946 0.732
0.33779289051066946 0.7315
0.340106540445674 0.731
0.340106540445674 0.7304999999999999
0.340106540445674 0.73
0.3412633654131763 0.7295
0.3424201903806786 0.729
0.3424201903806786 0.7284999999999999
0.3424201903806786 0.728
0.3435770153481809 0.7275
0.3435770153481809 0.727
0.3447338403156832 0.7264999999999999
0.3458906652831855 0.726
0.3458906652831855 0.7255
0.3470474902506878 0.725
0.3470474902506878 0.7244999999999999
0.3470474902506878 0.724
0.34820431521819006 0.7235
0.34820431521819006 0.723
0.34820431521819006 0.7224999999999999
0.34936114018569236 0.722
0.34936114018569236 0.7215
0.35167479012069697 0.721
0.35283161508819927 0.7204999999999999
0.35398844005570157 0.72
0.3551452650232038 0.7195
0.3551452650232038 0.719
0.3551452650232038 0.7185
0.3574589149582084 0.718
0.3586157399257107 0.7175
0.3586157399257107 0.7170000000000001
0.359772564893213 0.7165
0.359772564893213 0.716
0.359772564893213 0.7155
0.359772564893213 0.7150000000000001
0.359772564893213 0.7145
0.3609293898607153 0.714
0.3609293898607153 0.7135
0.3609293898607153 0.7130000000000001
0.36208621482821757 0.7125
0.36208621482821757 0.712
0.36208621482821757 0.7115
0.36324303979571987 0.7110000000000001
0.36439986476322217 0.7105
0.36555668973072447 0.71
0.3667135146982268 0.7095
0.3667135146982268 0.7090000000000001
0.3667135146982268 0.7085
0.3678703396657291 0.708
0.3678703396657291 0.7075
0.3678703396657291 0.7070000000000001
0.3690271646332314 0.7065
0.3701839896007336 0.706
0.3713408145682359 0.7055
0.3713408145682359 0.7050000000000001
0.3736544645032405 0.7045
0.3759681144382451 0.704
0.3771249394057474 0.7035
0.3771249394057474 0.7030000000000001
0.3771249394057474 0.7025
0.3782817643732497 0.702
0.3782817643732497 0.7015
0.3782817643732497 0.7010000000000001
0.3782817643732497 0.7005
0.3782817643732497 0.7
0.3782817643732497 0.6995
0.3805954143082543 0.6990000000000001
0.3817522392757566 0.6985
0.3829090642432589 0.698
0.3829090642432589 0.6975
0.3829090642432589 0.6970000000000001
0.3829090642432589 0.6965
0.3829090642432589 0.696
0.3840658892107612 0.6955
0.3840658892107612 0.6950000000000001
0.3863795391457657 0.6945
0.3863795391457657 0.694
0.3863795391457657 0.6935
0.3863795391457657 0.6930000000000001
0.3863795391457657 0.6925
0.3863795391457657 0.692
0.38869318908077033 0.6915
0.38869318908077033 0.6910000000000001
0.39100683901577493 0.6905
0.39100683901577493 0.69
0.39100683901577493 0.6895
0.3933204889507795 0.6890000000000001
0.3933204889507795 0.6885
0.3944773139182818 0.688
0.3956341388857841 0.6875
0.3956341388857841 0.687
0.3967909638532864 0.6865
0.3967909638532864 0.6859999999999999
0.3979477888207887 0.6855
0.399104613788291 0.685
0.399104613788291 0.6845
0.40026143875579323 0.6839999999999999
0.40141826372329553 0.6835
0.40257508869079783 0.683
0.40257508869079783 0.6825
0.40373191365830013 0.6819999999999999
0.40373191365830013 0.6815
0.40488873862580244 0.681
0.40488873862580244 0.6805
0.40604556359330474 0.6799999999999999
0.407202388560807 0.6795
0.407202388560807 0.679
0.4083592135283093 0.6785
0.4083592135283093 0.6779999999999999
0.4118296884308162 0.6775
0.4118296884308162 0.677
0.4129865133983185 0.6765
0.4141433383658208 0.6759999999999999
0.41530016333332304 0.6755
0.41530016333332304 0.675
0.41530016333332304 0.6745
0.41645698830082534 0.6739999999999999
0.41645698830082534 0.6735
0.41761381326832764 0.673
0.41761381326832764 0.6725
0.41877063823582994 0.6719999999999999
0.41877063823582994 0.6715
0.41992746320333224 0.671
0.41992746320333224 0.6705
0.42108428817083454 0.6699999999999999
0.42108428817083454 0.6695
0.4222411131383368 0.669
0.4222411131383368 0.6685
0.4233979381058391 0.6679999999999999
0.4257115880408437 0.6675
0.4257115880408437 0.667
0.426868413008346 0.6665
0.426868413008346 0.6659999999999999
0.4280252379758483 0.6655
0.4280252379758483 0.665
0.43033888791085284 0.6645
0.43149571287835514 0.6639999999999999
0.43149571287835514 0.6635
0.43496618778086205 0.663
0.43496618778086205 0.6625
0.4372798377158666 0.6619999999999999
0.4372798377158666 0.6615
0.4372798377158666 0.661
0.4384366626833689 0.6605
0.4384366626833689 0.6599999999999999
0.4395934876508712 0.6595
0.4395934876508712 0.659
0.4407503126183735 0.6585
0.4407503126183735 0.6579999999999999
0.4419071375858758 0.6575
0.4419071375858758 0.657
0.4419071375858758 0.6565
0.4430639625533781 0.656
0.4430639625533781 0.6555
0.44537761248838265 0.655
0.44537761248838265 0.6545000000000001
0.44653443745588495 0.654
0.44769126242338725 0.6535
0.44769126242338725 0.653
0.44769126242338725 0.6525000000000001
0.44884808739088955 0.652
0.44884808739088955 0.6515
0.44884808739088955 0.651
0.45000491235839185 0.6505000000000001
0.45000491235839185 0.65
0.45116173732589415 0.6495
0.45116173732589415 0.649
0.4523185622933964 0.6485000000000001
0.4523185622933964 0.648
0.4534753872608987 0.6475
0.454632212228401 0.647
0.454632212228401 0.6465000000000001
0.454632212228401 0.646
0.454632212228401 0.6455
0.4569458621634056 0.645
0.4581026871309079 0.6445000000000001
0.4581026871309079 0.644
0.45925951209841015 0.6435
0.46272998700091705 0.643
0.46272998700091705 0.6425000000000001
0.46388681196841935 0.642
0.46504363693592166 0.6415
0.46504363693592166 0.641
0.46504363693592166 0.6405000000000001
0.46620046190342396 0.64
0.46620046190342396 0.6395
0.4673572868709262 0.639
0.4673572868709262 0.6385000000000001
0.4685141118384285 0.638
0.4685141118384285 0.6375
0.4685141118384285 0.637
0.4685141118384285 0.6365000000000001
0.4708277617734331 0.636
0.4708277617734331 0.6355
0.4719845867409354 0.635
0.47429823667593995 0.6345000000000001
0.47429823667593995 0.634
0.47429823667593995 0.6335
0.47429823667593995 0.633
0.47545506164344226 0.6325000000000001
0.47545506164344226 0.632
0.47545506164344226 0.6315
0.47545506164344226 0.631
0.47545506164344226 0.6305000000000001
0.47661188661094456 0.63
0.47661188661094456 0.6295
0.47661188661094456 0.629
0.47661188661094456 0.6285000000000001
0.47661188661094456 0.628
0.47776871157844686 0.6275
0.47776871157844686 0.627
0.47892553654594916 0.6265000000000001
0.48008236151345146 0.626
0.48008236151345146 0.6255
0.48123918648095376 0.625
0.48123918648095376 0.6245
0.482396011448456 0.624
0.482396011448456 0.6234999999999999
0.482396011448456 0.623
0.4835528364159583 0.6225
0.4835528364159583 0.622
0.4835528364159583 0.6214999999999999
0.4858664863509629 0.621
0.4858664863509629 0.6205
0.4881801362859675 0.62
0.49049378622097206 0.6194999999999999
0.49165061118847436 0.619
0.49165061118847436 0.6185
0.49280743615597666 0.618
0.49396426112347896 0.6174999999999999
0.49512108609098127 0.617
0.49512108609098127 0.6165
0.49512108609098127 0.616
0.49512108609098127 0.6154999999999999
0.49627791105848357 0.615
0.49627791105848357 0.6145
0.49627791105848357 0.614
0.49627791105848357 0.6134999999999999
0.49627791105848357 0.613
0.4985915609934881 0.6125
0.4997483859609904 0.612
0.4997483859609904 0.6114999999999999
0.4997483859609904 0.611
0.4997483859609904 0.6105
0.4997483859609904 0.61
0.5009052109284927 0.6094999999999999
0.5009052109284927 0.609
0.502062035895995 0.6085
0.5032188608634973 0.608
0.5032188608634973 0.6074999999999999
0.5032188608634973 0.607
0.5043756858309996 0.6065
0.5043756858309996 0.606
0.5055325107985019 0.6054999999999999
0.5055325107985019 0.605
0.5066893357660042 0.6045
0.5066893357660042 0.604
0.5078461607335064 0.6034999999999999
0.5078461607335064 0.603
0.5090029857010088 0.6025
0.510159810668511 0.602
0.510159810668511 0.6014999999999999
0.5113166356360134 0.601
0.5113166356360134 0.6005
0.513630285571018 0.6
0.5147871105385202 0.5994999999999999
0.5147871105385202 0.599
0.5171007604735248 0.5985
0.5171007604735248 0.598
0.5194144104085294 0.5974999999999999
0.5194144104085294 0.597
0.5205712353760317 0.5965
0.521728060343534 0.596
0.5228848853110363 0.5954999999999999
0.5228848853110363 0.595
0.5228848853110363 0.5945
0.5228848853110363 0.594
0.5240417102785385 0.5935
0.5251985352460409 0.593
0.5251985352460409 0.5925
0.5263553602135431 0.5920000000000001
0.5263553602135431 0.5915
0.5263553602135431 0.591
0.5275121851810455 0.5905
0.5309826600835523 0.5900000000000001
0.5321394850510546 0.5895
0.5332963100185569 0.589
0.5344531349860592 0.5885
0.5356099599535615 0.5880000000000001
0.537923609888566 0.5875
0.537923609888566 0.587
0.537923609888566 0.5865
0.537923609888566 0.5860000000000001
0.5390804348560684 0.5855
0.5402372598235706 0.585
0.541394084791073 0.5845
0.541394084791073 0.5840000000000001
0.541394084791073 0.5835
0.5425509097585752 0.583
0.5425509097585752 0.5825
0.5425509097585752 0.5820000000000001
0.5425509097585752 0.5815
0.5425509097585752 0.581
0.5448645596935798 0.5805
0.5460213846610821 0.5800000000000001
0.5460213846610821 0.5795
0.5471782096285844 0.579
0.5471782096285844 0.5785
0.5483350345960867 0.5780000000000001
0.5483350345960867 0.5775
0.5483350345960867 0.577
0.549491859563589 0.5765
0.5506486845310913 0.5760000000000001
0.5518055094985936 0.5755
0.5518055094985936 0.575
0.5518055094985936 0.5745
0.5541191594335981 0.5740000000000001
0.5541191594335981 0.5735
0.5541191594335981 0.573
0.5552759844011005 0.5725
0.5552759844011005 0.5720000000000001
0.5564328093686027 0.5715
0.5564328093686027 0.571
0.5564328093686027 0.5705
0.5564328093686027 0.5700000000000001
0.5564328093686027 0.5695
0.5575896343361051 0.569
0.5599032842711096 0.5685
0.5599032842711096 0.5680000000000001
0.5622169342061142 0.5675
0.5622169342061142 0.567
0.5622169342061142 0.5665
0.5645305841411188 0.5660000000000001
0.5645305841411188 0.5655
0.5656874091086211 0.565
0.5668442340761234 0.5645
0.5680010590436256 0.5640000000000001
0.5680010590436256 0.5635
0.5680010590436256 0.563
0.569157884011128 0.5625
0.569157884011128 0.562
0.5703147089786302 0.5615
0.5703147089786302 0.5609999999999999
0.5726283589136348 0.5605
0.5726283589136348 0.56
0.5737851838811372 0.5595
0.5737851838811372 0.5589999999999999
0.5737851838811372 0.5585
0.5737851838811372 0.558
0.5737851838811372 0.5575
0.5749420088486394 0.5569999999999999
0.5749420088486394 0.5565
0.5749420088486394 0.556
0.5760988338161417 0.5555
0.5760988338161417 0.5549999999999999
0.5784124837511463 0.5545
0.5795693087186486 0.554
0.5795693087186486 0.5535
0.5807261336861509 0.5529999999999999
0.5807261336861509 0.5525
0.5818829586536532 0.552
0.5830397836211555 0.5515
0.5841966085886577 0.5509999999999999
0.5865102585236623 0.5505
0.5865102585236623 0.55
0.5865102585236623 0.5495
0.5876670834911647 0.5489999999999999
0.5876670834911647 0.5485
0.588823908458667 0.548
0.588823908458667 0.5475
0.5899807334261692 0.5469999999999999
0.5899807334261692 0.5465
0.5899807334261692 0.546
0.5911375583936715 0.5455
0.5911375583936715 0.5449999999999999
0.5922943833611738 0.5445
0.5934512083286761 0.544
0.5934512083286761 0.5435
0.5946080332961784 0.5429999999999999
0.5946080332961784 0.5425
0.5946080332961784 0.542
0.5957648582636808 0.5415
0.5957648582636808 0.5409999999999999
0.5957648582636808 0.5405
0.5957648582636808 0.54
0.596921683231183 0.5395
0.5980785081986852 0.5389999999999999
0.6003921581336898 0.5385
0.6003921581336898 0.538
0.6003921581336898 0.5375
0.6015489831011922 0.5369999999999999
0.6015489831011922 0.5365
0.6015489831011922 0.536
0.6015489831011922 0.5355
0.6027058080686944 0.5349999999999999
0.605019458003699 0.5345
0.6061762829712013 0.534
0.6073331079387037 0.5335
0.6084899329062059 0.5329999999999999
0.6084899329062059 0.5325
0.6096467578737083 0.532
0.6119604078087129 0.5315
0.6131172327762151 0.531
0.6131172327762151 0.5305
0.6131172327762151 0.53
0.6131172327762151 0.5295000000000001
0.6142740577437173 0.529
0.6142740577437173 0.5285
0.6154308827112197 0.528
0.6154308827112197 0.5275000000000001
0.6154308827112197 0.527
0.6177445326462243 0.5265
0.6177445326462243 0.526
0.6200581825812288 0.5255000000000001
0.6200581825812288 0.525
0.6212150075487312 0.5245
0.6212150075487312 0.524
0.6212150075487312 0.5235000000000001
0.6235286574837358 0.523
0.6235286574837358 0.5225
0.624685482451238 0.522
0.624685482451238 0.5215000000000001
0.624685482451238 0.521
0.624685482451238 0.5205
0.6258423074187404 0.52
0.6269991323862426 0.5195000000000001
0.6281559573537449 0.519
0.6281559573537449 0.5185
0.6281559573537449 0.518
0.6293127823212472 0.5175000000000001
0.6316264322562518 0.517
0.6327832572237541 0.5165
0.6327832572237541 0.516
0.6327832572237541 0.5155000000000001
0.6339400821912564 0.515
0.6350969071587587 0.5145
0.6385673820612655 0.514
0.6420378569637724 0.5135000000000001
0.6431946819312747 0.513
0.644351506898777 0.5125
0.6455083318662793 0.512
0.6455083318662793 0.5115000000000001
0.6455083318662793 0.511
0.6455083318662793 0.5105
0.6466651568337816 0.51
0.6466651568337816 0.5095000000000001
0.6478219818012839 0.509
0.6478219818012839 0.5085
0.6489788067687862 0.508
0.6501356317362884 0.5075000000000001
0.6512924567037908 0.507
0.652449281671293 0.5065
0.652449281671293 0.506
0.652449281671293 0.5055000000000001
0.652449281671293 0.505
0.6536061066387954 0.5045
0.6536061066387954 0.504
0.6536061066387954 0.5035000000000001
0.6547629316062976 0.503
0.6570765815413022 0.5025
0.6582334065088045 0.502
0.6582334065088045 0.5015000000000001
0.6605470564438091 0.501
0.6605470564438091 0.5005
0.6617038814113114 0.5
0.6628607063788137 0.49950000000000006
0.6628607063788137 0.499
0.664017531346316 0.49850000000000005
0.6651743563138183 0.498
0.6651743563138183 0.49750000000000005
0.6651743563138183 0.497
0.6651743563138183 0.49650000000000005
0.6651743563138183 0.496
0.6686448312163251 0.49550000000000005
0.6698016561838275 0.495
0.6709584811513297 0.49450000000000005
0.672115306118832 0.494
0.672115306118832 0.49350000000000005
0.6755857810213389 0.493
0.6755857810213389 0.49250000000000005
0.6778994309563435 0.492
0.6790562559238458 0.49150000000000005
0.6790562559238458 0.491
0.680213080891348 0.49050000000000005
0.680213080891348 0.49
0.6813699058588504 0.48950000000000005
0.6859972057288596 0.489
0.6871540306963618 0.48850000000000005
0.6871540306963618 0.488
0.6883108556638641 0.48750000000000004
0.6883108556638641 0.487
0.6894676806313664 0.48650000000000004
0.6906245055988687 0.486
0.6906245055988687 0.48550000000000004
0.6929381555338733 0.485
0.6964086304363801 0.48450000000000004
0.6964086304363801 0.484
0.6975654554038825 0.48350000000000004
0.7010359303063893 0.483
0.7010359303063893 0.48250000000000004
0.7010359303063893 0.482
0.7045064052088962 0.48150000000000004
0.7056632301763985 0.481
0.7056632301763985 0.48050000000000004
0.7056632301763985 0.48
0.7056632301763985 0.47950000000000004
0.7056632301763985 0.479
0.7068200551439008 0.47850000000000004
0.7068200551439008 0.478
0.7079768801114031 0.47750000000000004
0.7079768801114031 0.477
0.7091337050789054 0.47650000000000003
0.71144735501391 0.476
0.7126041799814122 0.47550000000000003
0.7126041799814122 0.475
0.7149178299164168 0.47450000000000003
0.7149178299164168 0.474
0.7160746548839192 0.47350000000000003
0.7160746548839192 0.473
0.7172314798514214 0.47250000000000003
0.7172314798514214 0.472
0.7183883048189237 0.47150000000000003
0.7207019547539283 0.471
0.7218587797214306 0.47050000000000003
0.7218587797214306 0.47
0.7230156046889329 0.46950000000000003
0.7241724296564351 0.469
0.7253292546239375 0.4685
0.7253292546239375 0.46799999999999997
0.7253292546239375 0.4675
0.7264860795914397 0.46699999999999997
0.7264860795914397 0.4665
0.7276429045589421 0.46599999999999997
0.7276429045589421 0.4655
0.7287997295264443 0.46499999999999997
0.7299565544939467 0.4645
0.7299565544939467 0.46399999999999997
0.7322702044289512 0.4635
0.7322702044289512 0.46299999999999997
0.7334270293964535 0.4625
0.7345838543639558 0.46199999999999997
0.7345838543639558 0.4615
0.7357406793314581 0.46099999999999997
0.7357406793314581 0.4605
0.7368975042989604 0.45999999999999996
0.7368975042989604 0.4595
0.7380543292664627 0.45899999999999996
0.739211154233965 0.4585
0.739211154233965 0.45799999999999996
0.7403679792014672 0.4575
0.7403679792014672 0.45699999999999996
0.7426816291364718 0.4565
0.7426816291364718 0.45599999999999996
0.7438384541039742 0.4555
0.7438384541039742 0.45499999999999996
0.7438384541039742 0.4545
0.7449952790714764 0.45399999999999996
0.7449952790714764 0.4535
0.7461521040389788 0.45299999999999996
0.747308929006481 0.4525
0.747308929006481 0.45199999999999996
0.747308929006481 0.4515
0.747308929006481 0.45099999999999996
0.7484657539739833 0.4505
0.7496225789414857 0.44999999999999996
0.7496225789414857 0.4495
0.7507794039089879 0.44899999999999995
0.7507794039089879 0.4485
0.7519362288764903 0.44799999999999995
0.7519362288764903 0.4475
0.7519362288764903 0.44699999999999995
0.7519362288764903 0.4465
0.7530930538439925 0.44599999999999995
0.7530930538439925 0.4455
0.7565635287464993 0.44499999999999995
0.7565635287464993 0.4445
0.7577203537140017 0.44399999999999995
0.7577203537140017 0.4435
0.7577203537140017 0.44299999999999995
0.7600340036490063 0.4425
0.7600340036490063 0.44199999999999995
0.7623476535840108 0.4415
0.7635044785515132 0.44099999999999995
0.7635044785515132 0.4405
0.7646613035190154 0.43999999999999995
0.7646613035190154 0.4395
0.7658181284865178 0.43899999999999995
0.7658181284865178 0.4385
0.76697495345402 0.43799999999999994
0.76697495345402 0.4375
0.7704454283565269 0.43700000000000006
0.7704454283565269 0.4365
0.7727590782915315 0.43600000000000005
0.7727590782915315 0.4355
0.7739159032590338 0.43500000000000005
0.7750727282265361 0.4345
0.7750727282265361 0.43400000000000005
0.7750727282265361 0.4335
0.7750727282265361 0.43300000000000005
0.7762295531940384 0.4325
0.7773863781615407 0.43200000000000005
0.7773863781615407 0.4315
0.7773863781615407 0.43100000000000005
0.7773863781615407 0.4305
0.7797000280965453 0.43000000000000005
0.7820136780315499 0.4295
0.7820136780315499 0.42900000000000005
0.7831705029990521 0.4285
0.7831705029990521 0.42800000000000005
0.7843273279665544 0.4275
0.7901114528040659 0.42700000000000005
0.7901114528040659 0.4265
0.7924251027390704 0.42600000000000005
0.7935819277065728 0.4255
0.794738752674075 0.42500000000000004
0.7958955776415774 0.4245
0.7970524026090796 0.42400000000000004
0.7970524026090796 0.4235
0.8005228775115865 0.42300000000000004
0.8016797024790888 0.4225
0.8016797024790888 0.42200000000000004
0.8028365274465911 0.4215
0.8028365274465911 0.42100000000000004
0.8051501773815957 0.4205
0.8051501773815957 0.42000000000000004
0.8074638273166003 0.4195
0.8074638273166003 0.41900000000000004
0.8086206522841025 0.4185
0.8086206522841025 0.41800000000000004
0.8086206522841025 0.4175
0.8097774772516049 0.41700000000000004
0.8109343022191071 0.4165
0.8132479521541117 0.41600000000000004
0.814404777121614 0.4155
0.8167184270566186 0.41500000000000004
0.8178752520241209 0.4145
0.8178752520241209 0.41400000000000003
0.8178752520241209 0.4135
0.8190320769916232 0.41300000000000003
0.8213457269266278 0.4125
0.82250255189413 0.41200000000000003
0.82250255189413 0.4115
0.8236593768616324 0.41100000000000003
0.825973026796637 0.4105
0.825973026796637 0.41000000000000003
0.825973026796637 0.4095
0.8271298517641392 0.40900000000000003
0.8282866767316416 0.4085
0.8282866767316416 0.40800000000000003
0.8306003266666461 0.4075
0.8306003266666461 0.40700000000000003
0.8306003266666461 0.4065
0.8329139766016507 0.406
0.8329139766016507 0.40549999999999997
0.8329139766016507 0.405
0.834070801569153 0.40449999999999997
0.834070801569153 0.404
0.834070801569153 0.40349999999999997
0.8352276265366553 0.403
0.8375412764716599 0.40249999999999997
0.8386981014391621 0.402
0.8386981014391621 0.40149999999999997
0.8398549264066645 0.401
0.8398549264066645 0.40049999999999997
0.8410117513741667 0.4
0.8410117513741667 0.39949999999999997
0.8433254013091713 0.399
0.8444822262766736 0.39849999999999997
0.8456390512441759 0.398
0.8456390512441759 0.39749999999999996
0.8467958762116782 0.397
0.8467958762116782 0.39649999999999996
0.8479527011791805 0.396
0.8502663511141851 0.39549999999999996
0.8514231760816874 0.395
0.8525800010491896 0.39449999999999996
0.8525800010491896 0.394
0.8525800010491896 0.39349999999999996
0.8525800010491896 0.393
0.8525800010491896 0.39249999999999996
0.853736826016692 0.392
0.8548936509841942 0.39149999999999996
0.8548936509841942 0.391
0.8560504759516966 0.39049999999999996
0.8572073009191988 0.39
0.8595209508542034 0.38949999999999996
0.8606777758217057 0.389
0.8606777758217057 0.38849999999999996
0.861834600789208 0.388
0.861834600789208 0.38749999999999996
0.8629914257567103 0.387
0.8653050756917149 0.38649999999999995
0.8653050756917149 0.386
0.8664619006592171 0.38549999999999995
0.8676187256267195 0.385
0.8676187256267195 0.38449999999999995
0.8699323755617241 0.384
0.8710892005292263 0.38349999999999995
0.8722460254967287 0.383
0.8780301503342401 0.38249999999999995
0.8780301503342401 0.382
0.8791869753017424 0.38149999999999995
0.8791869753017424 0.381
0.8791869753017424 0.38049999999999995
0.8803438002692447 0.38
0.8803438002692447 0.37949999999999995
0.881500625236747 0.379
0.881500625236747 0.37849999999999995
0.8849711001392538 0.378
0.8849711001392538 0.37749999999999995
0.8861279251067562 0.377
0.8861279251067562 0.37649999999999995
0.8884415750417607 0.376
0.8884415750417607 0.37549999999999994
0.889598400009263 0.375
0.889598400009263 0.37450000000000006
0.889598400009263 0.374
0.8907552249767653 0.37350000000000005
0.8907552249767653 0.373
0.8907552249767653 0.37250000000000005
0.8919120499442676 0.372
0.8919120499442676 0.37150000000000005
0.8930688749117699 0.371
0.8965393498142767 0.37050000000000005
0.8965393498142767 0.37
0.9000098247167837 0.36950000000000005
0.9000098247167837 0.369
0.901166649684286 0.36850000000000005
0.901166649684286 0.368
0.901166649684286 0.36750000000000005
0.901166649684286 0.367
0.9023234746517883 0.36650000000000005
0.9023234746517883 0.366
0.9023234746517883 0.36550000000000005
0.9023234746517883 0.365
0.9046371245867928 0.36450000000000005
0.9057939495542952 0.364
0.9057939495542952 0.36350000000000005
0.9057939495542952 0.363
0.9057939495542952 0.36250000000000004
0.9069507745217974 0.362
0.9081075994892998 0.36150000000000004
0.9081075994892998 0.361
0.9081075994892998 0.36050000000000004
0.9104212494243044 0.36
0.9115780743918066 0.35950000000000004
0.9150485492943135 0.359
0.9150485492943135 0.35850000000000004
0.9150485492943135 0.358
0.9150485492943135 0.35750000000000004
0.9150485492943135 0.357
0.9162053742618158 0.35650000000000004
0.9162053742618158 0.356
0.917362199229318 0.35550000000000004
0.917362199229318 0.355
0.917362199229318 0.35450000000000004
0.9196758491643227 0.354
0.9196758491643227 0.35350000000000004
0.9231463240668295 0.353
0.9231463240668295 0.35250000000000004
0.9231463240668295 0.352
0.9231463240668295 0.35150000000000003
0.9231463240668295 0.351
0.9254599740018341 0.35050000000000003
0.9266167989693364 0.35
0.9266167989693364 0.34950000000000003
0.928930448904341 0.349
0.928930448904341 0.34850000000000003
0.9312440988393456 0.348
0.9312440988393456 0.34750000000000003
0.9324009238068479 0.347
0.9324009238068479 0.34650000000000003
0.9324009238068479 0.346
0.9347145737418524 0.34550000000000003
0.9358713987093548 0.345
0.9358713987093548 0.34450000000000003
0.9358713987093548 0.344
0.9358713987093548 0.3435
0.9381850486443594 0.34299999999999997
0.9393418736118616 0.3425
0.9393418736118616 0.34199999999999997
0.9404986985793639 0.3415
0.9404986985793639 0.34099999999999997
0.9416555235468662 0.3405
0.9416555235468662 0.33999999999999997
0.9416555235468662 0.3395
0.9451259984493731 0.33899999999999997
0.9451259984493731 0.3385
0.9451259984493731 0.33799999999999997
0.9462828234168754 0.3375
0.9462828234168754 0.33699999999999997
0.9474396483843777 0.3365
0.9474396483843777 0.33599999999999997
0.9497532983193823 0.3355
0.9509101232868845 0.33499999999999996
0.9509101232868845 0.3345
0.9509101232868845 0.33399999999999996
0.9532237732218891 0.3335
0.9543805981893915 0.33299999999999996
0.9543805981893915 0.3325
0.9555374231568937 0.33199999999999996
0.9555374231568937 0.3315
0.956694248124396 0.33099999999999996
0.956694248124396 0.3305
0.9578510730918983 0.32999999999999996
0.9590078980594006 0.3295
0.9590078980594006 0.32899999999999996
0.9613215479944052 0.3285
0.9624783729619075 0.32799999999999996
0.9624783729619075 0.3275
0.9624783729619075 0.32699999999999996
0.9624783729619075 0.3265
0.9624783729619075 0.32599999999999996
0.9636351979294098 0.3255
0.9659488478644144 0.32499999999999996
0.9659488478644144 0.3245
0.9671056728319166 0.32399999999999995
0.9671056728319166 0.3235
0.968262497799419 0.32299999999999995
0.9694193227669212 0.3225
0.9705761477344235 0.32199999999999995
0.9705761477344235 0.3215
0.9705761477344235 0.32099999999999995
0.9717329727019258 0.3205
0.9728897976694281 0.31999999999999995
0.9728897976694281 0.3195
0.9740466226369304 0.31899999999999995
0.9740466226369304 0.3185
0.9740466226369304 0.31799999999999995
0.976360272571935 0.3175
0.976360272571935 0.31699999999999995
0.9786739225069395 0.3165
0.9786739225069395 0.31599999999999995
0.9798307474744419 0.3155
0.9798307474744419 0.31499999999999995
0.9809875724419441 0.3145
0.9809875724419441 0.31399999999999995
0.9821443974094465 0.3135
0.9833012223769487 0.31299999999999994
0.9833012223769487 0.3125
0.9856148723119533 0.31200000000000006
0.9867716972794556 0.3115
0.9890853472144602 0.31100000000000005
0.9902421721819625 0.3105
0.9925558221169671 0.31000000000000005
0.9925558221169671 0.3095
0.9925558221169671 0.30900000000000005
0.9937126470844694 0.3085
0.9937126470844694 0.30800000000000005
0.9937126470844694 0.3075
0.9948694720519716 0.30700000000000005
0.9948694720519716 0.3065
0.9948694720519716 0.30600000000000005
0.9948694720519716 0.3055
0.9948694720519716 0.30500000000000005
0.996026297019474 0.3045
1.0006535968894832 0.30400000000000005
1.0018104218569854 0.3035
1.0018104218569854 0.30300000000000005
1.0018104218569854 0.3025
1.0018104218569854 0.30200000000000005
1.0029672468244877 0.3015
1.00412407179199 0.30100000000000005
1.0064377217269946 0.3005
1.0075945466944969 0.30000000000000004
1.0099081966295014 0.2995
1.012221846564506 0.29900000000000004
1.012221846564506 0.2985
1.0133786715320083 0.29800000000000004
1.0145354964995106 0.2975
1.0145354964995106 0.29700000000000004
1.0145354964995106 0.2965
1.0145354964995106 0.29600000000000004
1.0191627963695198 0.2955
1.0191627963695198 0.29500000000000004
1.0214764463045245 0.2945
1.0214764463045245 0.29400000000000004
1.0214764463045245 0.2935
1.0214764463045245 0.29300000000000004
1.023790096239529 0.2925
1.0249469212070312 0.29200000000000004
1.0261037461745335 0.2915
1.027260571142036 0.29100000000000004
1.0284173961095382 0.2905
1.0284173961095382 0.29000000000000004
1.0284173961095382 0.2895
1.0284173961095382 0.28900000000000003
1.0295742210770404 0.2885
1.0307310460445427 0.28800000000000003
1.031887871012045 0.2875
1.031887871012045 0.28700000000000003
1.0330446959795474 0.2865
1.0330446959795474 0.28600000000000003
1.0342015209470496 0.2855
1.0342015209470496 0.28500000000000003
1.035358345914552 0.2845
1.035358345914552 0.28400000000000003
1.035358345914552 0.2835
1.035358345914552 0.28300000000000003
1.0365151708820541 0.2825
1.0376719958495564 0.28200000000000003
1.0376719958495564 0.2815
1.039985645784561 0.281
1.0411424707520633 0.28049999999999997
1.0422992957195656 0.28
1.043456120687068 0.27949999999999997
1.043456120687068 0.279
1.043456120687068 0.27849999999999997
1.0446129456545703 0.278
1.0457697706220725 0.27749999999999997
1.0457697706220725 0.277
1.0469265955895748 0.27649999999999997
1.048083420557077 0.276
1.0492402455245795 0.27549999999999997
1.0503970704920818 0.275
1.051553895459584 0.27449999999999997
1.0573380202970954 0.274
1.0573380202970954 0.27349999999999997
1.0584948452645977 0.273
1.0596516702321002 0.27249999999999996
1.063122145134607 0.272
1.063122145134607 0.27149999999999996
1.0654357950696116 0.271
1.0654357950696116 0.27049999999999996
1.071219919907123 0.27
1.071219919907123 0.26949999999999996
1.0723767448746253 0.269
1.0723767448746253 0.26849999999999996
1.0781608697121368 0.268
1.0781608697121368 0.26749999999999996
1.0816313446146437 0.267
1.0816313446146437 0.26649999999999996
1.0862586444846527 0.266
1.0862586444846527 0.26549999999999996
1.0862586444846527 0.265
1.0874154694521552 0.26449999999999996
1.0874154694521552 0.264
1.0897291193871597 0.26349999999999996
1.0897291193871597 0.263
1.0897291193871597 0.26249999999999996
1.0897291193871597 0.262
1.0897291193871597 0.26149999999999995
1.090885944354662 0.261
1.090885944354662 0.26049999999999995
1.090885944354662 0.26
1.090885944354662 0.25949999999999995
1.0931995942896666 0.259
1.0943564192571689 0.25849999999999995
1.0943564192571689 0.258
1.0955132442246711 0.25749999999999995
1.0978268941596756 0.257
1.098983719127178 0.25649999999999995
1.1001405440946803 0.256
1.1001405440946803 0.25549999999999995
1.1012973690621826 0.255
1.1036110189971873 0.25449999999999995
1.1047678439646895 0.254
1.107081493899694 0.25349999999999995
1.1082383188671963 0.253
1.1093951438346987 0.25249999999999995
1.1093951438346987 0.252
1.110551968802201 0.25149999999999995
1.110551968802201 0.251
1.1117087937697032 0.25049999999999994
1.1128656187372055 0.25
1.1151792686722102 0.24950000000000006
1.1151792686722102 0.249
1.1163360936397124 0.24850000000000005
1.118649743574717 0.248
1.118649743574717 0.24750000000000005
1.1221202184772239 0.247
1.1221202184772239 0.24650000000000005
1.1232770434447261 0.246
1.1232770434447261 0.24550000000000005
1.126747518347233 0.245
1.1279043433147353 0.24450000000000005
1.1279043433147353 0.244
1.1302179932497398 0.24350000000000005
1.1325316431847445 0.243
1.1325316431847445 0.24250000000000005
1.134845293119749 0.242
1.134845293119749 0.24150000000000005
1.141786242924763 0.241
1.146413542794772 0.24050000000000005
1.1487271927297766 0.24
1.1498840176972789 0.23950000000000005
1.1510408426647811 0.239
1.1510408426647811 0.23850000000000005
1.1521976676322834 0.238
1.1521976676322834 0.23750000000000004
1.1521976676322834 0.237
1.1533544925997858 0.23650000000000004
1.1556681425347903 0.236
1.1591386174372973 0.23550000000000004
1.1614522673723018 0.235
1.162609092339804 0.23450000000000004
1.1637659173073065 0.23399999999999999
1.1637659173073065 0.23350000000000004
1.1649227422748087 0.23299999999999998
1.1649227422748087 0.23250000000000004
1.166079567242311 0.23199999999999998
1.1672363922098132 0.23150000000000004
1.1683932171773155 0.23099999999999998
1.1718636920798224 0.23050000000000004
1.1730205170473247 0.22999999999999998
1.174177342014827 0.22950000000000004
1.174177342014827 0.22899999999999998
1.1764909919498316 0.22850000000000004
1.1788046418848361 0.22799999999999998
1.1799614668523384 0.22750000000000004
1.1799614668523384 0.22699999999999998
1.1811182918198408 0.22650000000000003
1.182275116787343 0.22599999999999998
1.1845887667223476 0.22550000000000003
1.1845887667223476 0.22499999999999998
1.18574559168985 0.22450000000000003
1.18574559168985 0.22399999999999998
1.18574559168985 0.22350000000000003
1.1880592416248545 0.22299999999999998
1.1880592416248545 0.22250000000000003
1.1880592416248545 0.22199999999999998
1.1926865414948638 0.22150000000000003
1.1926865414948638 0.22099999999999997
1.193843366462366 0.22050000000000003
1.1961570163973705 0.21999999999999997
1.197313841364873 0.21950000000000003
1.1984706663323752 0.21899999999999997
1.1984706663323752 0.21850000000000003
1.1996274912998774 0.21799999999999997
1.1996274912998774 0.21750000000000003
1.2007843162673797 0.21699999999999997
1.201941141234882 0.21650000000000003
1.2030979662023844 0.21599999999999997
1.205411616137389 0.21550000000000002
1.2077252660723936 0.21499999999999997
1.2088820910398959 0.21450000000000002
1.2123525659424026 0.21399999999999997
1.2123525659424026 0.21350000000000002
1.213509390909905 0.21299999999999997
1.2146662158774073 0.21250000000000002
1.2158230408449096 0.21199999999999997
1.2169798658124118 0.21150000000000002
1.218136690779914 0.21099999999999997
1.2262344655524302 0.21050000000000002
1.2262344655524302 0.20999999999999996
1.2262344655524302 0.20950000000000002
1.2285481154874347 0.20899999999999996
1.2285481154874347 0.20850000000000002
1.2285481154874347 0.20799999999999996
1.2308617654224394 0.20750000000000002
1.2320185903899417 0.20699999999999996
1.2343322403249462 0.20650000000000002
1.2343322403249462 0.20599999999999996
1.2366458902599509 0.20550000000000002
1.2401163651624576 0.20499999999999996
1.2435868400649646 0.20450000000000002
1.2447436650324668 0.20399999999999996
1.2459004899999693 0.20350000000000001
1.2470573149674715 0.20299999999999996
1.2470573149674715 0.2025
1.2482141399349738 0.20199999999999996
1.2482141399349738 0.2015
1.2482141399349738 0.20099999999999996
1.2482141399349738 0.2005
1.2505277898699783 0.19999999999999996
1.252841439804983 0.1995
1.2563119147074897 0.19899999999999995
1.2574687396749922 0.1985
1.2574687396749922 0.19799999999999995
1.2644096894800059 0.1975
1.2644096894800059 0.19699999999999995
1.2655665144475081 0.1965
1.2667233394150104 0.19599999999999995
1.2713506392850196 0.1955
1.2713506392850196 0.19499999999999995
1.2713506392850196 0.1945
1.2736642892200243 0.19399999999999995
1.2736642892200243 0.1935
1.2748211141875265 0.19299999999999995
1.2759779391550288 0.1925
1.277134764122531 0.19199999999999995
1.280605239025038 0.1915
1.2829188889600425 0.19099999999999995
1.2875461888300517 0.1905
1.2875461888300517 0.18999999999999995
1.2921734887000609 0.1895
1.2921734887000609 0.18899999999999995
1.2933303136675631 0.1885
1.29680078857007 0.18799999999999994
1.3060553883100885 0.1875
1.3060553883100885 0.18700000000000006
1.3060553883100885 0.1865
1.3072122132775907 0.18600000000000005
1.3095258632125952 0.1855
1.3095258632125952 0.18500000000000005
1.3129963381151022 0.1845
1.3153099880501067 0.18400000000000005
1.316466813017609 0.1835
1.316466813017609 0.18300000000000005
1.3176236379851114 0.1825
1.3176236379851114 0.18200000000000005
1.3210941128876181 0.1815
1.3210941128876181 0.18100000000000005
1.3210941128876181 0.1805
1.3222509378551204 0.18000000000000005
1.3222509378551204 0.1795
1.324564587790125 0.17900000000000005
1.3257214127576273 0.1785
1.3303487126276365 0.17800000000000005
1.3315055375951388 0.1775
1.3349760124976457 0.17700000000000005
1.336132837465148 0.1765
1.339603312367655 0.17600000000000005
1.344230612237664 0.1755
1.3511715620426779 0.17500000000000004
1.3511715620426779 0.1745
1.35232838701018 0.17400000000000004
1.3534852119776823 0.1735
1.3534852119776823 0.17300000000000004
1.3581125118476916 0.1725
1.3581125118476916 0.17200000000000004
1.3581125118476916 0.17149999999999999
1.3592693368151938 0.17100000000000004
1.3592693368151938 0.17049999999999998
1.360426161782696 0.17000000000000004
1.3650534616527052 0.16949999999999998
1.36736711158771 0.16900000000000004
1.36736711158771 0.16849999999999998
1.3731512364252214 0.16800000000000004
1.3743080613927237 0.16749999999999998
1.375464886360226 0.16700000000000004
1.3777785362952306 0.16649999999999998
1.3789353612627329 0.16600000000000004
1.383562661132742 0.16549999999999998
1.383562661132742 0.16500000000000004
1.383562661132742 0.16449999999999998
1.3858763110677466 0.16400000000000003
1.3858763110677466 0.16349999999999998
1.3881899610027513 0.16300000000000003
1.3893467859702535 0.16249999999999998
1.3905036109377558 0.16200000000000003
1.391660435905258 0.16149999999999998
1.391660435905258 0.16100000000000003
1.3939740858402627 0.16049999999999998
1.3939740858402627 0.16000000000000003
1.395130910807765 0.15949999999999998
1.3962877357752672 0.15900000000000003
1.3974445607427695 0.15849999999999997
1.3986013857102717 0.15800000000000003
1.3997582106777742 0.15749999999999997
1.3997582106777742 0.15700000000000003
1.4020718606127787 0.15649999999999997
1.403228685580281 0.15600000000000003
1.4043855105477832 0.15549999999999997
1.4066991604827879 0.15500000000000003
1.4078559854502901 0.15449999999999997
1.4078559854502901 0.15400000000000003
1.411326460352797 0.15349999999999997
1.4124832853202993 0.15300000000000002
1.4136401102878016 0.15249999999999997
1.4171105851903085 0.15200000000000002
1.4171105851903085 0.15149999999999997
1.4182674101578108 0.15100000000000002
1.419424235125313 0.15049999999999997
1.419424235125313 0.15000000000000002
1.4205810600928153 0.14949999999999997
1.4240515349953222 0.14900000000000002
1.4252083599628245 0.14849999999999997
1.4252083599628245 0.14800000000000002
1.4263651849303267 0.14749999999999996
1.4275220098978292 0.14700000000000002
1.4298356598328337 0.14649999999999996
1.4298356598328337 0.14600000000000002
1.4321493097678384 0.14549999999999996
1.4344629597028429 0.14500000000000002
1.4367766096378474 0.14449999999999996
1.4414039095078566 0.14400000000000002
1.4460312093778658 0.14349999999999996
1.4460312093778658 0.14300000000000002
1.4460312093778658 0.14249999999999996
1.4552858091178842 0.14200000000000002
1.4564426340853864 0.14149999999999996
1.458756284020391 0.14100000000000001
1.4599131089878934 0.14049999999999996
1.4633835838904001 0.14
1.4633835838904001 0.13949999999999996
1.4633835838904001 0.139
1.4714813586629163 0.13849999999999996
1.4737950085979208 0.138
1.4795791334354322 0.13749999999999996
1.4807359584029345 0.137
1.481892783370437 0.13649999999999995
1.486520083240446 0.136
1.486520083240446 0.13549999999999995
1.494617858012962 0.135
1.494617858012962 0.13449999999999995
1.494617858012962 0.134
1.4957746829804643 0.13349999999999995
1.5015588078179758 0.133
1.502715632785478 0.13249999999999995
1.5038724577529805 0.132
1.5050292827204828 0.13149999999999995
1.5050292827204828 0.131
1.506186107687985 0.13049999999999995
1.5073429326554872 0.13
1.5073429326554872 0.12949999999999995
1.509656582590492 0.129
1.5119702325254964 0.12849999999999995
1.5165975323955057 0.128
1.5293226070380308 0.12749999999999995
1.5316362569730355 0.127
1.5327930819405378 0.12649999999999995
1.53394990690804 0.126
1.5385772067780492 0.12549999999999994
1.5478318065180676 0.125
1.5489886314855699 0.12450000000000006
1.5489886314855699 0.124
1.5489886314855699 0.12350000000000005
1.5501454564530721 0.123
1.5513022814205744 0.12250000000000005
1.5513022814205744 0.122
1.5513022814205744 0.12150000000000005
1.5559295812905836 0.121
1.5559295812905836 0.12050000000000005
1.5570864062580858 0.12
1.5686546559331087 0.11950000000000005
1.5779092556731271 0.119
1.5790660806406294 0.11850000000000005
1.5825365555431363 0.118
1.5848502054781408 0.11750000000000005
1.5871638554131455 0.11699999999999999
1.58947750534815 0.11650000000000005
1.58947750534815 0.11599999999999999
1.5917911552831547 0.11550000000000005
1.5917911552831547 0.11499999999999999
1.592947980250657 0.11450000000000005
1.5941048052181592 0.11399999999999999
1.596418455153164 0.11350000000000005
1.5987321050881684 0.11299999999999999
1.6022025799906754 0.11250000000000004
1.6033594049581776 0.11199999999999999
1.6033594049581776 0.11150000000000004
1.6045162299256799 0.11099999999999999
1.6056730548931821 0.11050000000000004
1.6079867048281868 0.10999999999999999
1.609143529795689 0.10950000000000004
1.609143529795689 0.10899999999999999
1.6126140046981958 0.10850000000000004
1.617241304568205 0.10799999999999998
1.6183981295357075 0.10750000000000004
1.6195549545032097 0.10699999999999998
1.620711779470712 0.10650000000000004
1.6218686044382142 0.10599999999999998
1.6276527292757257 0.10550000000000004
1.632280029145735 0.10499999999999998
1.632280029145735 0.10450000000000004
1.6334368541132371 0.10399999999999998
1.6357505040482418 0.10350000000000004
1.636907329015744 0.10299999999999998
1.636907329015744 0.10250000000000004
1.6392209789507486 0.10199999999999998
1.6392209789507486 0.10150000000000003
1.6415346288857533 0.10099999999999998
1.6473187537232648 0.10050000000000003
1.6496324036582692 0.09999999999999998
1.6507892286257715 0.09950000000000003
1.6565733534632832 0.09899999999999998
1.6577301784307854 0.09850000000000003
1.6588870033982877 0.09799999999999998
1.6588870033982877 0.09750000000000003
1.66004382836579 0.09699999999999998
1.6635143032682969 0.09650000000000003
1.664671128235799 0.09599999999999997
1.6658279532033013 0.09550000000000003
1.668141603138306 0.09499999999999997
1.6692984281058083 0.09450000000000003
1.6704552530733106 0.09399999999999997
1.6750825529433198 0.09350000000000003
1.6808666777808312 0.09299999999999997
1.6808666777808312 0.09250000000000003
1.6808666777808312 0.09199999999999997
1.6808666777808312 0.09150000000000003
1.6820235027483335 0.09099999999999997
1.6831803277158357 0.09050000000000002
1.6831803277158357 0.08999999999999997
1.6854939776508404 0.08950000000000002
1.6889644525533472 0.08899999999999997
1.6912781024883519 0.08850000000000002
1.695905402358361 0.08799999999999997
1.695905402358361 0.08750000000000002
1.6982190522933656 0.08699999999999997
1.7005327022283703 0.08650000000000002
1.7016895271958725 0.08599999999999997
1.7097873019683885 0.08550000000000002
1.7155714268059 0.08499999999999996
1.7201987266759091 0.08450000000000002
1.7201987266759091 0.08399999999999996
1.7259828515134206 0.08350000000000002
1.735237451253439 0.08299999999999996
1.7363942762209412 0.08250000000000002
1.7363942762209412 0.08199999999999996
1.7410215760909504 0.08150000000000002
1.7421784010584527 0.08099999999999996
1.7444920509934574 0.08050000000000002
1.7479625258959641 0.07999999999999996
1.7525898257659733 0.07950000000000002
1.7583739506034848 0.07899999999999996
1.7583739506034848 0.07850000000000001
1.7641580754409962 0.07799999999999996
1.766471725376001 0.07750000000000001
1.766471725376001 0.07699999999999996
1.77109902524601 0.07650000000000001
1.7722558502135124 0.07599999999999996
1.7734126751810146 0.07550000000000001
1.7734126751810146 0.07499999999999996
1.7768831500835214 0.07450000000000001
1.7849809248560375 0.07399999999999995
1.790765049693549 0.07350000000000001
1.794235524596056 0.07299999999999995
1.798862824466065 0.07250000000000001
1.8266266236861202 0.07199999999999995
1.8277834486536224 0.07150000000000001
1.8289402736211247 0.07099999999999995
1.8312539235561291 0.07050000000000001
1.834724398458636 0.06999999999999995
1.834724398458636 0.0695
1.8416653482636498 0.06899999999999995
1.8451358231661568 0.0685
1.8613313727111889 0.06799999999999995
1.8613313727111889 0.0675
1.8636450226461934 0.06699999999999995
1.865958672581198 0.0665
1.8705859724512073 0.06599999999999995
1.8705859724512073 0.0655
1.8717427974187095 0.06499999999999995
1.874056447353714 0.0645
1.874056447353714 0.06399999999999995
1.8752132723212163 0.0635
1.8902519968987461 0.06299999999999994
1.8914088218662484 0.0625
1.8914088218662484 0.062000000000000055
1.8995065966387645 0.0615
1.905290721476276 0.061000000000000054
1.905290721476276 0.0605
1.9099180213462852 0.06000000000000005
1.9099180213462852 0.0595
1.9145453212162944 0.05900000000000005
1.9203294460538058 0.058499999999999996
1.9203294460538058 0.05800000000000005
1.921486271021308 0.057499999999999996
1.9237999209563126 0.05700000000000005
1.9261135708913173 0.056499999999999995
1.9342113456638332 0.05600000000000005
1.9353681706313355 0.055499999999999994
1.9353681706313355 0.05500000000000005
1.936524995598838 0.05449999999999999
1.944622770371354 0.05400000000000005
1.9480932452738609 0.05349999999999999
1.9504068952088653 0.05300000000000005
1.9504068952088653 0.05249999999999999
1.957347845013879 0.052000000000000046
1.9596614949488838 0.05149999999999999
1.9654456197863952 0.051000000000000045
1.9677592697213997 0.05049999999999999
1.9747002195264136 0.050000000000000044
1.9839548192664318 0.04949999999999999
1.988582119136441 0.049000000000000044
1.988582119136441 0.04849999999999999
1.9943662439739525 0.04800000000000004
1.9955230689414547 0.04749999999999999
2.0024640187464686 0.04700000000000004
2.003620843713971 0.046499999999999986
2.0070913186164776 0.04600000000000004
2.0128754434539893 0.045499999999999985
2.0140322684214915 0.04500000000000004
2.0186595682915005 0.044499999999999984
2.0256005180965144 0.04400000000000004
2.0256005180965144 0.04349999999999998
2.0313846429340257 0.04300000000000004
2.0325414679015283 0.04249999999999998
2.0371687677715373 0.04200000000000004
2.0464233675115557 0.04149999999999998
2.0464233675115557 0.041000000000000036
2.047580192479058 0.04049999999999998
2.0487370174465602 0.040000000000000036
2.053364317316569 0.03949999999999998
2.0579916171865786 0.039000000000000035
2.07881446660162 0.03849999999999998
2.083441766471629 0.038000000000000034
2.084598591439131 0.03749999999999998
2.0938531911791496 0.03700000000000003
2.0996373160166613 0.03649999999999998
2.110048740724182 0.03600000000000003
2.1285579402042183 0.035499999999999976
2.1308715901392232 0.03500000000000003
2.1320284151067255 0.034499999999999975
2.1320284151067255 0.03400000000000003
2.1378125399442367 0.033499999999999974
2.138969364911739 0.03300000000000003
2.145910314716753 0.03249999999999997
2.147067139684255 0.03200000000000003
2.151694439554264 0.03149999999999997
2.158635389359278 0.031000000000000028
2.1632626892292874 0.03049999999999997
2.1875560135468355 0.030000000000000027
2.2072220379943746 0.02949999999999997
2.2176334627018948 0.029000000000000026
2.2349858372144293 0.02849999999999997
2.24539726192195 0.028000000000000025
2.2546518616619684 0.02749999999999997
2.2558086866294706 0.027000000000000024
2.268533761271996 0.026499999999999968
2.2708474112070003 0.026000000000000023
2.2743178861095075 0.025499999999999967
2.2789451859795165 0.025000000000000022
2.284729310817028 0.024499999999999966
2.289356610687037 0.02400000000000002
2.2916702606220416 0.023499999999999965
2.309022635134576 0.02300000000000002
2.309022635134576 0.022499999999999964
2.3113362850695807 0.02200000000000002
2.3159635849395896 0.021499999999999964
2.3344727844196265 0.02100000000000002
2.340256909257138 0.020499999999999963
2.3471978590621516 0.020000000000000018
2.3587661087371745 0.019499999999999962
2.3819026080872203 0.019000000000000017
2.3853730829897275 0.01849999999999996
2.3865299079572297 0.018000000000000016
2.387686732924732 0.01749999999999996
2.403882282469764 0.017000000000000015
2.436273381559828 0.01649999999999996
2.4455279812998465 0.016000000000000014
2.450155281169856 0.015499999999999958
2.4536257560723627 0.015000000000000013
2.455939406007367 0.014499999999999957
2.46750765568239 0.014000000000000012
2.4721349555523995 0.013499999999999956
2.4721349555523995 0.013000000000000012
2.5045260546424637 0.012499999999999956
2.521878429154998 0.01200000000000001
2.529976203927514 0.011499999999999955
2.5519558783100575 0.01100000000000001
2.57856285256261 0.010499999999999954
2.5959152270751447 0.010000000000000009
2.6317768010677156 0.009499999999999953
2.6317768010677156 0.009000000000000008
2.6780497997678077 0.008499999999999952
2.700029474150351 0.008000000000000007
2.7451456478829406 0.007499999999999951
2.759027547492968 0.007000000000000006
2.8180256208355847 0.00649999999999995
2.821496095738092 0.006000000000000005
2.822652920705594 0.005499999999999949
2.865455444503179 0.0050000000000000044
2.9973334907984404 0.0044999999999999485
3.0644293389135733 0.0040000000000000036
3.161602636183766 0.0034999999999999476
3.2448940338439307 0.0030000000000000027
3.3941244546517266 0.0024999999999999467
3.4242019038067864 0.0020000000000000018
3.805954143082543 0.0014999999999999458
3.9632823386628546 0.0010000000000000009
4.085905785218098 0.0004999999999999449
